0.139586,-0.204916,-0.968775,0.494504,0.862047,-0.11109,0.857894,-0.463556,0.221661,61.923439,-0.89448,0.276936,-0.351016,308.098633,23.266331,75.450706,1.393212,0.0,-0.352077,-0.92018,0.171202,18.193586,163.424942,1.421534,17.123802,8.584213,7.629264,87.170685,46.238831,0.387363,4.422709,86.190018,143.172836,18.114277
0.131903,-0.212459,-0.968227,0.493591,0.861135,-0.121717,0.859633,-0.461853,0.218454,61.923439,-0.890957,0.291866,-0.347864,308.022156,22.73982,74.486191,1.22024,0.0,-0.367371,-0.913575,0.174408,17.88261,163.436386,1.538191,-35.727974,1.313302,13.402758,87.170685,49.866264,0.250144,4.431413,85.663582,142.205765,17.979332
0.126883,-0.2203,-0.967145,0.488699,0.86236,-0.132318,0.863177,-0.455854,0.217079,61.923439,-0.891376,0.29874,-0.340887,308.361511,23.546915,73.856026,1.074386,0.0,-0.37356,-0.910131,0.179207,17.304733,163.093414,1.748101,-66.729561,-39.603096,24.238977,87.170685,52.847649,0.118258,4.440073,85.086433,141.461136,17.704899
0.120618,-0.22902,-0.96592,0.483648,0.863287,-0.144291,0.866912,-0.449761,0.214893,61.923439,-0.895026,0.296605,-0.333098,308.781647,24.700624,72.977692,0.929069,0.0,-0.371498,-0.909045,0.188751,16.579885,162.51796,1.990197,-84.579552,-67.147087,28.249235,87.170685,54.827492,0.024008,4.448643,84.540413,141.038864,17.392105
0.109223,-0.240912,-0.964382,0.481314,0.861683,-0.160745,0.869717,-0.446613,0.21007,61.923439,-0.899117,0.292248,-0.325853,308.962006,24.928495,71.598923,0.728066,0.0,-0.368789,-0.906777,0.20433,15.843503,161.719131,2.418505,-84.787933,-91.979591,49.315849,87.170685,55.873009,0.023057,4.457328,83.995155,140.452393,17.260914
0.09371,-0.25671,-0.961935,0.481953,0.857131,-0.18179,0.871172,-0.446572,0.204044,61.923439,-0.903134,0.287334,-0.319044,308.831604,24.228022,70.036621,0.534168,0.0,-0.366816,-0.902544,0.225524,15.16895,160.84404,2.968558,-77.233025,-100.193016,62.978329,87.170685,56.388641,0.017317,4.466062,83.488525,139.741211,17.257277
0.075884,-0.269353,-0.960047,0.484587,0.851437,-0.200578,0.871446,-0.450005,0.195135,61.923439,-0.90282,0.291515,-0.316126,308.420685,22.12027,68.009331,0.354579,0.0,-0.373914,-0.895254,0.2423,14.750395,160.069931,3.564551,-48.253918,-89.244476,68.710289,87.170685,57.435329,0.0,4.474736,83.006699,138.521698,17.534462
0.062196,-0.274635,-0.959535,0.491954,0.844929,-0.209944,0.868397,-0.458989,0.187659,61.923439,-0.903832,0.290336,-0.314313,307.32077,18.79669,66.435707,0.23435,0.0,-0.374782,-0.891605,0.254125,14.435908,159.187225,4.141837,-36.436844,-102.271065,66.885239,87.170685,61.15686,0.0,4.483367,82.695412,137.521881,17.894577
0.054897,-0.275329,-0.959781,0.501823,0.838621,-0.211869,0.863227,-0.470009,0.184204,61.923439,-0.905661,0.287922,-0.311255,305.91095,15.137805,66.025681,0.180952,0.0,-0.372672,-0.890654,0.26048,14.330776,158.38501,4.868793,-12.135835,-92.603928,83.915031,87.170685,65.480217,0.0,4.49203,82.62291,136.713455,18.378172
0.055568,-0.27405,-0.960109,0.507508,0.835863,-0.209212,0.859854,-0.475637,0.18553,61.923439,-0.905409,0.29294,-0.307278,304.812347,12.497023,66.744888,0.171859,0.0,-0.375642,-0.890027,0.258351,14.177368,157.553558,5.48441,-17.442675,-94.535263,69.996269,87.170685,70.055389,0.0,4.500825,82.396873,135.528488,18.754494
0.060526,-0.272018,-0.960387,0.512931,0.833873,-0.203858,0.856294,-0.480273,0.189997,61.923439,-0.902499,0.302457,-0.306619,303.636169,10.160355,68.336349,0.177735,0.0,-0.383413,-0.888509,0.252083,14.126365,157.027863,5.90504,-5.993249,-61.775322,49.427711,87.170685,73.830414,0.0,4.509335,82.141525,134.391022,19.190363
0.064293,-0.273336,-0.959768,0.522949,0.828355,-0.200879,0.849935,-0.488995,0.196199,61.923439,-0.899928,0.310328,-0.306309,301.847748,7.080737,70.383896,0.177407,0.0,-0.39068,-0.885828,0.250355,14.198863,156.793686,6.300806,8.27695,-26.735579,45.183895,87.170685,76.179466,0.0,4.518094,81.997734,133.567398,19.633825
0.080913,-0.281023,-0.956284,0.520021,0.830401,-0.20003,0.850312,-0.481103,0.213328,61.923439,-0.899054,0.321647,-0.297061,301.562225,8.397569,74.570435,0.134089,0.0,-0.397214,-0.884595,0.24436,13.935308,156.629929,6.469813,-30.317982,-18.837795,19.441818,87.170685,77.117546,0.0,4.526787,81.614754,132.84288,19.389469
0.101249,-0.289291,-0.951871,0.508182,0.837585,-0.200503,0.855277,-0.463423,0.231818,61.923439,-0.896838,0.335236,-0.288616,302.403107,12.412232,79.18222,0.116442,0.0,-0.405955,-0.882916,0.235923,13.634268,156.659653,6.641277,-34.511192,3.407513,19.656546,87.170685,77.619576,0.0,4.53551,81.171356,132.28447,19.218714
0.12166,-0.29109,-0.948929,0.494802,0.846556,-0.196249,0.860448,-0.445656,0.247024,61.923439,-0.892844,0.352806,-0.279925,302.928772,16.214809,82.935066,0.130701,0.0,-0.417702,-0.881097,0.221796,13.046216,156.668961,6.836324,-67.584335,1.070973,22.416607,87.170685,77.878738,0.0,4.544211,80.359612,131.491104,19.03817
0.149022,-0.28645,-0.946435,0.477399,0.859028,-0.184826,0.865958,-0.424283,0.264765,61.923439,-0.889811,0.368196,-0.269568,303.882294,20.813032,87.346931,0.175641,0.0,-0.425918,-0.882154,0.200991,12.721154,156.306,7.093592,-38.3283,-42.797749,30.334625,87.170685,78.885315,0.0,4.552692,79.887833,130.56102,18.861017
0.175378,-0.287928,-0.941456,0.473738,0.862966,-0.175673,0.863026,-0.415195,0.287748,61.923439,-0.885693,0.3811,-0.265162,302.806335,22.74584,93.551453,0.251972,0.0,-0.435078,-0.880641,0.187557,12.667944,156.510666,7.363814,-6.046625,23.258522,30.706993,87.170685,78.163055,0.0,4.561492,79.570107,130.142899,19.120749
0.200776,-0.28381,-0.937625,0.477467,0.864087,-0.159309,0.855403,-0.415699,0.308997,61.923439,-0.883586,0.391476,-0.256949,300.724915,21.836832,99.040497,0.403427,0.0,-0.440157,-0.881598,0.170431,12.759073,156.249619,7.614048,10.627395,-30.442846,29.18178,87.170685,77.019257,0.0,4.570067,79.460564,129.364395,19.113186
0.217607,-0.267391,-0.938696,0.494626,0.859311,-0.130114,0.841423,-0.435989,0.319251,61.923439,-0.883209,0.396318,-0.250749,297.112152,16.262531,101.716354,0.494043,0.0,-0.439282,-0.886344,0.146377,12.893211,156.24173,7.855254,15.475033,-0.911204,27.827209,87.170685,75.075516,0.0,4.578735,79.464066,129.038422,19.136843
0.233233,-0.224426,-0.946169,0.511623,0.855765,-0.076866,0.826949,-0.466153,0.314414,61.923439,-0.888081,0.393704,-0.237296,293.240417,9.031975,99.962524,0.538389,0.0,-0.425621,-0.899258,0.100905,12.585071,156.561584,8.112243,-35.236191,36.576046,29.386988,87.170685,73.098732,0.032457,4.58748,79.336243,129.610367,18.634001
0.237414,-0.190544,-0.952537,0.522069,0.851951,-0.040301,0.819194,-0.487722,0.301742,61.923439,-0.893754,0.390905,-0.219993,290.847534,4.426637,95.675827,0.604395,0.0,-0.413845,-0.907784,0.068268,11.964715,157.275894,8.220374,-70.263428,80.904633,12.247258,87.170685,71.581726,0.202375,4.596309,78.949287,130.584122,17.62525
0.230447,-0.178051,-0.956657,0.528552,0.848351,-0.030571,0.817023,-0.498597,0.289609,61.923439,-0.898974,0.388314,-0.202627,289.747803,2.692789,91.281471,0.625786,0.0,-0.407097,-0.91145,0.059426,11.225218,158.179535,8.160847,-87.379959,106.775909,-7.033839,87.170685,71.719597,0.288135,4.604772,78.411026,131.663361,16.369295
0.2202,-0.185859,-0.957585,0.526984,0.848758,-0.043555,0.820853,-0.495041,0.284841,61.923439,-0.907503,0.377013,-0.185202,290.424194,5.069298,88.848122,0.639085,0.0,-0.395177,-0.915764,0.072187,10.520146,158.905472,8.161376,-81.108032,83.50827,0.060906,87.170685,72.320854,0.309586,4.613465,78.09687,133.120041,15.169245
0.199807,-0.220644,-0.954669,0.524961,0.846786,-0.085839,0.827341,-0.484013,0.285023,61.923439,-0.916668,0.359276,-0.175046,291.558197,9.486922,88.08123,0.689972,0.0,-0.381536,-0.917082,0.115717,9.557035,159.502853,8.137053,-110.906296,68.790092,-2.800926,87.170685,74.145439,0.333556,4.622149,77.552673,134.685043,14.355186
0.190105,-0.247178,-0.950138,0.513302,0.849998,-0.118424,0.836888,-0.465195,0.288466,61.923439,-0.92339,0.34372,-0.1709,293.817017,15.590122,88.467476,0.738832,0.0,-0.36895,-0.917593,0.147983,8.97562,159.770691,7.961353,-67.708771,31.191219,-20.461123,87.170685,75.727829,0.275575,4.630736,77.342072,135.920593,13.850886
0.19331,-0.257697,-0.946691,0.494728,0.858847,-0.132764,0.847276,-0.44269,0.293513,61.923439,-0.927848,0.331713,-0.170482,296.634338,22.985746,89.783569,0.714383,0.0,-0.358288,-0.919721,0.160446,8.787428,160.428955,7.98437,-21.076609,73.722672,2.577774,87.170685,76.483101,0.191727,4.639665,77.472366,137.494797,13.861423
0.199986,-0.270286,-0.941781,0.477436,0.866245,-0.147225,0.855605,-0.420197,0.302281,61.923439,-0.927741,0.331293,-0.171878,299.055237,29.960957,92.360771,0.638582,0.0,-0.359305,-0.917392,0.171148,8.997479,161.409515,8.147422,24.255444,113.229469,18.828161,87.170685,77.414574,0.157101,4.648325,77.738625,138.652023,14.170772
0.220146,-0.26484,-0.938827,0.455715,0.878877,-0.141067,0.862473,-0.396782,0.314173,61.923439,-0.918548,0.352497,-0.178929,301.234711,35.559471,96.156464,0.510551,0.0,-0.380296,-0.911516,0.156565,9.778411,161.979599,8.258206,90.932877,66.380432,12.899847,87.170685,77.587631,0.151192,4.656913,78.141685,138.193771,14.890434
0.236085,-0.257853,-0.936897,0.442979,0.8867,-0.132413,0.864889,-0.383765,0.32356,61.923439,-0.907476,0.375402,-0.188574,302.051819,38.81855,99.175667,0.534115,0.0,-0.403303,-0.904157,0.140877,10.474531,163.128204,8.094426,80.513557,132.847549,-18.942898,87.170685,76.902092,0.253659,4.665559,78.333717,138.085754,15.481581
0.250323,-0.24454,-0.93677,0.435983,0.892389,-0.116451,0.86444,-0.379266,0.330001,61.923439,-0.895751,0.398546,-0.196955,301.65863,39.739071,101.235107,0.531524,0.0,-0.425319,-0.897211,0.118811,10.755945,164.203293,7.819116,32.379902,123.702751,-31.677567,87.170685,75.508339,0.465175,4.67425,78.056709,137.842499,15.874848
0.257103,-0.239023,-0.936358,0.438331,0.892369,-0.107438,0.861257,-0.382812,0.334202,61.923439,-0.888484,0.412346,-0.201412,300.358948,38.7001,102.536949,0.691135,0.0,-0.438468,-0.892306,0.107407,10.664713,164.948853,7.669644,-10.649291,87.026184,-17.447378,87.170685,73.578796,0.799165,4.682817,77.580368,137.72084,16.09008
0.255773,-0.247268,-0.93458,0.447676,0.887129,-0.112195,0.856835,-0.389692,0.337599,61.923439,-0.886096,0.417555,-0.201202,298.796509,37.246704,103.289467,0.754636,0.0,-0.444414,-0.888674,0.112937,10.441101,165.728058,7.53907,-25.658268,89.409172,-14.982741,87.170685,71.642982,0.932999,4.691532,77.161774,138.047134,15.963737
0.256781,-0.24623,-0.934577,0.454626,0.884108,-0.108022,0.852865,-0.397145,0.338964,61.923439,-0.888269,0.415872,-0.195008,297.969604,35.727375,103.578163,0.842618,0.0,-0.441273,-0.890485,0.110977,10.58583,166.068466,7.846498,16.559305,38.948311,35.174931,87.170685,70.266159,0.987427,4.700272,77.361786,138.455536,15.899338
0.247819,-0.268787,-0.930773,0.46581,0.875462,-0.128792,0.849474,-0.401646,0.34216,61.923439,-0.882881,0.427401,-0.194551,296.641724,33.754128,104.245987,0.849059,0.0,-0.455226,-0.880665,0.131141,10.533535,166.208298,7.747899,-6.114845,16.351318,-11.529486,87.170685,69.237198,1.0,4.708824,76.910988,137.646667,15.740572
0.240805,-0.295222,-0.924585,0.48059,0.863904,-0.150678,0.843236,-0.408062,0.349913,61.923439,-0.890997,0.404439,-0.206284,295.990997,32.845451,106.795883,1.024968,0.0,-0.438566,-0.884213,0.160706,11.112105,165.798218,7.555768,66.693947,-47.271236,-22.147673,87.170685,67.116928,1.0,4.717499,77.873993,138.397491,16.285084
0.255499,-0.285866,-0.92358,0.485613,0.863985,-0.133081,0.836003,-0.4145,0.359567,61.923439,-0.905196,0.364888,-0.217891,295.355621,32.565533,110.090309,1.160173,0.0,-0.401156,-0.902877,0.154554,11.518115,164.674881,7.491796,46.932178,-129.851303,-7.394684,87.170685,62.174278,0.999301,4.72615,79.109482,139.782974,17.082241
0.266556,-0.276452,-0.923321,0.4902,0.86371,-0.117087,0.829851,-0.421402,0.365744,61.923439,-0.921626,0.320676,-0.218571,294.90271,31.881508,111.818817,1.29571,0.0,-0.35667,-0.921882,0.151397,11.762344,162.963608,7.495863,27.927895,-195.685638,0.465148,87.170685,59.276325,0.98682,4.734895,80.247963,140.88414,17.213125
0.264549,-0.278924,-0.923155,0.497685,0.859424,-0.117046,0.826029,-0.428476,0.366176,61.923439,-0.930937,0.296292,-0.213464,294.64035,30.880013,111.784904,1.377771,0.0,-0.332338,-0.929668,0.158962,12.035434,162.33992,7.684939,31.404009,-71.721153,21.742823,87.170685,58.420647,1.0,4.743591,80.974251,141.712555,17.067396
0.254489,-0.285277,-0.924041,0.503969,0.854621,-0.125048,0.825379,-0.433865,0.361263,61.923439,-0.935894,0.277166,-0.217442,295.059662,30.147594,110.815788,1.440184,0.0,-0.316575,-0.932476,0.173979,12.350353,161.955582,7.822899,36.3522,-44.36504,15.925174,87.170685,55.351242,0.857376,4.752254,81.561653,142.374069,17.36912
0.239564,-0.299048,-0.923677,0.511263,0.847641,-0.14183,0.82536,-0.438265,0.355956,61.923439,-0.936461,0.263,-0.232103,296.209595,29.94425,110.176666,1.54769,0.0,-0.310307,-0.929666,0.198569,13.427958,162.260239,7.741384,124.50666,35.200356,-9.418308,87.170685,50.314873,0.676948,4.760909,82.716408,143.308716,18.10264
0.216359,-0.328409,-0.919422,0.518216,0.836748,-0.176931,0.82743,-0.438178,0.351224,61.923439,-0.934647,0.249925,-0.252928,297.782043,30.259624,109.990814,1.655064,0.0,-0.311182,-0.919093,0.241732,14.49461,162.122681,7.601993,122.999481,-15.86359,-16.073608,87.170685,41.900875,0.493978,4.769581,83.753334,143.601791,19.140749
0.201701,-0.344606,-0.916823,0.516062,0.83298,-0.199558,0.832464,-0.432886,0.345851,61.923439,-0.937865,0.205423,-0.279663,299.984497,32.916389,109.619095,1.830065,0.047477,-0.284524,-0.916594,0.280892,15.03377,160.888947,7.031223,61.463673,-140.643585,-65.067307,87.170685,29.443356,0.631398,4.778353,84.653679,144.889664,20.15906
0.201442,-0.344773,-0.916817,0.501521,0.840309,-0.205808,0.841367,-0.418344,0.342184,61.923439,-0.942084,0.157712,-0.295979,302.76413,38.387627,108.963135,1.823145,0.195616,-0.248519,-0.920893,0.300324,15.079625,159.571381,6.334187,5.411407,-155.484299,-82.255867,87.170685,18.057022,0.832235,4.786827,85.130547,146.599365,20.451488
0.206095,-0.330357,-0.92108,0.484056,0.852471,-0.197441,0.85042,-0.405163,0.335601,61.923439,-0.944915,0.11478,-0.306532,305.476013,43.852699,107.225677,1.777653,0.360734,-0.211167,-0.929313,0.302963,15.118562,158.754135,5.678971,4.46055,-93.6231,-75.06192,87.170685,13.058149,0.750698,4.795556,85.50061,148.654907,20.416796
0.210303,-0.306185,-0.928452,0.471709,0.86361,-0.177955,0.856308,-0.400535,0.32605,61.923439,-0.945817,0.066762,-0.317764,306.981964,46.94231,104.787613,1.775037,0.600074,-0.167231,-0.939015,0.300473,14.897855,157.487213,5.058096,-25.633776,-147.146591,-72.110916,87.170685,18.903013,0.562993,4.804166,85.483635,150.547333,20.44923
0.210906,-0.283694,-0.935434,0.46382,0.871416,-0.159704,0.860459,-0.40019,0.315369,61.923439,-0.942294,0.033673,-0.33309,307.711334,48.267418,102.182587,1.934576,0.864104,-0.138776,-0.944712,0.297086,14.600905,156.567993,4.308621,-34.218693,-105.924622,-86.364983,87.170685,30.379778,0.291428,4.812844,85.139236,151.783371,20.60705
0.20384,-0.274999,-0.939588,0.458712,0.874696,-0.156491,0.864889,-0.399101,0.304443,61.923439,-0.936122,0.023555,-0.350884,308.512695,48.957165,99.723999,2.145386,1.0,-0.136238,-0.944133,0.300088,14.444796,156.359543,3.63225,-17.94359,-23.95944,-77.743782,87.170685,40.659782,0.091805,4.821544,84.794769,152.191345,20.974628
0.189577,-0.281263,-0.940719,0.457424,0.87307,-0.168855,0.868806,-0.398297,0.29417,61.923439,-0.931799,0.043526,-0.360356,308.803741,47.776794,96.96434,2.443395,0.980879,-0.161261,-0.939068,0.303556,13.874456,156.308228,3.038815,-64.833359,-5.833897,-67.458801,87.170685,48.223572,0.019233,4.830341,84.072586,150.802902,20.872303
0.174598,-0.29524,-0.939334,0.458306,0.868715,-0.187856,0.871476,-0.397704,0.286986,61.923439,-0.929741,0.075736,-0.360342,308.946014,45.806473,94.153206,2.676754,1.0,-0.194771,-0.931657,0.306725,13.433266,156.305374,2.186621,-50.898865,-0.32886,-98.314949,87.170685,52.487377,0.010579,4.839009,83.524132,148.679123,19.919367
0.158882,-0.297596,-0.941378,0.462577,0.864797,-0.195315,0.872226,-0.404428,0.275061,61.923439,-0.924793,0.114839,-0.362725,308.5513,42.642628,90.204254,2.822996,1.0,-0.232159,-0.925629,0.298852,13.114311,157.43541,1.294776,-36.745846,130.188477,-102.747086,87.170685,53.210255,0.075281,4.847689,82.935371,147.254807,19.055042
0.140659,-0.288236,-0.947172,0.47105,0.860948,-0.192044,0.87082,-0.419152,0.256874,61.923439,-0.917159,0.161921,-0.364145,307.427338,37.792595,84.655212,2.903255,1.0,-0.27368,-0.920111,0.280171,12.792353,159.459457,0.52737,-37.775253,237.480545,-90.039459,87.170685,49.613556,0.242752,4.856212,82.175255,146.213379,18.210468
0.120286,-0.273337,-0.954368,0.475444,0.859788,-0.186326,0.871484,-0.431336,0.233377,61.923439,-0.905396,0.21627,-0.365356,307.06604,33.105465,78.283928,2.883117,1.0,-0.320725,-0.91226,0.254788,12.90833,161.386398,0.36315,13.381488,222.331116,-18.947712,87.170685,44.59161,0.411486,4.864879,81.642075,144.677658,17.91712
0.105929,-0.251163,-0.962131,0.473083,0.863784,-0.173404,0.874627,-0.436799,0.210321,61.923439,-0.893436,0.262263,-0.364679,307.455933,30.600077,72.18145,2.850374,1.0,-0.357522,-0.906679,0.223853,13.113369,163.096405,0.448914,23.592073,196.755692,9.86816,87.170685,43.648216,0.459349,4.87357,81.219154,143.58551,17.778463
0.099916,-0.231606,-0.967665,0.461328,0.872465,-0.161187,0.881586,-0.430305,0.19402,61.923439,-0.88308,0.300699,-0.360209,308.969513,31.522825,67.809273,2.813468,1.0,-0.385981,-0.902038,0.193249,13.341365,164.518799,0.686061,26.288015,164.002365,27.343052,87.170685,43.740944,0.452742,4.882243,80.932587,142.828476,17.622837
0.100512,-0.217536,-0.970863,0.446707,0.881789,-0.151331,0.889016,-0.418481,0.185805,61.923439,-0.872843,0.335759,-0.354134,310.769897,34.317959,65.508141,2.785501,1.0,-0.411913,-0.896028,0.165717,13.729491,166.186874,0.921751,44.586601,191.62262,27.075294,87.170685,43.358269,0.440474,4.890948,80.810959,142.565063,17.446497
0.105152,-0.219124,-0.970014,0.432657,0.888347,-0.153775,0.895405,-0.403514,0.188217,61.923439,-0.859912,0.373467,-0.347957,311.898315,37.800751,65.821808,2.752425,1.0,-0.444072,-0.883484,0.149185,13.899825,167.973007,0.944982,19.66898,206.251007,2.682569,87.170685,42.841324,0.398471,4.899608,80.286743,142.176346,17.13624
0.1101,-0.229707,-0.967012,0.423293,0.891121,-0.163485,0.899278,-0.39133,0.195346,61.923439,-0.842018,0.408642,-0.35216,312.522186,39.814545,68.153137,2.734174,1.0,-0.479302,-0.866284,0.140789,14.476671,168.998352,1.060235,65.632805,116.66227,13.113327,87.170685,43.785641,0.36665,4.908397,79.908867,141.038467,17.623703
0.120386,-0.235551,-0.964377,0.424167,0.890507,-0.164558,0.897546,-0.389247,0.207118,61.923439,-0.82701,0.433996,-0.357354,311.522034,39.777584,71.766922,2.713338,1.0,-0.504571,-0.853316,0.131379,14.764259,170.042877,1.139794,33.002983,119.868103,9.130008,87.170685,44.613983,0.357646,4.917111,79.356667,140.462708,18.192511
0.134265,-0.240026,-0.961437,0.434097,0.886421,-0.160677,0.890805,-0.395783,0.22321,61.923439,-0.814709,0.452263,-0.362917,309.249023,37.479046,76.507881,2.697202,1.0,-0.523006,-0.843398,0.12306,14.976983,170.685669,1.164395,24.692215,74.612778,2.855659,87.170685,44.736912,0.383096,4.925726,78.82753,139.854996,18.770872
0.149444,-0.235702,-0.960266,0.457044,0.877661,-0.144298,0.876799,-0.41732,0.238888,61.923439,-0.805616,0.464686,-0.367491,305.445221,31.48077,81.221825,2.672946,1.0,-0.533992,-0.838208,0.110722,15.4259,171.235809,1.326975,52.345684,64.148819,18.957561,87.170685,44.177345,0.435737,4.934302,78.646431,139.42749,19.429571
0.149286,-0.238402,-0.959624,0.537534,0.834134,-0.123604,0.829923,-0.497378,0.252673,61.923439,-0.806318,0.471706,-0.356854,293.212799,12.232947,85.216812,2.427534,1.0,-0.540885,-0.832183,0.122123,15.884127,174.017471,2.350189,16.587997,100.697044,37.040733,87.170685,35.526302,0.68692,4.961926,78.539459,140.888077,19.858675
0.152872,-0.248145,-0.956585,0.549521,0.825861,-0.126415,0.821375,-0.506338,0.262612,61.923439,-0.809209,0.474096,-0.347006,291.402069,9.002724,87.872368,2.079954,0.487941,-0.54204,-0.830293,0.129638,16.289412,173.360275,2.99736,57.018173,-92.458694,91.048355,87.170685,31.970509,0.766581,4.969034,78.93972,139.975525,19.943424
0.166901,-0.250609,-0.953593,0.559468,0.820452,-0.117699,0.811874,-0.513861,0.277142,61.923439,-0.810189,0.479115,-0.337702,289.139191,5.636013,91.603127,1.837707,0.155137,-0.543024,-0.830417,0.124627,16.56813,172.260895,3.408894,32.405502,-127.819595,47.847225,87.170685,30.526958,0.802523,4.977635,79.134399,138.554688,19.915792
0.183268,-0.245748,-0.951851,0.553487,0.825996,-0.106687,0.812444,-0.507285,0.287397,61.923439,-0.810958,0.484863,-0.327499,289.388702,5.68508,94.072525,1.696612,0.05763,-0.542653,-0.832578,0.111092,16.638042,170.764633,3.738133,8.073893,-172.798218,38.022758,87.170685,33.107838,0.73688,4.986294,79.236572,136.902939,19.732615
0.194472,-0.233675,-0.952668,0.534831,0.839405,-0.096716,0.822275,-0.490708,0.288217,61.923439,-0.806838,0.502212,-0.311122,291.823669,7.821166,94.065865,1.580125,0.038875,-0.551183,-0.829465,0.090472,16.696352,169.359161,4.499653,6.750212,-162.70755,88.159271,87.170685,44.815853,0.439098,4.994932,79.128471,134.751007,19.513607
0.196304,-0.215538,-0.956561,0.509471,0.855944,-0.088314,0.837797,-0.470004,0.277835,61.923439,-0.808329,0.509931,-0.294234,295.90683,11.636669,91.45166,1.471114,0.081887,-0.55111,-0.831189,0.073509,16.548216,167.912109,5.705182,-17.060349,-166.653885,138.837769,87.170685,54.681614,0.221375,5.003615,79.196648,133.211029,19.584873
0.199092,-0.18147,-0.963032,0.497528,0.865356,-0.060208,0.844291,-0.467149,0.262572,61.923439,-0.817974,0.504517,-0.276373,297.756287,12.250117,87.597183,1.226209,0.056571,-0.535942,-0.842919,0.047473,16.101479,167.119415,7.009194,-51.491291,-91.366791,150.301132,87.170685,68.069954,0.05099,5.012291,79.366234,133.085999,19.678524
0.198044,-0.163887,-0.966395,0.501717,0.863928,-0.043693,0.842056,-0.476204,0.253321,61.923439,-0.822579,0.508369,-0.254804,296.802795,9.154715,84.612015,0.889768,0.0,-0.533044,-0.845399,0.03413,15.557175,166.519333,7.844804,-62.513294,-68.919373,95.96991,87.170685,70.276169,0.035595,5.020998,78.990898,132.332794,19.08639
0.205269,-0.146496,-0.967679,0.509228,0.860345,-0.022226,0.835794,-0.488207,0.251202,61.923439,-0.83143,0.503891,-0.234132,294.22699,6.427999,83.360893,0.781968,0.0,-0.522041,-0.852717,0.018638,14.220893,166.521149,8.42454,-153.630951,0.208644,66.651573,87.170685,72.149185,0.225667,5.029696,78.034904,132.710876,18.383289
0.209546,-0.154152,-0.965571,0.514258,0.857264,-0.025258,0.831643,-0.49126,0.25891,61.923439,-0.837063,0.504609,-0.211414,291.722504,5.635417,84.11013,0.606223,0.0,-0.520514,-0.853525,0.023682,12.644557,166.536072,8.567457,-182.298523,1.725494,16.527941,87.170685,73.606697,0.304613,5.038343,76.604195,132.707916,17.138746
0.212428,-0.179075,-0.960628,0.516922,0.854846,-0.045046,0.829256,-0.487001,0.274161,61.923439,-0.843162,0.503257,-0.189234,289.836975,6.741431,86.595985,0.537599,0.0,-0.519355,-0.853399,0.044501,11.230633,166.463135,8.438459,-163.648682,-8.440119,-14.930249,87.170685,75.573517,0.264243,5.046983,75.336029,132.712448,15.679742
0.214563,-0.210552,-0.953746,0.516634,0.853164,-0.072121,0.828886,-0.477262,0.291835,61.923439,-0.850328,0.4975,-0.171571,289.223724,9.287337,89.679924,0.498674,0.0,-0.514522,-0.854402,0.072548,10.484059,166.140594,7.987182,-85.645668,-37.001343,-51.769829,87.170685,77.907028,0.199213,5.0557,74.81839,132.739243,14.19182
0.214932,-0.243356,-0.945824,0.516864,0.850058,-0.101262,0.828647,-0.467097,0.308486,61.923439,-0.854495,0.493846,-0.161104,289.751373,12.066234,93.006416,0.455817,0.0,-0.512133,-0.85281,0.102157,10.982145,166.119003,7.59554,57.575581,-2.49597,-45.271339,87.170685,80.188354,0.143614,5.064351,75.407906,132.888779,13.211301
0.21084,-0.276505,-0.937599,0.513647,0.84741,-0.134403,0.831693,-0.453257,0.320694,61.923439,-0.853387,0.497482,-0.155702,291.262726,15.793339,95.595955,0.35158,0.0,-0.5172,-0.845348,0.133756,11.867137,166.568909,7.34144,102.216537,51.964046,-29.348526,87.170685,80.987946,0.160906,5.073009,76.131416,133.035843,12.643085
0.200882,-0.322555,-0.924989,0.502214,0.844621,-0.185463,0.841087,-0.427286,0.331661,61.923439,-0.848282,0.506688,-0.1539,294.673889,22.196039,98.352974,0.346804,0.0,-0.528318,-0.829561,0.180856,13.215693,166.924042,7.396049,156.064804,41.097847,6.319781,87.170685,79.87574,0.170636,5.08165,77.112686,132.720825,12.563373
0.177369,-0.401397,-0.898566,0.488599,0.828486,-0.273647,0.85429,-0.390502,0.34307,61.923439,-0.843545,0.515644,-0.150145,298.204651,31.249889,100.719292,0.445456,0.0,-0.536798,-0.800803,0.265637,13.805009,167.284653,7.127533,67.543442,41.331226,-30.775434,87.170685,77.183266,0.206416,5.090375,77.228279,132.259659,11.978443
0.169974,-0.438841,-0.882342,0.466487,0.824528,-0.320223,0.868043,-0.357171,0.344862,61.923439,-0.847157,0.51009,-0.148774,302.098053,40.854248,101.149101,0.359199,0.0,-0.529775,-0.789381,0.310186,13.956861,167.90274,7.241236,17.486305,71.175621,13.093368,87.170685,77.215668,0.198749,5.099059,77.564232,133.242584,11.944736
0.171998,-0.457381,-0.872479,0.445271,0.826134,-0.345305,0.878721,-0.329098,0.345752,61.923439,-0.856924,0.493138,-0.149988,305.760071,49.550247,101.578835,0.422965,0.0,-0.51334,-0.790238,0.334672,14.240403,168.152847,7.392003,32.798504,28.92993,17.439726,87.170685,75.696861,0.37969,5.107704,78.464279,134.676895,12.144266
0.172107,-0.478107,-0.861274,0.431813,0.822458,-0.370271,0.885391,-0.308183,0.348003,61.923439,-0.867761,0.472229,-0.154886,308.45932,56.639843,102.524994,0.469891,0.0,-0.494698,-0.790914,0.36018,14.558722,168.495728,7.458387,36.605232,39.429611,7.633879,87.170685,73.522606,0.479441,5.1164,79.438171,136.356445,12.508125
0.170589,-0.497873,-0.850307,0.430311,0.813959,-0.390261,0.886415,-0.299322,0.353092,61.923439,-0.880983,0.443,-0.166195,310.155151,60.413765,104.589417,0.666406,0.0,-0.471648,-0.794281,0.38297,15.200671,168.239792,7.468662,73.931656,-29.474102,1.183369,87.170685,71.343773,0.629585,5.125083,80.869019,137.838394,13.256158
0.177567,-0.489713,-0.853611,0.43469,0.81722,-0.378413,0.882901,-0.303862,0.357984,61.923439,-0.890837,0.419127,-0.175335,310.259338,60.277298,106.432381,0.843528,0.0,-0.454066,-0.808343,0.374708,15.568474,167.757507,7.411821,42.520561,-55.756573,-6.571183,87.170685,70.538269,0.848942,5.133733,81.882156,138.876404,13.833745
0.195647,-0.454049,-0.869231,0.440522,0.832591,-0.335757,0.876163,-0.317226,0.362912,61.923439,-0.895689,0.405425,-0.182682,308.855957,57.558128,107.850281,1.224972,0.0,-0.444395,-0.830848,0.334971,15.502198,167.448456,6.988832,-7.190574,-33.530743,-45.892342,87.170685,71.789902,1.0,5.14295,82.221657,139.613876,13.976918
0.198726,-0.453989,-0.868563,0.448777,0.830018,-0.331162,0.871267,-0.323981,0.368686,61.923439,-0.901062,0.391486,-0.186619,307.427338,55.49472,109.153236,1.206005,0.0,-0.432955,-0.837052,0.334505,15.04143,166.316345,6.488802,-56.835754,-139.645248,-61.678745,87.170685,72.263031,1.0,5.151057,82.059456,139.297867,13.786462
0.200571,-0.457868,-0.866099,0.454785,0.82655,-0.331641,0.867722,-0.327371,0.374014,61.923439,-0.902428,0.383088,-0.197146,306.468689,53.852852,110.504906,1.213481,0.0,-0.42934,-0.837763,0.337374,14.895821,165.10939,5.743386,-16.806299,-139.307037,-86.036011,87.170685,70.233299,1.0,5.159721,82.017845,138.532883,13.760001
0.203974,-0.450024,-0.869409,0.463772,0.826524,-0.319019,0.862154,-0.338136,0.377298,61.923439,-0.896015,0.391014,-0.210394,305.525604,50.375069,111.810333,1.233842,0.0,-0.441293,-0.836662,0.324434,15.711712,164.980728,5.303995,93.94252,-14.81373,-50.591938,87.170685,66.373123,1.0,5.168406,82.514938,137.839584,14.215909
0.190303,-0.448024,-0.873533,0.479626,0.818804,-0.315466,0.856588,-0.358935,0.370705,61.923439,-0.882522,0.405281,-0.238541,303.99292,45.066338,111.162804,1.354732,0.0,-0.465404,-0.825471,0.319368,16.307503,166.257339,4.632872,68.861565,147.550278,-77.568611,87.170685,61.676723,0.892433,5.177058,82.422058,137.910919,15.27382
0.186557,-0.410946,-0.892367,0.507657,0.817975,-0.270558,0.841119,-0.402542,0.361218,61.923439,-0.881838,0.389135,-0.266338,301.481049,35.518108,110.265709,1.278278,0.0,-0.457873,-0.841659,0.286292,17.721613,167.226776,4.456264,163.085159,111.802895,-20.367548,87.170685,56.671356,0.851699,5.185729,83.911537,139.642273,16.830536
0.183063,-0.37092,-0.910443,0.541863,0.81079,-0.221368,0.820288,-0.452811,0.349413,61.923439,-0.895219,0.354525,-0.26999,296.309357,24.364695,107.818054,1.293191,0.0,-0.422471,-0.867959,0.261086,17.233778,167.156189,4.891551,-56.234703,-8.138033,50.177174,87.170685,55.752964,0.843488,5.194404,84.128151,141.491867,17.436493
0.171854,-0.35362,-0.919467,0.567845,0.798251,-0.200867,0.804996,-0.487594,0.337984,61.923439,-0.895439,0.355772,-0.267611,292.064789,15.616928,104.673401,1.431184,0.0,-0.421157,-0.871787,0.250227,17.057152,167.757462,4.944425,-20.379116,69.375633,6.100579,87.170685,52.461098,0.852189,5.203071,83.839165,141.741394,17.248158
0.134614,-0.394708,-0.908892,0.581356,0.774247,-0.250132,0.802436,-0.494719,0.333691,61.923439,-0.898526,0.348658,-0.266624,290.79599,14.015629,103.364029,1.539277,0.0,-0.421816,-0.853857,0.304957,16.439898,168.073257,4.956267,-71.457939,36.558498,1.370883,87.170685,52.136612,0.709684,5.211709,83.232437,141.982864,17.049377
0.121945,-0.423909,-0.897458,0.576659,0.7662,-0.283554,0.807833,-0.482949,0.337885,61.923439,-0.897947,0.34916,-0.267914,291.567535,15.736198,104.613373,1.690039,0.0,-0.426665,-0.839922,0.33539,15.882483,166.923141,5.045154,-64.262787,-132.594131,10.247522,87.170685,50.352196,0.469805,5.220383,82.608002,140.658951,17.213785
0.141993,-0.402226,-0.904462,0.569549,0.780518,-0.257692,0.8096,-0.478545,0.339916,61.923439,-0.898797,0.333077,-0.284997,293.118561,17.534739,106.180603,1.760462,0.0,-0.415796,-0.85368,0.313599,16.721815,166.37175,4.932493,96.563812,-63.436386,-12.961454,87.170685,45.025333,0.347535,5.229075,83.702026,141.318375,18.255672
0.152067,-0.384413,-0.91055,0.561101,0.791992,-0.240654,0.813659,-0.474315,0.336131,61.923439,-0.901413,0.315347,-0.296667,294.296936,19.303579,105.66095,1.832425,0.0,-0.401571,-0.865091,0.300598,16.530989,165.781403,4.655392,-21.951752,-67.910423,-31.876343,87.170685,44.448509,0.375858,5.237768,83.830391,141.993118,18.715153
0.140718,-0.385708,-0.911827,0.552741,0.794699,-0.25086,0.821386,-0.468704,0.325025,61.923439,-0.897866,0.312777,-0.30985,295.789368,21.020885,102.705032,1.924932,0.0,-0.406018,-0.860393,0.308016,16.094296,165.934021,3.851955,-49.970673,17.464548,-91.93689,87.170685,44.181953,0.35532,5.246507,83.324089,142.258911,18.631786
0.15113,-0.357671,-0.921538,0.528922,0.816828,-0.230289,0.835106,-0.452618,0.312627,61.923439,-0.887351,0.333173,-0.318753,298.15271,24.059889,99.140289,2.057938,0.0,-0.422325,-0.864723,0.271838,15.273922,165.686737,2.99346,-94.545631,-28.499454,-98.93914,87.170685,39.235004,0.223179,5.255184,82.138687,141.1371,18.274143
0.166886,-0.315388,-0.934173,0.502016,0.842634,-0.194801,0.848604,-0.43646,0.298954,61.923439,-0.8837,0.336198,-0.325646,300.877075,29.064962,95.381546,2.365544,0.031726,-0.418351,-0.879352,0.227427,14.439911,166.185074,2.376427,-95.896492,57.300938,-70.947884,87.170685,41.344048,0.671325,5.263881,81.371437,141.962753,18.052155
0.173366,-0.298876,-0.938412,0.478537,0.858363,-0.184974,0.860783,-0.416997,0.291834,61.923439,-0.873158,0.372888,-0.313927,302.844635,34.444729,92.751595,2.516627,0.084481,-0.444226,-0.873854,0.197591,13.767407,168.435745,2.353259,-78.098145,261.371368,-2.690464,87.170685,42.477062,0.811873,5.272492,80.188858,142.307922,17.263853
0.204451,-0.223557,-0.953007,0.451347,0.885434,-0.110877,0.868612,-0.407468,0.281929,61.923439,-0.862898,0.405244,-0.301967,304.498413,38.123646,89.324753,2.729652,0.262352,-0.453792,-0.88429,0.110022,13.758004,170.930115,2.10639,-1.083695,287.468567,-28.450912,87.170685,43.484291,0.561222,5.281169,79.81749,143.521942,16.399143
0.223907,-0.159578,-0.961458,0.432838,0.90016,-0.048603,0.873222,-0.405273,0.270624,61.923439,-0.843704,0.449545,-0.293384,305.48877,38.696167,85.7034,2.829723,0.507446,-0.478866,-0.877272,0.032886,14.442332,173.229324,1.799668,78.21788,262.797485,-35.057964,87.170685,44.400352,0.39909,5.289918,79.615311,143.52681,15.702052
0.233709,-0.118487,-0.96506,0.424485,0.905396,-0.008364,0.874753,-0.407699,0.261895,61.923439,-0.827887,0.483302,-0.284646,306.018463,37.884861,82.927155,2.931135,0.714022,-0.499745,-0.866008,-0.016903,15.356341,174.926926,1.726712,105.446304,195.84668,-8.416733,87.170685,46.208996,0.39554,5.298586,79.749031,143.342972,15.183582
0.245549,-0.075478,-0.966441,0.415363,0.909,0.034541,0.875888,-0.409905,0.254555,61.923439,-0.807536,0.520242,-0.27791,306.49649,36.262486,80.779716,2.991536,0.862503,-0.522924,-0.849445,-0.070661,16.544489,175.979126,1.740087,138.236984,122.420174,1.556155,87.170685,47.986965,0.358935,5.307181,79.933456,142.291336,14.934911
0.25106,-0.038014,-0.967225,0.413482,0.907688,0.071653,0.875215,-0.41792,0.243603,61.923439,-0.796426,0.538467,-0.275241,306.717041,33.844547,77.727715,3.027695,0.987683,-0.529967,-0.840696,-0.111204,17.462725,176.664688,1.60705,104.845459,78.278191,-15.190378,87.170685,49.754097,0.313498,5.315939,80.328102,141.946442,14.715816
0.248809,-0.018215,-0.968381,0.419868,0.903023,0.090892,0.872815,-0.429207,0.232328,61.923439,-0.783239,0.559274,-0.271567,305.865875,30.795437,74.589066,3.031493,0.97069,-0.544814,-0.82785,-0.133576,17.944416,177.901779,1.620996,56.030117,143.898422,1.622206,87.170685,50.639469,0.292561,5.324536,80.097794,141.816925,14.493579
0.24244,-0.012458,-0.970086,0.427534,0.898961,0.095303,0.870883,-0.437851,0.22327,61.923439,-0.770054,0.578637,-0.268693,304.70462,28.591566,72.107628,3.019804,0.951491,-0.562599,-0.8145,-0.141679,18.026726,179.279663,1.715265,9.478448,158.668137,10.8555,87.170685,51.093624,0.281752,5.33322,79.436165,141.848923,14.355019
0.234484,-0.017684,-0.971959,0.430467,0.898355,0.087504,0.871617,-0.438914,0.218262,61.923439,-0.752917,0.602873,-0.263932,303.613342,27.317974,70.520622,3.001634,0.908662,-0.588046,-0.796352,-0.14151,17.712807,179.936172,1.775133,-33.864124,70.820778,6.458265,87.170685,50.475777,0.295143,5.34249,78.155121,140.850525,14.06343
0.228273,-0.026307,-0.973242,0.435255,0.896936,0.077844,0.870887,-0.441378,0.216196,61.923439,-0.740506,0.619583,-0.260321,302.393219,25.476753,69.546097,2.957952,0.865019,-0.607047,-0.782861,-0.136468,17.417444,179.923355,1.609552,-36.572754,-1.586742,-20.502949,87.170685,50.152199,0.303373,5.350566,77.12365,139.64653,13.623349
0.216804,-0.057967,-0.974493,0.451844,0.89083,0.047535,0.865351,-0.450624,0.219328,61.923439,-0.734159,0.624986,-0.265337,300.386047,22.960476,69.877319,2.940412,0.882294,-0.621987,-0.775776,-0.106324,17.351801,180.47789,0.929658,-7.517459,63.505875,-77.862289,87.170685,49.555965,0.318537,5.359298,76.548439,139.521988,13.14453
0.20182,-0.087963,-0.975465,0.463001,0.886215,0.015878,0.863075,-0.454846,0.219583,61.923439,-0.727834,0.625176,-0.281805,298.89679,21.708445,69.78994,2.987526,0.956598,-0.632171,-0.770937,-0.077556,16.870815,180.649246,-0.145838,-55.515629,19.77816,-124.133942,87.170685,49.790512,0.321612,5.367962,75.647987,139.361923,12.991143
0.181415,-0.127228,-0.975142,0.47086,0.881781,-0.027448,0.863354,-0.454175,0.219875,61.923439,-0.730717,0.614677,-0.297027,298.370117,22.07378,69.775337,2.90396,0.999466,-0.635094,-0.771664,-0.034509,16.193701,180.480759,-1.020795,-78.424118,-19.513645,-101.338455,87.170685,49.413212,0.326495,5.376596,75.049232,139.553833,12.901073
0.169792,-0.1581,-0.972715,0.472616,0.879196,-0.060402,0.864757,-0.449465,0.224001,61.923439,-0.73647,0.605582,-0.301465,298.414032,23.254591,70.969261,2.797848,1.0,-0.634965,-0.772541,-0.000678,15.633216,180.02272,-1.076821,-64.557137,-52.757839,-6.453143,87.170685,48.980469,0.333175,5.385278,74.730186,139.516266,13.027678
0.173981,-0.169695,-0.970018,0.476161,0.876727,-0.067971,0.861975,-0.450059,0.233336,61.923439,-0.744142,0.596784,-0.30017,297.515625,23.300655,73.33696,2.486694,0.977831,-0.628378,-0.777825,0.011358,15.096786,179.695297,-1.083422,-61.829227,-37.739174,-0.760881,87.170685,49.305115,0.324918,5.393954,74.551353,139.715927,12.980592
0.186261,-0.174001,-0.96697,0.486751,0.871264,-0.06302,0.853452,-0.458936,0.246978,61.923439,-0.755714,0.583912,-0.296551,295.789246,20.954929,76.91787,2.176507,0.695573,-0.615237,-0.788182,0.015898,15.041352,178.859543,-0.91293,-6.327254,-95.393639,19.460398,87.170685,49.783634,0.312747,5.402715,75.029678,139.66626,13.032788
0.203894,-0.165859,-0.964841,0.50764,0.860609,-0.040664,0.837095,-0.481501,0.25967,61.923439,-0.769851,0.569052,-0.288981,292.663452,14.701595,80.557137,1.840642,0.252693,-0.596508,-0.802559,0.008735,15.527919,177.562683,-0.219592,57.398438,-152.986511,81.790421,87.170685,50.96196,0.282777,5.411192,76.134735,139.249817,13.389259
0.209781,-0.175463,-0.961876,0.5355,0.843719,-0.037119,0.818065,-0.507298,0.270957,61.923439,-0.785597,0.551589,-0.280335,289.06842,6.341046,83.930321,1.590111,0.0,-0.579671,-0.814562,0.021704,16.242342,174.99794,0.731947,82.127068,-294.831696,109.384933,87.170685,49.098572,0.330171,5.419891,77.46212,137.56218,13.84285
0.207001,-0.189336,-0.959845,0.557601,0.82898,-0.043269,0.803885,-0.526254,0.277174,61.923439,-0.797519,0.538672,-0.271653,286.378357,-0.77657,86.208122,1.392473,0.0,-0.568504,-0.821728,0.039577,16.784704,172.191376,1.966348,62.541824,-323.634796,142.343307,87.170685,47.776539,0.363795,5.428563,78.440025,135.347855,14.512515
0.205429,-0.213472,-0.955107,0.565176,0.822614,-0.062299,0.798984,-0.527006,0.289638,61.923439,-0.804509,0.532267,-0.263546,285.361572,-2.595908,89.785576,0.97204,0.0,-0.564838,-0.822838,0.06241,16.800066,170.268143,2.795694,1.747247,-218.749161,94.329613,87.170685,43.395176,0.475231,5.437355,78.691109,133.722931,14.86584
0.205341,-0.23344,-0.950443,0.562354,0.822956,-0.080632,0.800995,-0.517928,0.300262,61.923439,-0.810022,0.527093,-0.256978,286.010254,-1.271506,92.754707,0.763354,0.0,-0.561524,-0.823496,0.080896,16.68343,168.906876,3.393063,-13.39114,-156.286942,68.584229,87.170685,44.110321,0.457042,5.446065,78.819489,132.699249,15.08686
0.205666,-0.235106,-0.949961,0.558469,0.825327,-0.083352,0.803625,-0.513382,0.301042,61.923439,-0.818754,0.516907,-0.249899,287.146149,-0.308706,93.452377,0.612684,0.0,-0.550471,-0.830433,0.085806,16.656216,167.971985,4.350746,-3.175478,-109.089661,111.748291,87.170685,46.471642,0.396984,5.454635,79.275101,132.486023,15.582902
0.212498,-0.211001,-0.954109,0.552338,0.831397,-0.060847,0.806082,-0.51406,0.293214,61.923439,-0.826399,0.508671,-0.241493,287.71991,-0.896629,91.968506,0.592266,0.0,-0.536855,-0.841135,0.065411,16.101435,166.835236,5.437302,-63.49794,-130.106308,124.362602,87.170685,49.757874,0.313402,5.463372,79.213432,132.073669,16.123875
0.203741,-0.194207,-0.959569,0.560848,0.826515,-0.048195,0.802458,-0.528353,0.277315,61.923439,-0.837776,0.492439,-0.235873,286.768585,-4.11254,88.458794,0.423186,0.0,-0.5184,-0.853001,0.06042,15.480972,166.330139,6.544472,-71.613792,-58.29879,127.789688,87.170685,63.504856,0.0,5.472036,79.199409,132.554886,16.726521
0.196206,-0.168335,-0.966005,0.574769,0.817909,-0.025787,0.794446,-0.550171,0.257233,61.923439,-0.851491,0.471784,-0.228874,284.122711,-9.158572,83.387177,0.369579,0.0,-0.493997,-0.868118,0.048363,14.195085,165.680115,7.273519,-149.765686,-75.70842,84.911148,87.170685,67.200523,0.0,5.480622,78.626099,133.152237,16.849648
0.190807,-0.145217,-0.970827,0.590312,0.807161,-0.004716,0.784299,-0.572191,0.239735,61.923439,-0.868591,0.444886,-0.218232,281.047699,-12.9586,78.542702,0.371819,0.0,-0.463177,-0.88543,0.038472,12.884568,165.936096,7.769198,-151.399673,29.572699,57.264183,87.170685,69.070457,0.0,5.489278,78.17572,135.048172,16.531191
0.182893,-0.141383,-0.972914,0.598546,0.801079,-0.003895,0.779931,-0.581621,0.231136,61.923439,-0.880969,0.426013,-0.20593,279.428925,-14.36044,75.516113,0.370491,0.0,-0.443032,-0.895484,0.042779,11.803441,165.83168,7.849792,-124.971405,-12.069552,9.316228,87.170685,70.904671,0.0,5.497929,77.686638,136.085587,15.728906
