0.412766,0.080628,-0.907261,0.456777,0.843443,0.282771,0.788022,-0.531134,0.311315,61.933929,-0.842299,0.093382,-0.53086,283.636108,13.620012,115.767006,2.266077,0.0,-0.081591,-0.995619,-0.045678,15.139668,158.12532,5.002536,-5.019234,-1.759932,0.375984,86.993446,65.219238,0.842359,2.480177,80.215469,150.727478,35.403786
0.412582,0.080579,-0.90735,0.455536,0.844331,0.28212,0.788836,-0.529728,0.311649,61.933929,-0.842407,0.092905,-0.530772,283.812775,14.011682,115.854828,2.265803,0.0,-0.081084,-0.995664,-0.045588,15.096011,158.10672,5.008273,-5.051719,-2.151034,0.663896,86.993446,65.215797,0.837238,2.488819,80.181938,150.75618,35.405556
0.412462,0.079742,-0.907478,0.453732,0.845824,0.280552,0.789938,-0.527468,0.312689,61.933929,-0.842547,0.092242,-0.530665,284.075317,14.639895,116.123795,2.265493,0.0,-0.080693,-0.995724,-0.044963,15.060992,158.086365,5.010061,-3.996693,-2.323847,0.204116,86.993446,65.221039,0.833572,2.497581,80.159996,150.800995,35.406025
0.412859,0.078712,-0.907387,0.452087,0.847156,0.279185,0.790673,-0.525483,0.314171,61.933929,-0.842711,0.091721,-0.530495,284.224945,15.158917,116.508049,2.26515,0.0,-0.080353,-0.995772,-0.044523,15.010509,158.038437,5.01164,-5.701139,-5.411719,0.178291,86.993446,65.235352,0.830235,2.506436,80.119888,150.807404,35.407585
0.413254,0.077135,-0.907343,0.452056,0.84758,0.277946,0.790485,-0.525032,0.315397,61.933929,-0.842899,0.090936,-0.530332,284.132294,15.260755,116.823631,2.264711,0.0,-0.080239,-0.995838,-0.043225,14.960038,157.977188,5.014887,-5.941182,-7.210067,0.382213,86.993446,65.278183,0.82526,2.514931,80.075951,150.792984,35.406853
0.412679,0.06989,-0.908191,0.454766,0.848088,0.271909,0.78923,-0.525226,0.318204,61.933929,-0.84393,0.083724,-0.52988,283.858002,15.847352,117.601303,2.247614,0.0,-0.077799,-0.996405,-0.03353,14.965875,158.218643,5.104989,0.679153,28.095352,10.484242,86.993446,64.827621,0.82475,2.523525,80.125626,151.429596,35.459763
0.41326,0.062459,-0.908469,0.454982,0.850028,0.265411,0.788801,-0.523021,0.322865,61.933929,-0.844398,0.077917,-0.53002,283.770447,16.948538,118.891441,2.245123,0.0,-0.076205,-0.996776,-0.025128,14.971352,158.410568,5.168275,0.634445,22.234081,7.331631,86.993446,64.335571,0.831583,2.532157,80.148605,151.961517,35.546928
0.414209,0.055987,-0.908458,0.454814,0.851829,0.259868,0.788401,-0.520819,0.327372,61.933929,-0.844895,0.073163,-0.529905,283.678711,17.945646,120.132835,2.244276,0.0,-0.074829,-0.997028,-0.018349,14.96529,158.555313,5.234533,-0.693303,16.55533,7.578358,86.993446,63.896248,0.810348,2.5409,80.160324,152.390198,35.624893
0.415107,0.050927,-0.908346,0.453884,0.853709,0.255285,0.788464,-0.518254,0.331266,61.933929,-0.845256,0.069438,-0.529831,283.734131,18.937975,121.225029,2.243389,0.0,-0.073619,-0.997199,-0.013243,14.990361,158.651855,5.307379,2.91794,11.235767,8.478394,86.993446,63.509998,0.77997,2.549492,80.199387,152.720505,35.711861
0.416254,0.04789,-0.907986,0.450693,0.856435,0.251785,0.789689,-0.51403,0.33491,61.933929,-0.84555,0.06753,-0.529609,284.063141,20.249197,122.238945,2.236306,0.0,-0.072631,-0.997296,-0.011204,14.986891,158.713806,5.369682,-0.397031,7.089512,7.128442,86.993446,63.150452,0.748777,2.558232,80.212204,152.941193,35.78495
0.417088,0.045798,-0.907711,0.446734,0.859424,0.248633,0.791496,-0.509208,0.337996,61.933929,-0.845645,0.066639,-0.529569,284.526947,21.655144,123.1222,2.224983,0.0,-0.072151,-0.997341,-0.010287,14.972954,158.767776,5.435966,-1.580118,6.118425,7.515162,86.993446,62.81543,0.721818,2.567052,80.209511,153.102402,35.871578
0.417909,0.043616,-0.907441,0.440875,0.863612,0.244547,0.794343,-0.502267,0.341682,61.933929,-0.845625,0.065906,-0.529694,285.296936,23.562944,124.159225,2.21525,0.0,-0.071713,-0.997379,-0.009611,14.996531,158.761047,5.485568,2.751842,-0.78614,5.789246,86.993446,62.510731,0.700534,2.57562,80.244514,153.218491,35.95715
0.419046,0.041946,-0.906996,0.433666,0.86838,0.240521,0.797706,-0.494122,0.3457,61.933929,-0.845503,0.065795,-0.529902,286.167023,25.786194,125.292847,2.207097,0.0,-0.07137,-0.9974,-0.009964,14.990249,158.777985,5.534575,-0.720084,1.941042,5.616273,86.993446,62.208599,0.684817,2.584346,80.246597,153.339294,36.053562
0.419888,0.040961,-0.906651,0.428402,0.87174,0.237785,0.800104,-0.488254,0.348486,61.933929,-0.8454,0.065601,-0.53009,286.792023,27.384335,126.088013,2.199324,0.0,-0.070935,-0.997428,-0.010306,14.991282,158.778381,5.57446,0.118832,0.045504,4.586555,86.993446,61.96851,0.670172,2.593042,80.25264,153.422577,36.129635
0.420456,0.040881,-0.906392,0.426037,0.873109,0.237009,0.801068,-0.485808,0.349687,61.933929,-0.845346,0.065728,-0.530161,287.042694,27.999578,126.460197,2.192171,0.0,-0.070696,-0.997438,-0.010935,14.992527,158.737411,5.61973,0.144912,-4.769563,5.270132,86.993446,61.767921,0.656408,2.601632,80.254471,153.406479,36.191719
0.421202,0.04166,-0.906009,0.425631,0.873033,0.238018,0.800891,-0.485879,0.349992,61.933929,-0.845374,0.066151,-0.530063,286.998779,27.967113,126.558777,2.186011,0.0,-0.070397,-0.997444,-0.012205,14.996457,158.740952,5.638067,0.450849,0.40753,2.103316,86.993446,61.5896,0.644693,2.61035,80.25605,153.392365,36.21162
0.421374,0.041919,-0.905918,0.426681,0.872299,0.238827,0.800242,-0.487174,0.349678,61.933929,-0.845355,0.066401,-0.530062,286.83197,27.580227,126.513496,2.180741,0.0,-0.070546,-0.997431,-0.01244,15.002259,158.717514,5.674931,0.672053,-2.716188,4.270079,86.993446,61.428165,0.635805,2.618983,80.256866,153.3396,36.247406
0.421565,0.041885,-0.905831,0.427311,0.871893,0.239182,0.799806,-0.487901,0.349662,61.933929,-0.845304,0.066954,-0.530074,286.700317,27.314548,126.527092,2.175384,0.0,-0.071046,-0.997392,-0.012684,14.988454,158.682571,5.690844,-1.617802,-4.093855,1.864826,86.993446,61.330936,0.626054,2.627516,80.237877,153.26181,36.265194
0.421426,0.041052,-0.905933,0.427646,0.87193,0.238446,0.7997,-0.487906,0.349898,61.933929,-0.845092,0.066903,-0.530418,286.643219,27.313684,126.610878,2.1712,0.0,-0.071585,-0.997365,-0.011748,14.9687,158.687927,5.691937,-2.258361,0.611812,0.125045,86.993446,61.222958,0.621065,2.636263,80.208145,153.262039,36.287899
0.421388,0.041062,-0.90595,0.427469,0.872042,0.238355,0.799814,-0.487706,0.349916,61.933929,-0.845053,0.067155,-0.530448,286.670471,27.369823,126.640259,2.166671,0.0,-0.071796,-0.997348,-0.011886,14.967415,158.705688,5.714522,-0.149258,2.061713,2.622176,86.993446,61.168346,0.612871,2.644876,80.205887,153.266525,36.312767
0.421076,0.041038,-0.906096,0.427067,0.872343,0.237974,0.800193,-0.487169,0.349797,61.933929,-0.845077,0.067016,-0.530429,286.771515,27.526785,126.607811,2.161231,0.0,-0.071732,-0.997355,-0.011726,14.966346,158.710129,5.716398,-0.123035,0.511754,0.215902,86.993446,61.135651,0.602017,2.653565,80.209045,153.284866,36.311012
0.420419,0.040729,-0.906416,0.427855,0.872049,0.237635,0.800117,-0.487721,0.3492,61.933929,-0.845104,0.066477,-0.530452,286.745361,27.40988,126.449837,2.155807,0.0,-0.071699,-0.997368,-0.010762,14.956562,158.714722,5.719915,-1.115602,0.522619,0.401098,86.993446,61.128334,0.592719,2.662335,80.202415,153.310486,36.307114
0.420104,0.041047,-0.906547,0.428934,0.871357,0.238227,0.799705,-0.488929,0.348454,61.933929,-0.845103,0.06647,-0.530455,286.606171,27.062624,126.253891,2.151992,0.0,-0.071747,-0.997366,-0.010673,14.924988,158.693466,5.722928,-3.688993,-2.482034,0.351923,86.993446,61.128033,0.586418,2.670894,80.169647,153.275055,36.303635
0.420153,0.041676,-0.906496,0.430248,0.870379,0.239432,0.798973,-0.490616,0.347761,61.933929,-0.845113,0.066485,-0.530438,286.404419,26.588882,126.074295,2.148377,0.0,-0.07158,-0.997375,-0.010968,14.916042,158.673035,5.727414,-1.031167,-2.355381,0.517089,86.993446,61.147953,0.581035,2.679569,80.156868,153.236923,36.303017
0.420359,0.042276,-0.906372,0.431511,0.869409,0.240679,0.798183,-0.492281,0.347222,61.933929,-0.845093,0.066375,-0.530483,286.187744,26.112078,125.924774,2.145421,0.0,-0.071289,-0.997392,-0.011228,14.909498,158.635529,5.71645,-0.74304,-4.258361,-1.244852,86.993446,61.172722,0.577064,2.688376,80.144157,153.189972,36.292652
0.420541,0.04298,-0.906255,0.433091,0.868214,0.242149,0.797231,-0.494325,0.346505,61.933929,-0.84505,0.066305,-0.530561,285.933258,25.564213,125.745888,2.143135,0.0,-0.071034,-0.997407,-0.011508,14.908897,158.631454,5.721028,-0.070177,-0.475726,0.534091,86.993446,61.208538,0.573732,2.696948,80.135475,153.169601,36.298721
0.420655,0.043892,-0.906158,0.434773,0.866905,0.24382,0.796255,-0.496538,0.345585,61.933929,-0.845011,0.066379,-0.530614,285.677582,24.952681,125.520538,2.141286,0.0,-0.070827,-0.997417,-0.011983,14.912947,158.617355,5.734696,0.464006,-1.616689,1.566178,86.993446,61.24221,0.570998,2.705675,80.131798,153.129272,36.310959
0.420638,0.044576,-0.906133,0.43624,0.865807,0.245099,0.795461,-0.498389,0.344745,61.933929,-0.845044,0.065964,-0.530612,285.469391,24.449926,125.28434,2.139463,0.0,-0.07031,-0.997453,-0.012027,14.912443,158.585846,5.721228,-0.057889,-3.623734,-1.549516,86.993446,61.288223,0.568456,2.714367,80.128357,153.104492,36.291519
0.420563,0.045047,-0.906145,0.437011,0.865208,0.245839,0.795077,-0.499386,0.344188,61.933929,-0.845086,0.065573,-0.530594,285.36734,24.18741,125.122795,2.138091,0.0,-0.069851,-0.997485,-0.01202,14.909588,158.566238,5.709026,-0.333406,-2.290977,-1.424821,86.993446,61.328156,0.565797,2.722931,80.125427,153.09938,36.273933
0.42055,0.0455,-0.906128,0.437272,0.864923,0.246377,0.794941,-0.499838,0.343847,61.933929,-0.845124,0.065265,-0.530572,285.328308,24.099506,125.026474,2.136245,0.0,-0.069398,-0.997515,-0.012161,14.904956,158.578491,5.704119,-0.526074,1.392684,-0.557302,86.993446,61.370411,0.561628,2.731736,80.121651,153.128128,36.265514
0.420503,0.045238,-0.906163,0.437567,0.864817,0.246225,0.794804,-0.500045,0.343864,61.933929,-0.845144,0.064779,-0.530599,285.295807,24.09424,124.983955,2.134059,0.0,-0.069164,-0.997538,-0.011621,14.907647,158.601425,5.65685,0.315461,2.688151,-5.540795,86.993446,61.419666,0.556875,2.740267,80.124603,153.17627,36.218723
0.42064,0.045085,-0.906107,0.438048,0.864532,0.24637,0.794466,-0.500552,0.343908,61.933929,-0.845212,0.064289,-0.530551,285.204681,23.962084,124.973656,2.131542,0.0,-0.068814,-0.997566,-0.011254,14.903009,158.576401,5.638443,-0.529823,-2.859576,-2.10294,86.993446,61.47348,0.551502,2.74902,80.120697,153.174881,36.197102
0.420915,0.044664,-0.906,0.438783,0.864136,0.246453,0.793914,-0.501273,0.34413,61.933929,-0.845223,0.063844,-0.530586,285.059357,23.786831,125.009247,2.129833,0.0,-0.068642,-0.997584,-0.01069,14.903485,158.570755,5.613009,0.055367,-0.656969,-2.962237,86.993446,61.517223,0.548486,2.757606,80.117683,153.185776,36.175232
0.421291,0.044004,-0.905857,0.439593,0.863739,0.246401,0.793267,-0.502015,0.344542,61.933929,-0.845377,0.063255,-0.530412,284.879181,23.637714,125.115021,2.126868,0.0,-0.068368,-0.99761,-0.010005,14.888132,158.588196,5.621291,-1.762435,2.002481,0.950733,86.993446,61.610806,0.546972,2.766317,80.104721,153.228195,36.174667
0.421742,0.043014,-0.905695,0.440212,0.863538,0.245999,0.792684,-0.502446,0.345255,61.933929,-0.845501,0.062679,-0.530283,284.722961,23.526663,125.288361,2.124206,0.0,-0.068234,-0.997628,-0.009124,14.881253,158.562378,5.614614,-0.787016,-2.95366,-0.763911,86.993446,61.690102,0.547991,2.775058,80.098991,153.228394,36.164001
0.422335,0.042076,-0.905463,0.440698,0.863382,0.245676,0.792097,-0.502793,0.346093,61.933929,-0.845625,0.062024,-0.530161,284.561462,23.443279,125.502098,2.121743,0.0,-0.067953,-0.997654,-0.008329,14.870522,158.535721,5.613666,-1.244184,-3.091527,-0.109965,86.993446,61.771816,0.549216,2.783683,80.088829,153.234711,36.161255
0.423066,0.041065,-0.905168,0.441119,0.863263,0.245338,0.791473,-0.503081,0.347102,61.933929,-0.845681,0.061553,-0.530127,284.380585,23.383425,125.757446,2.119641,0.0,-0.067844,-0.997667,-0.007611,14.85421,158.528214,5.602714,-1.89522,-0.871303,-1.27237,86.993446,61.842957,0.550191,2.79229,80.069183,153.249237,36.156178
0.423847,0.040032,-0.904849,0.441578,0.863116,0.245029,0.790799,-0.503416,0.348152,61.933929,-0.845708,0.061171,-0.530128,284.203949,23.306698,126.040146,2.117972,0.0,-0.067822,-0.997673,-0.006925,14.856659,158.522049,5.605839,0.281063,-0.707416,0.358656,86.993446,61.895409,0.550507,2.801003,80.066528,153.258911,36.168034
0.424697,0.03901,-0.904495,0.441974,0.862994,0.244745,0.790121,-0.503705,0.34927,61.933929,-0.845729,0.061129,-0.5301,284.024536,23.246326,126.317909,2.117115,0.0,-0.068046,-0.997661,-0.006485,14.857743,158.540375,5.586684,0.12524,2.114318,-2.210878,86.993446,61.934959,0.550619,2.809667,80.062035,153.273178,36.157059
0.425469,0.038101,-0.904171,0.44237,0.862854,0.244523,0.789484,-0.504015,0.350263,61.933929,-0.845738,0.061194,-0.530077,283.858612,23.184391,126.590538,2.117066,0.0,-0.068332,-0.997644,-0.006148,14.861893,158.568848,5.595447,0.476697,3.270876,1.006715,86.993446,61.973343,0.550665,2.818371,80.060638,153.291153,36.173328
0.426303,0.03744,-0.903805,0.442432,0.862849,0.244428,0.788999,-0.504073,0.35127,61.933929,-0.845743,0.061352,-0.530051,283.75177,23.16275,126.82682,2.117218,0.0,-0.068524,-0.997631,-0.006137,14.885412,158.573273,5.563357,2.638782,0.496447,-3.600287,86.993446,62.004856,0.550991,2.827284,80.078926,153.284576,36.149658
0.426932,0.036862,-0.903532,0.442276,0.862997,0.24419,0.788747,-0.503863,0.352138,61.933929,-0.845793,0.061278,-0.52998,283.691956,23.206085,127.042191,2.117551,0.0,-0.068505,-0.997633,-0.006023,14.891967,158.55574,5.551275,0.784374,-2.097383,-1.445942,86.993446,62.038498,0.551666,2.83564,80.08429,153.273651,36.14106
0.427408,0.036339,-0.903328,0.442318,0.863029,0.243999,0.788465,-0.503846,0.352792,61.933929,-0.845831,0.061304,-0.529916,283.612946,23.248394,127.214851,2.117935,0.0,-0.068613,-0.997626,-0.005894,14.886945,158.596085,5.553262,-0.562829,4.521142,0.222728,86.993446,62.067299,0.552173,2.844563,80.07795,153.311569,36.144897
0.427793,0.03589,-0.903164,0.442446,0.863002,0.243863,0.788185,-0.503924,0.353307,61.933929,-0.845883,0.061309,-0.529834,283.542145,23.259117,127.345657,2.118605,0.0,-0.068698,-0.997621,-0.005762,14.888922,158.629089,5.551774,0.231655,3.866618,-0.174302,86.993446,62.093571,0.55258,2.8531,80.079567,153.342407,36.142681
0.428037,0.035366,-0.903069,0.442481,0.863079,0.243527,0.788032,-0.503829,0.353781,61.933929,-0.845924,0.061287,-0.52977,283.516571,23.267721,127.464844,2.119401,0.0,-0.068835,-0.997613,-0.005496,14.902269,158.6129,5.549217,1.470265,-1.783796,-0.281732,86.993446,62.120033,0.553051,2.862178,80.0933,153.326599,36.1395
0.428194,0.034873,-0.903014,0.442578,0.863123,0.243195,0.787893,-0.503788,0.35415,61.933929,-0.845948,0.061261,-0.529735,283.47995,23.325005,127.542038,2.120606,0.0,-0.068997,-0.997603,-0.005184,14.901691,158.659988,5.531163,-0.070267,5.728704,-2.195995,86.993446,62.14333,0.553462,2.870399,80.092651,153.373306,36.121548
0.428347,0.03443,-0.902958,0.442469,0.863285,0.242817,0.78787,-0.503541,0.354551,61.933929,-0.845914,0.061422,-0.52977,283.474854,23.396452,127.619171,2.121914,0.0,-0.069299,-0.997583,-0.005007,14.904608,158.677078,5.499352,0.333227,1.951733,-3.635205,86.993446,62.157299,0.553502,2.87915,80.093452,153.381012,36.094997
0.428376,0.034416,-0.902945,0.44229,0.863398,0.24274,0.787955,-0.503348,0.354638,61.933929,-0.845874,0.061662,-0.529807,283.49826,23.43499,127.666954,2.123299,0.0,-0.069496,-0.997569,-0.005147,14.907607,158.678192,5.521412,0.353609,0.131598,2.600853,86.993446,62.167229,0.55362,2.887632,80.094971,153.369614,36.120506
0.428409,0.034397,-0.90293,0.442292,0.863397,0.242743,0.787937,-0.503352,0.354673,61.933929,-0.845814,0.06182,-0.529883,283.499359,23.410589,127.657593,2.125111,0.0,-0.069656,-0.997558,-0.005195,14.916438,158.664993,5.497398,1.010003,-1.510085,-2.74634,86.993446,62.159824,0.553176,2.896376,80.100807,153.346222,36.102032
0.428313,0.03447,-0.902973,0.442421,0.863311,0.242812,0.787916,-0.503493,0.354518,61.933929,-0.845786,0.061887,-0.529921,283.484894,23.377834,127.621101,2.127196,0.0,-0.069733,-0.997552,-0.005201,14.908329,158.67485,5.50001,-0.937385,1.140821,0.301936,86.993446,62.148693,0.552789,2.905027,80.091599,153.349976,36.105675
0.428301,0.034334,-0.902984,0.442491,0.863305,0.242706,0.787883,-0.503514,0.354562,61.933929,-0.845767,0.062009,-0.529937,283.478363,23.389006,127.623177,2.12891,0.0,-0.069917,-0.99754,-0.005137,14.9113,158.70018,5.489382,0.337474,2.877046,-1.207511,86.993446,62.142582,0.555582,2.913829,80.09362,153.366409,36.096191
0.428371,0.034247,-0.902954,0.442536,0.863287,0.242687,0.78782,-0.50355,0.354652,61.933929,-0.845762,0.062018,-0.529944,283.471283,23.382856,127.638802,2.130473,0.0,-0.069952,-0.997537,-0.005099,14.921413,158.70462,5.480562,1.18797,0.521705,-1.035897,86.993446,62.13998,0.559318,2.922343,80.102905,153.369537,36.088669
0.428426,0.034115,-0.902933,0.442827,0.863127,0.242725,0.787626,-0.503833,0.354679,61.933929,-0.845662,0.06215,-0.530088,283.447998,23.301699,127.644135,2.13154,0.0,-0.070189,-0.997521,-0.00498,14.953949,158.709824,5.469367,3.754338,0.599924,-1.291892,86.993446,62.144581,0.562532,2.931009,80.129501,153.361526,36.087116
0.428479,0.033945,-0.902914,0.443177,0.86294,0.242752,0.787401,-0.504165,0.354709,61.933929,-0.845673,0.062182,-0.530066,283.434296,23.213436,127.628952,2.130425,0.0,-0.070308,-0.997514,-0.004847,14.999353,158.714218,5.447824,5.228527,0.506415,-2.480677,86.993446,62.188129,0.558204,2.939693,80.174088,153.358917,36.064213
0.42825,0.033514,-0.903039,0.443627,0.862807,0.242403,0.787272,-0.504422,0.354629,61.933929,-0.845661,0.06218,-0.530086,283.411682,23.165178,127.60363,2.128125,0.0,-0.070632,-0.997493,-0.004326,15.010304,158.739731,5.444435,1.263406,2.943063,-0.390979,86.993446,62.238811,0.555623,2.948361,80.184731,153.377045,36.059444
0.4282,0.033606,-0.903059,0.443755,0.862709,0.242518,0.787227,-0.504583,0.354499,61.933929,-0.84556,0.062527,-0.530206,283.414429,23.126181,127.543427,2.127982,0.0,-0.070954,-0.99747,-0.004476,15.029388,158.766144,5.410552,2.191501,3.032992,-3.891126,86.993446,62.248913,0.55533,2.957069,80.19902,153.379669,36.032784
0.428056,0.033761,-0.903122,0.443979,0.862549,0.242678,0.787179,-0.504846,0.35423,61.933929,-0.845499,0.062778,-0.530274,283.416992,23.040382,127.443565,2.127165,0.0,-0.071183,-0.997453,-0.004588,15.046814,158.767105,5.377947,1.962522,0.108748,-3.672079,86.993446,62.266212,0.555669,2.965948,80.213882,153.361847,36.002438
0.427718,0.033219,-0.903301,0.444467,0.862439,0.242174,0.787087,-0.50507,0.354116,61.933929,-0.845365,0.062955,-0.530467,283.404297,22.937025,127.390671,2.126589,0.0,-0.071809,-0.997411,-0.003934,15.063475,158.741837,5.345299,1.940689,-2.943636,-3.80292,86.993446,62.290413,0.555951,2.974533,80.225067,153.316315,35.978939
0.427466,0.032572,-0.903445,0.444766,0.862463,0.241537,0.787055,-0.50507,0.354186,61.933929,-0.845301,0.063374,-0.530519,283.402802,22.885887,127.391258,2.124878,0.0,-0.072597,-0.997355,-0.003468,15.072121,158.722672,5.325901,1.005612,-2.228926,-2.256176,86.993446,62.33569,0.557411,2.983131,80.231728,153.265167,35.961365
0.427412,0.03176,-0.903499,0.444919,0.862592,0.240797,0.786998,-0.504903,0.354552,61.933929,-0.845178,0.063872,-0.530655,283.40332,22.881395,127.445816,2.122915,0.0,-0.073484,-0.997292,-0.003001,15.092995,158.710251,5.275908,2.394086,-1.423728,-5.733794,86.993446,62.36858,0.558285,2.99185,80.246994,153.217422,35.921547
0.427494,0.030979,-0.903487,0.445434,0.862455,0.240334,0.786662,-0.505186,0.354895,61.933929,-0.845045,0.064537,-0.530785,283.339142,22.775524,127.495964,2.121944,0.0,-0.074491,-0.997218,-0.002655,15.123673,158.727859,5.226934,3.554084,2.039805,-5.673495,86.993446,62.386539,0.558594,3.000482,80.269623,153.184525,35.88303
0.427823,0.030232,-0.903357,0.445988,0.862241,0.240072,0.786169,-0.505595,0.355403,61.933929,-0.845002,0.065243,-0.530769,283.242798,22.616003,127.587082,2.12129,0.0,-0.075393,-0.997151,-0.002542,15.160001,158.726334,5.183543,4.163644,-0.174913,-4.973183,86.993446,62.422291,0.559154,3.009207,80.3004,153.1306,35.842957
0.428575,0.035331,-0.902815,0.444702,0.86157,0.244821,0.786488,-0.506408,0.353536,61.933929,-0.844465,0.071879,-0.530765,283.305328,21.720423,127.006081,2.126072,0.0,-0.07826,-0.996878,-0.010489,15.165685,158.422226,5.077161,0.654969,-35.044521,-12.258767,86.993446,63.057972,0.563586,3.017885,80.280693,152.445007,35.74411
0.428203,0.041922,-0.90271,0.44551,0.859303,0.251235,0.786233,-0.509746,0.349279,61.933929,-0.843788,0.078088,-0.530966,283.209015,20.256451,125.788818,2.141611,0.0,-0.080696,-0.99657,-0.018325,15.16687,158.203812,4.958324,0.13801,-25.428444,-13.835907,86.993446,63.638,0.567947,3.026474,80.250107,151.842712,35.625603
0.427134,0.04892,-0.902864,0.449483,0.854927,0.258968,0.784551,-0.516436,0.34318,61.933929,-0.843203,0.083523,-0.531068,282.777435,17.988285,124.109291,2.158484,0.0,-0.082805,-0.996247,-0.02521,15.202607,158.04245,4.87722,4.127561,-18.638655,-9.367627,86.993446,64.11647,0.57432,3.035132,80.252708,151.30159,35.520542
0.425973,0.055007,-0.903062,0.454886,0.849792,0.266331,0.782065,-0.52424,0.336966,61.933929,-0.842757,0.088087,-0.531038,282.140564,15.525865,122.38501,2.174876,0.0,-0.084765,-0.995929,-0.030679,15.238371,157.941696,4.794462,4.115078,-11.592719,-9.522244,86.993446,64.530251,0.602906,3.043823,80.257706,150.853714,35.40028
0.424972,0.059773,-0.903231,0.459786,0.845261,0.272267,0.779741,-0.530999,0.331729,61.933929,-0.842313,0.09174,-0.531124,281.549438,13.438507,120.951996,2.190503,0.0,-0.086531,-0.995643,-0.034746,15.277726,157.886108,4.739217,4.542392,-6.415791,-6.376334,86.993446,64.853561,0.632181,3.052487,80.266579,150.511093,35.319183
0.424279,0.063223,-0.903322,0.463977,0.841485,0.276818,0.777633,-0.536569,0.32769,61.933929,-0.841957,0.094952,-0.531124,281.014435,11.757603,119.839417,2.204639,0.0,-0.088353,-0.995368,-0.037888,15.312915,157.894669,4.693505,4.053036,0.986385,-5.265122,86.993446,65.110977,0.660538,3.061169,80.27562,150.267822,35.249187
0.424083,0.065757,-0.903233,0.466106,0.839271,0.279945,0.776466,-0.539722,0.325271,61.933929,-0.841563,0.098282,-0.531142,280.71994,10.741316,119.160744,2.21782,0.0,-0.090333,-0.995067,-0.040998,15.344255,157.924255,4.649004,3.649345,3.444999,-5.181883,86.993446,65.298508,0.688167,3.069757,80.282471,150.065643,35.19516
0.423725,0.066734,-0.903329,0.468499,0.837376,0.281621,0.77522,-0.542538,0.323553,61.933929,-0.841346,0.10083,-0.531009,280.429626,9.86533,118.644363,2.230247,0.0,-0.092408,-0.994814,-0.042484,15.391549,157.964752,4.595328,5.348178,4.579029,-6.069863,86.993446,65.462708,0.715869,3.0786,80.313766,149.916595,35.122242
0.423695,0.067797,-0.903264,0.471221,0.835137,0.283719,0.773585,-0.545847,0.321896,61.933929,-0.84124,0.103195,-0.530722,280.034729,8.874501,118.165497,2.24216,0.0,-0.094168,-0.994578,-0.044124,15.432734,158.009659,4.571579,4.678451,5.101644,-2.697802,86.993446,65.579338,0.742738,3.087403,80.340874,149.779877,35.070992
0.423423,0.067433,-0.903419,0.47263,0.834316,0.283792,0.772874,-0.547147,0.321398,61.933929,-0.841156,0.105323,-0.530437,279.884094,8.452366,117.967209,2.253311,0.0,-0.096323,-0.994346,-0.04469,15.472774,158.074615,4.524434,4.76385,7.728024,-5.609116,86.993446,65.663689,0.767345,3.095808,80.373901,149.693298,35.00132
0.4235,0.06681,-0.903429,0.472759,0.834403,0.28332,0.772753,-0.54709,0.321784,61.933929,-0.841268,0.107357,-0.529852,279.899139,8.366797,117.981369,2.260021,0.0,-0.098156,-0.994127,-0.04558,15.514566,158.100525,4.472444,4.799873,2.976789,-5.971137,86.993446,65.725555,0.784211,3.104515,80.42012,149.593155,34.915707
0.42381,0.066033,-0.903341,0.472906,0.834473,0.282867,0.772492,-0.547078,0.322431,61.933929,-0.841309,0.109395,-0.52937,279.868652,8.307246,118.083633,2.258329,0.0,-0.100026,-0.993901,-0.046423,15.551922,158.165039,4.432028,4.320011,7.459846,-4.673919,86.993446,65.76609,0.789725,3.113162,80.456863,149.530304,34.851097
0.424259,0.064908,-0.903212,0.473438,0.834349,0.282344,0.77192,-0.547402,0.32325,61.933929,-0.841351,0.111386,-0.528888,279.760559,8.117211,118.239021,2.257547,0.0,-0.102016,-0.993673,-0.046986,15.594405,158.189117,4.399108,4.918818,2.788384,-3.811552,86.993446,65.794838,0.787733,3.121799,80.49649,149.423904,34.794918
0.424952,0.06462,-0.902906,0.47443,0.83358,0.282948,0.770929,-0.548605,0.323574,61.933929,-0.841283,0.11375,-0.528492,279.526093,7.704379,118.26342,2.257713,0.0,-0.103938,-0.993407,-0.048362,15.627162,158.245743,4.358123,3.711366,6.414919,-4.643615,86.993446,65.806404,0.78195,3.130625,80.517807,149.321823,34.735779
0.426102,0.063336,-0.902455,0.47926,0.830264,0.284556,0.767299,-0.55376,0.323423,61.933929,-0.841806,0.11654,-0.52705,278.672516,6.330788,117.993683,2.257789,0.0,-0.106606,-0.993078,-0.049315,15.710935,158.437973,4.218504,3.122585,7.165554,-5.204237,86.993446,66.035042,0.766976,3.157453,80.601456,149.278961,34.5051
0.42641,0.062368,-0.902377,0.479812,0.8301,0.284104,0.766782,-0.554116,0.324038,61.933929,-0.842028,0.11672,-0.526654,278.622223,6.244768,118.07708,2.256381,0.0,-0.107032,-0.993049,-0.048959,15.787387,158.462112,4.164676,9.752806,3.079022,-6.866724,86.993446,65.958946,0.764855,3.165292,80.684479,149.284698,34.429619
0.426313,0.06143,-0.902487,0.480156,0.830168,0.283322,0.766621,-0.554118,0.324416,61.933929,-0.842192,0.117104,-0.526307,278.583435,6.259878,118.155266,2.254741,0.0,-0.107749,-0.992993,-0.048523,15.783102,158.506577,4.167256,-0.496641,5.153609,0.299056,86.993446,65.933022,0.760203,3.173919,80.687363,149.30043,34.410343
0.426265,0.060503,-0.902573,0.481012,0.82985,0.282799,0.76611,-0.554696,0.324634,61.933929,-0.84243,0.117088,-0.52593,278.472626,6.138568,118.166527,2.252666,0.0,-0.108143,-0.992983,-0.047845,15.795464,158.545242,4.14766,1.431369,4.477777,-2.269027,86.993446,65.937988,0.751233,3.182555,80.70826,149.328217,34.365288
0.426461,0.059552,-0.902543,0.481863,0.829487,0.282416,0.765467,-0.555342,0.325048,61.933929,-0.84263,0.117172,-0.525591,278.328033,5.976436,118.237106,2.250686,0.0,-0.108564,-0.992963,-0.047313,15.811984,158.566833,4.131544,1.915594,2.503545,-1.868842,86.993446,65.943855,0.743267,3.191179,80.729904,149.332794,34.328865
0.426513,0.058345,-0.902598,0.482167,0.829632,0.281471,0.765247,-0.555253,0.325717,61.933929,-0.842763,0.117342,-0.525339,278.307312,6.02551,118.379135,2.2486,0.0,-0.109196,-0.992927,-0.046608,15.843199,158.608871,4.11462,3.531166,4.756444,-1.914405,86.993446,65.954842,0.734032,3.200019,80.765953,149.359055,34.298405
0.426522,0.057073,-0.902675,0.481954,0.83018,0.280217,0.765375,-0.554567,0.326584,61.933929,-0.842992,0.117105,-0.525024,278.394348,6.250126,118.565063,2.246416,0.0,-0.109445,-0.99294,-0.045746,15.885391,158.639252,4.093475,4.872054,3.507191,-2.441729,86.993446,65.96804,0.72432,3.208679,80.819824,149.406387,34.26054
0.426497,0.056449,-0.902726,0.480959,0.831098,0.279202,0.766015,-0.553253,0.327311,61.933929,-0.843055,0.117288,-0.524883,278.563141,6.579342,118.725601,2.245183,0.0,-0.109745,-0.992913,-0.045601,15.882308,158.627075,4.070508,-0.360621,-1.424274,-2.686251,86.993446,65.963814,0.716866,3.217229,80.823524,149.396484,34.233181
0.426244,0.055631,-0.902896,0.480127,0.832007,0.277925,0.766677,-0.551968,0.327928,61.933929,-0.84321,0.116931,-0.524713,278.748474,6.893502,118.866386,2.24347,0.0,-0.109752,-0.992944,-0.044905,15.884328,158.576645,4.061569,0.232353,-5.800257,-1.028144,86.993446,65.986008,0.706457,3.225923,80.837776,149.379074,34.214821
0.426092,0.055763,-0.90296,0.479064,0.832765,0.27749,0.767427,-0.550811,0.32812,61.933929,-0.843202,0.116818,-0.524751,278.949921,7.212924,118.921204,2.242156,0.0,-0.109546,-0.992962,-0.045024,15.887754,158.575455,4.06293,0.391141,-0.13663,0.155411,86.993446,65.987411,0.698568,3.234683,80.845764,149.399811,34.220009
0.425495,0.056115,-0.903219,0.478027,0.833531,0.276978,0.768404,-0.549616,0.327838,61.933929,-0.843077,0.116344,-0.525057,279.212006,7.536341,118.852684,2.241295,0.0,-0.109164,-0.993016,-0.044753,15.895774,158.547699,4.051639,0.924827,-3.200034,-1.302196,86.993446,65.967499,0.693664,3.243354,80.855591,149.414551,34.224236
0.424665,0.056511,-0.903585,0.476895,0.834399,0.276315,0.769565,-0.548257,0.32739,61.933929,-0.843018,0.116053,-0.525216,279.531769,7.920494,118.742775,2.2404,0.0,-0.108936,-0.993049,-0.044574,15.909025,158.547928,4.05351,1.544672,0.025645,0.218108,86.993446,65.947998,0.689188,3.251933,80.875648,149.447937,34.230103
0.423984,0.057192,-0.903862,0.475551,0.835294,0.275925,0.770771,-0.54682,0.326954,61.933929,-0.843077,0.115904,-0.525155,279.867676,8.310379,118.632263,2.239548,0.0,-0.108555,-0.993076,-0.044904,15.921336,158.537735,4.064049,1.401571,-1.160295,1.199786,86.993446,65.936546,0.683931,3.260717,80.900185,149.467041,34.232056
0.42333,0.057658,-0.904139,0.475074,0.835632,0.275726,0.771425,-0.546256,0.326356,61.933929,-0.843139,0.115582,-0.525126,280.055176,8.470792,118.470421,2.238673,0.0,-0.108216,-0.993116,-0.044838,15.931128,158.525223,4.065193,1.139245,-1.455287,0.133074,86.993446,65.941467,0.677978,3.269311,80.918999,149.48172,34.224583
0.422816,0.058021,-0.904356,0.475248,0.835509,0.275797,0.7716,-0.546405,0.325692,61.933929,-0.843256,0.115056,-0.525054,280.098907,8.466075,118.269112,2.237662,0.0,-0.107756,-0.993177,-0.044576,15.921299,158.528122,4.047353,-1.138041,0.335466,-2.065744,86.993446,65.959068,0.669717,3.277947,80.917572,149.515533,34.19466
0.422213,0.057828,-0.90465,0.475938,0.835209,0.275516,0.771505,-0.546884,0.325113,61.933929,-0.843419,0.114275,-0.524962,280.08725,8.374216,118.101837,2.236537,0.0,-0.10741,-0.993256,-0.043647,15.924744,158.521378,4.044497,0.394114,-0.771258,-0.326736,86.993446,65.989616,0.660454,3.286688,80.930374,149.547165,34.176891
0.421755,0.057728,-0.90487,0.476646,0.834836,0.275422,0.771318,-0.547463,0.32458,61.933929,-0.843556,0.113763,-0.524853,280.049713,8.212139,117.948929,2.235584,0.0,-0.107203,-0.993307,-0.043002,15.928389,158.487183,4.043598,0.421132,-3.950771,-0.103866,86.993446,66.016609,0.651382,3.295342,80.941078,149.534775,34.161522
0.42147,0.057817,-0.904997,0.477262,0.834433,0.275577,0.771093,-0.548068,0.324094,61.933929,-0.843657,0.113347,-0.524781,279.995667,8.055474,117.803421,2.234968,0.0,-0.106937,-0.993351,-0.042636,15.927961,158.469147,4.033834,-0.049536,-2.093413,-1.132553,86.993446,66.029694,0.642932,3.303963,80.945152,149.534225,34.141464
0.421142,0.058054,-0.905135,0.477895,0.833982,0.275845,0.77088,-0.548729,0.323481,61.933929,-0.843681,0.113009,-0.524815,279.941467,7.897993,117.636894,2.234797,0.0,-0.106724,-0.993387,-0.042339,15.927588,158.470261,4.029836,-0.042356,0.126639,-0.452517,86.993446,66.027901,0.636545,3.312799,80.945839,149.547379,34.133259
0.420892,0.05848,-0.905224,0.478127,0.833741,0.276171,0.770873,-0.54905,0.322954,61.933929,-0.843656,0.112689,-0.524925,279.930573,7.784817,117.490501,2.234885,0.0,-0.106397,-0.993425,-0.042266,15.919002,158.42334,4.017184,-0.998434,-5.455487,-1.47125,86.993446,66.013229,0.632311,3.321398,80.936874,149.517044,34.122952
0.420627,0.058695,-0.905333,0.478268,0.833632,0.276255,0.77093,-0.549192,0.322576,61.933929,-0.843656,0.112385,-0.52499,279.948761,7.782631,117.383575,2.234939,0.0,-0.106159,-0.993459,-0.042074,15.92119,158.441025,4.007611,0.252703,2.04165,-1.105339,86.993446,66.001389,0.628202,3.330059,80.940315,149.551453,34.113522
0.420337,0.05899,-0.905449,0.478231,0.833632,0.27632,0.771111,-0.549161,0.322195,61.933929,-0.843628,0.112048,-0.525107,279.973083,7.70857,117.299583,2.235068,0.0,-0.105863,-0.993497,-0.041916,15.898127,158.338013,4.018284,-2.677745,-11.961146,1.239186,86.993446,65.988594,0.624084,3.338672,80.917961,149.469543,34.127811
0.420128,0.059061,-0.905541,0.478595,0.833396,0.276401,0.770999,-0.549511,0.321867,61.933929,-0.843617,0.111678,-0.525203,279.944641,7.658012,117.206108,2.235214,0.0,-0.105651,-0.993534,-0.041559,15.899019,158.360535,4.007366,0.103186,2.604144,-1.262061,86.993446,65.979729,0.619992,3.347323,80.918419,149.509323,34.119183
0.419906,0.059148,-0.905638,0.478948,0.833166,0.276483,0.770901,-0.54985,0.321523,61.933929,-0.8436,0.111319,-0.525306,279.900574,7.595846,117.122162,2.235422,0.0,-0.105448,-0.993571,-0.041209,15.880861,158.36911,4.009555,-2.072892,0.979248,0.24992,86.993446,65.966728,0.61676,3.356083,80.899681,149.534576,34.123966
0.419867,0.059334,-0.905644,0.479171,0.832959,0.276721,0.770783,-0.550144,0.321301,61.933929,-0.843604,0.111122,-0.525342,279.871918,7.511416,117.074684,2.235525,0.0,-0.105242,-0.993594,-0.041168,15.882865,158.35141,4.018872,0.230636,-2.038019,1.072305,86.993446,65.961472,0.613003,3.364771,80.901329,149.526138,34.133812
0.419881,0.059378,-0.905635,0.479265,0.832876,0.276809,0.770717,-0.550266,0.321251,61.933929,-0.843583,0.110992,-0.525403,279.8396,7.444021,117.062378,2.235694,0.0,-0.105137,-0.993608,-0.041094,15.86894,158.308884,4.015995,-1.635268,-4.993807,-0.33785,86.993446,65.960892,0.608315,3.373286,80.885994,149.490097,34.134453
0.419864,0.059233,-0.905652,0.47927,0.83292,0.276668,0.770723,-0.550215,0.321324,61.933929,-0.843564,0.110835,-0.525467,279.841736,7.473898,117.079781,2.235812,0.0,-0.105095,-0.993622,-0.040866,15.87038,158.316544,4.010295,0.165076,0.878428,-0.653419,86.993446,65.965614,0.603361,3.382009,80.886604,149.506775,34.1329
0.419753,0.05898,-0.90572,0.479074,0.833161,0.276281,0.770905,-0.549877,0.321466,61.933929,-0.843543,0.110613,-0.525547,279.886597,7.567168,117.120392,2.23587,0.0,-0.105061,-0.993641,-0.040502,15.867779,158.307083,4.009328,-0.300457,-1.093665,-0.111603,86.993446,65.972923,0.601586,3.390669,80.88446,149.512787,34.136944
0.419837,0.059203,-0.905667,0.47849,0.833491,0.276297,0.771223,-0.549352,0.321602,61.933929,-0.843482,0.110552,-0.525658,279.950012,7.671826,117.165062,2.23613,0.0,-0.104852,-0.993653,-0.040729,15.850611,158.264313,4.009572,-1.981976,-4.936856,0.028052,86.993446,65.966827,0.601074,3.399331,80.865936,149.481964,34.146496
0.420032,0.05962,-0.905549,0.477926,0.833723,0.276573,0.771466,-0.548955,0.321696,61.933929,-0.843418,0.110685,-0.525733,280.014893,7.782829,117.197281,2.236478,0.0,-0.104674,-0.99365,-0.041272,15.854934,158.272354,4.009676,0.494088,0.919206,0.011967,86.993446,65.957092,0.600197,3.408081,80.86795,149.490402,34.154415
0.420252,0.059751,-0.905438,0.477576,0.833884,0.276692,0.771563,-0.548696,0.321906,61.933929,-0.843434,0.110576,-0.525731,280.029663,7.871741,117.243774,2.234703,0.0,-0.104408,-0.993669,-0.041493,15.844284,158.282364,3.999106,-1.23607,1.161453,-1.226797,86.993446,65.953773,0.599473,3.416697,80.85788,149.512619,34.146664
0.420723,0.060315,-0.905182,0.477128,0.833927,0.277334,0.771583,-0.548569,0.322074,61.933929,-0.843432,0.110624,-0.525724,280.005096,7.917402,117.317932,2.233384,0.0,-0.103985,-0.99368,-0.042267,15.81597,158.29007,4.025309,-3.264959,0.889293,3.021482,86.993446,65.939995,0.598395,3.425369,80.828018,149.52533,34.177395
0.421352,0.060978,-0.904845,0.476664,0.833916,0.278163,0.771527,-0.548512,0.322306,61.933929,-0.843441,0.110774,-0.525676,279.970978,7.927315,117.396179,2.232136,0.0,-0.103536,-0.993684,-0.043273,15.79835,158.285843,4.040258,-2.017623,-0.484289,1.711892,86.993446,65.923729,0.597215,3.434102,80.808426,149.520569,34.195839
0.421972,0.06166,-0.90451,0.476171,0.833922,0.278991,0.771493,-0.548427,0.322531,61.933929,-0.843394,0.110738,-0.52576,279.917297,7.961711,117.473801,2.231164,0.0,-0.102962,-0.993706,-0.044133,15.758031,158.28775,4.04809,-4.699255,0.221364,0.912756,86.993446,65.899261,0.595505,3.442682,80.763573,149.533218,34.215385
0.422396,0.061972,-0.90429,0.475833,0.833972,0.279416,0.771469,-0.548316,0.322779,61.933929,-0.843356,0.110639,-0.525843,279.881958,8.015318,117.534073,2.230862,0.0,-0.102585,-0.993726,-0.044556,15.732298,158.30098,4.03447,-2.965008,1.5255,-1.569287,86.993446,65.872963,0.593729,3.451361,80.734421,149.557953,34.211742
0.4229,0.062736,-0.904002,0.475337,0.833977,0.280244,0.771499,-0.548221,0.322868,61.933929,-0.843235,0.110675,-0.526028,279.84668,8.079162,117.581505,2.23146,0.0,-0.102106,-0.993737,-0.045402,15.69661,158.334579,4.04173,-4.097289,3.856506,0.833531,86.993446,65.832039,0.5918,3.460071,80.691429,149.59729,34.236065
0.423164,0.063161,-0.903849,0.474522,0.834366,0.280468,0.771856,-0.54758,0.323102,61.933929,-0.843203,0.110489,-0.526118,279.924835,8.276822,117.653496,2.231418,0.0,-0.101604,-0.993767,-0.04586,15.682949,158.343201,4.043386,-1.583116,0.998873,0.191922,86.993446,65.807777,0.590456,3.4687,80.677437,149.629578,34.247646
0.423229,0.063884,-0.903768,0.473441,0.834893,0.280725,0.772484,-0.546692,0.323106,61.933929,-0.843131,0.110168,-0.526302,280.075073,8.558146,117.678635,2.231368,0.0,-0.100915,-0.993814,-0.046365,15.671149,158.359436,4.053528,-1.351046,1.859682,1.161206,86.993446,65.797508,0.589587,3.477434,80.665558,149.681534,34.271786
0.423276,0.065095,-0.903659,0.472168,0.835406,0.281343,0.773236,-0.545765,0.322872,61.933929,-0.842965,0.109964,-0.52661,280.250153,8.843589,117.631683,2.232654,0.0,-0.100127,-0.993852,-0.047255,15.655642,158.374222,4.045592,-1.792996,1.708424,-0.917525,86.993446,65.753899,0.587855,3.486083,80.646278,149.727722,34.285297
0.423244,0.06608,-0.903603,0.470882,0.836012,0.281697,0.774038,-0.544717,0.322722,61.933929,-0.842871,0.110338,-0.526682,280.445068,9.138485,117.630646,2.233301,0.0,-0.099888,-0.993823,-0.048349,15.643561,158.402222,4.07671,-1.367193,3.169083,3.521665,86.993446,65.730659,0.588044,3.494919,80.634415,149.752197,34.323055
0.423413,0.06709,-0.903449,0.4693,0.836772,0.282082,0.774906,-0.543426,0.322814,61.933929,-0.842827,0.110923,-0.526629,280.655304,9.484283,117.688438,2.234582,0.0,-0.099681,-0.993773,-0.049785,15.627326,158.42627,4.108703,-1.891596,2.801634,3.727457,86.993446,65.688789,0.591762,3.503502,80.620483,149.764694,34.356907
0.423476,0.067503,-0.903389,0.467894,0.837614,0.28192,0.775721,-0.542076,0.323125,61.933929,-0.842814,0.111173,-0.526597,280.843994,9.848153,117.773544,2.235699,0.0,-0.099522,-0.993752,-0.050512,15.601708,158.436462,4.111081,-2.975591,1.184706,0.276216,86.993446,65.661255,0.595177,3.512111,80.598724,149.780197,34.361805
0.423542,0.068022,-0.903319,0.466149,0.838654,0.281718,0.776735,-0.540401,0.323497,61.933929,-0.842726,0.111637,-0.52664,281.089355,10.269805,117.909119,2.237312,0.0,-0.099487,-0.993708,-0.051447,15.58411,158.429062,4.142044,-2.02978,-0.85294,3.571277,86.993446,65.63073,0.599679,3.520781,80.582497,149.769287,34.401318
0.423652,0.068375,-0.903241,0.464925,0.83937,0.281607,0.777408,-0.539243,0.323812,61.933929,-0.84278,0.111516,-0.52658,281.240662,10.574798,117.99218,2.238297,0.0,-0.099032,-0.993727,-0.051947,15.555449,158.40918,4.143608,-3.229414,-2.2407,0.17624,86.993446,65.616829,0.602412,3.529656,80.559891,149.775284,34.403168
0.423861,0.069124,-0.903086,0.464143,0.839634,0.282112,0.777762,-0.538737,0.323805,61.933929,-0.842738,0.111636,-0.526621,281.318817,10.696746,117.998154,2.239819,0.0,-0.098649,-0.993721,-0.052787,15.543074,158.395569,4.145526,-1.463912,-1.611008,0.226952,86.993446,65.586937,0.607141,3.53811,80.546814,149.766663,34.410938
0.424063,0.070018,-0.902922,0.46343,0.839804,0.282776,0.778076,-0.538356,0.323681,61.933929,-0.842741,0.111963,-0.526548,281.397247,10.792014,117.985321,2.241344,0.0,-0.098352,-0.993692,-0.053882,15.53902,158.400558,4.166513,-0.459021,0.566114,2.376207,86.993446,65.565475,0.611522,3.546942,80.543983,149.763702,34.429966
0.424079,0.070459,-0.90288,0.462902,0.840027,0.282977,0.778382,-0.53795,0.323622,61.933929,-0.842718,0.111799,-0.526619,281.455811,10.903916,117.983093,2.24298,0.0,-0.097967,-0.993713,-0.054192,15.518123,158.389526,4.174292,-2.462548,-1.300185,0.916723,86.993446,65.549133,0.616966,3.555428,80.523651,149.770752,34.443085
0.423942,0.070741,-0.902922,0.462314,0.840375,0.282907,0.778806,-0.537369,0.323566,61.933929,-0.842648,0.111568,-0.526779,281.547089,11.064259,117.995125,2.244869,0.0,-0.097666,-0.99374,-0.054237,15.500362,158.377762,4.190828,-2.027156,-1.343659,1.887438,86.993446,65.528946,0.623446,3.564189,80.505432,149.781235,34.469593
