0.926678,-0.207427,0.313436,0.369877,0.651431,-0.662441,0.066774,-0.729802,-0.680389,62.003296,0.270973,0.617685,-0.738267,49.177986,-68.647461,-127.68502,1.156691,0.0,0.785152,0.301872,0.540749,48.206593,178.573181,14.131376,-0.273871,-1.567393,-1.160918,86.993446,53.93771,0.0,4.474718,31.940947,119.744316,47.951218
0.926441,-0.207295,0.314222,0.370431,0.650563,-0.662985,0.066988,-0.730614,-0.679497,62.003296,0.271563,0.616753,-0.738829,49.206089,-68.825218,-127.419701,1.118762,0.0,0.784912,0.302305,0.540856,48.214294,178.561218,14.107143,0.880994,-1.368959,-2.772383,86.993446,54.785442,0.0,4.483459,31.913847,119.776031,47.986141
0.92623,-0.207003,0.315034,0.370902,0.649665,-0.663601,0.067299,-0.731495,-0.678518,62.003296,0.272074,0.61577,-0.739461,49.269917,-69.003159,-127.123688,1.065448,0.0,0.784629,0.302904,0.54093,48.224838,178.565063,14.08455,1.218478,0.443529,-2.610109,86.993446,55.691269,0.0,4.492115,31.897247,119.825432,48.029434
0.92604,-0.206461,0.31595,0.371263,0.64896,-0.66409,0.067931,-0.732274,-0.677614,62.003296,0.272497,0.614958,-0.739981,49.407162,-69.149315,-126.844017,0.990242,0.0,0.784178,0.303684,0.541147,48.212761,178.58345,14.074161,-1.411474,2.14917,-1.214154,86.993446,56.527103,0.0,4.500672,31.871492,119.880432,48.075737
0.925802,-0.205662,0.317166,0.371656,0.648409,-0.664408,0.06901,-0.732987,-0.676733,62.003296,0.272988,0.614275,-0.740367,49.681976,-69.283943,-126.579491,0.89344,0.0,0.783453,0.304662,0.541649,48.216755,178.603287,14.064236,0.458457,2.276685,-1.139227,86.993446,57.411579,0.0,4.509384,31.867704,119.929802,48.113026
0.925671,-0.205029,0.317956,0.371845,0.647995,-0.664706,0.06975,-0.73353,-0.676069,62.003296,0.273241,0.613758,-0.740703,49.883701,-69.389603,-126.373466,0.916938,0.022942,0.782971,0.305427,0.541914,48.227169,178.615524,14.06011,1.204808,1.417032,-0.477305,86.993446,58.222549,0.0,4.518027,31.878473,119.964348,48.147465
0.925585,-0.204755,0.318384,0.372018,0.647496,-0.665095,0.06997,-0.734047,-0.675485,62.003296,0.273437,0.613198,-0.741094,49.952831,-69.468437,-126.196053,0.921963,0.056845,0.782803,0.305868,0.541908,48.247375,178.64444,14.046498,2.313343,3.309305,-1.558564,86.993446,58.872929,0.0,4.526761,31.890596,120.018929,48.174118
0.925453,-0.204739,0.318776,0.372312,0.64726,-0.665161,0.070146,-0.734259,-0.675235,62.003296,0.273755,0.612947,-0.741184,49.973648,-69.510338,-126.10199,0.91687,0.049622,0.782637,0.305965,0.542093,48.240116,178.645554,14.064089,-0.816872,0.125673,1.979624,86.993446,58.924175,0.0,4.535647,31.866035,120.031914,48.203808
0.925322,-0.205425,0.318717,0.372736,0.647115,-0.665064,0.069625,-0.734195,-0.675359,62.003296,0.274154,0.612882,-0.741091,49.798374,-69.498184,-126.156105,0.908602,0.043537,0.782861,0.30534,0.542122,48.238464,178.635635,14.051066,-0.196007,-1.175269,-1.544628,86.993446,58.966465,0.0,4.544078,31.825216,120.02758,48.181538
0.925265,-0.206028,0.318493,0.372979,0.647067,-0.664975,0.069083,-0.734069,-0.675552,62.003296,0.274363,0.612908,-0.740992,49.646057,-69.480072,-126.227348,0.896334,0.038718,0.783135,0.304763,0.542051,48.253021,178.620209,14.040931,1.677061,-1.777501,-1.167685,86.993446,58.994919,0.0,4.552758,31.812923,120.0131,48.160103
0.925214,-0.207031,0.31799,0.373291,0.646952,-0.664911,0.068067,-0.733887,-0.675852,62.003296,0.274608,0.612916,-0.740894,49.345066,-69.437675,-126.298431,0.874809,0.034817,0.783678,0.303813,0.541799,48.254753,178.612411,14.061267,0.198531,-0.893368,2.329443,86.993446,59.015186,0.0,4.561488,31.774265,120.008583,48.166595
0.925284,-0.208575,0.316774,0.373453,0.646805,-0.664963,0.066196,-0.73358,-0.676372,62.003296,0.27463,0.612959,-0.74085,48.822163,-69.355072,-126.466026,0.838859,0.032087,0.78476,0.302342,0.541056,48.260155,178.611984,14.043409,0.625717,-0.048913,-2.067736,86.993446,59.030499,0.0,4.570124,31.7342,120.011841,48.133053
0.925361,-0.210349,0.315374,0.373615,0.646895,-0.664784,0.064177,-0.732994,-0.677201,62.003296,0.274642,0.613282,-0.740579,48.286068,-69.096512,-126.688354,0.879875,0.030505,0.785926,0.300559,0.540356,48.293522,178.727921,14.073618,3.88454,13.496632,3.517123,86.993446,59.045395,0.0,4.578713,31.719269,120.11908,48.12487
0.925426,-0.211732,0.314254,0.373704,0.647196,-0.664441,0.062701,-0.73233,-0.678058,62.003296,0.274621,0.613776,-0.740177,47.891598,-68.915924,-126.943527,0.928541,0.029706,0.786783,0.299088,0.539925,48.313419,178.755295,14.087216,2.276321,3.13187,1.555724,86.993446,59.066769,0.0,4.587454,31.705933,120.128189,48.09079
0.925409,-0.212314,0.313912,0.373823,0.64746,-0.664117,0.062244,-0.731928,-0.678533,62.003296,0.274709,0.614129,-0.739852,47.738529,-68.850594,-127.110596,0.94379,0.029515,0.787029,0.29842,0.539935,48.295063,178.731445,14.076159,-2.132918,-2.770114,-1.285052,86.993446,59.092747,0.0,4.596059,31.6709,120.089821,48.046513
0.925451,-0.212296,0.3138,0.373699,0.647831,-0.663825,0.062363,-0.731605,-0.678871,62.003296,0.274589,0.614517,-0.739574,47.770599,-68.792419,-127.223938,0.934589,0.029626,0.786985,0.298311,0.540061,48.285614,178.724792,14.076596,-1.061454,-0.747416,0.049111,86.993446,59.11002,0.0,4.604962,31.672291,120.064629,48.020241
0.925528,-0.21251,0.313429,0.373551,0.648113,-0.663634,0.062108,-0.731293,-0.67923,62.003296,0.274417,0.614842,-0.739368,47.700249,-68.73616,-127.34861,0.926879,0.030761,0.787166,0.298001,0.539968,48.275192,178.715164,14.06707,-1.216199,-1.124881,-1.11185,86.993446,59.120922,0.0,4.61353,31.667547,120.040405,47.988277
0.925579,-0.212695,0.313154,0.373457,0.648352,-0.663453,0.061921,-0.731027,-0.679533,62.003296,0.274305,0.615117,-0.73918,47.663322,-68.694473,-127.414314,0.921592,0.032054,0.787296,0.297735,0.539924,48.283504,178.700638,14.099488,0.95921,-1.676267,3.741305,86.993446,59.137505,0.0,4.622195,31.679001,120.013504,48.000809
0.925496,-0.212864,0.313284,0.373662,0.648359,-0.66333,0.061921,-0.730972,-0.679593,62.003296,0.274517,0.615147,-0.739077,47.678162,-68.630287,-127.429588,0.917987,0.03342,0.787253,0.297566,0.54008,48.312542,178.751221,14.107941,3.346137,5.828451,0.973966,86.993446,59.149426,0.0,4.630873,31.693724,120.063339,48.000961
0.925404,-0.212889,0.313538,0.373861,0.648362,-0.663216,0.062094,-0.730962,-0.679587,62.003296,0.274736,0.615153,-0.738991,47.692066,-68.645897,-127.423462,0.915177,0.035045,0.78711,0.29754,0.540304,48.2925,178.733276,14.118279,-2.299728,-2.058468,1.186418,86.993446,59.158611,0.0,4.639588,31.66297,120.045212,48.005718
0.925316,-0.212816,0.313846,0.374033,0.648364,-0.663116,0.062365,-0.730981,-0.679542,62.003296,0.274935,0.615146,-0.738922,47.749989,-68.681259,-127.403412,0.912873,0.036434,0.786914,0.297611,0.54055,48.287769,178.702744,14.130129,-0.549204,-3.54186,1.374729,86.993446,59.172493,0.0,4.648207,31.651157,120.014717,48.014149
0.925254,-0.213109,0.313831,0.374211,0.64844,-0.662942,0.062222,-0.730828,-0.679719,62.003296,0.275109,0.615264,-0.73876,47.718063,-68.60228,-127.455986,0.911131,0.037779,0.786961,0.297294,0.540655,48.307781,178.746796,14.13839,2.331139,5.130415,0.962139,86.993446,59.17907,0.0,4.656793,31.656096,120.054321,48.007301
0.925199,-0.213395,0.3138,0.374371,0.648536,-0.662758,0.062081,-0.73066,-0.679913,62.003296,0.275263,0.615402,-0.738587,47.661137,-68.588287,-127.509392,0.908228,0.038987,0.787011,0.296978,0.540756,48.300758,178.722717,14.151258,-0.809244,-2.774575,1.482584,86.993446,59.180737,0.0,4.665473,31.63537,120.024788,48.003986
0.925127,-0.21375,0.313769,0.374585,0.648548,-0.662625,0.061858,-0.730546,-0.680057,62.003296,0.275467,0.61546,-0.738463,47.595203,-68.556725,-127.57299,0.904088,0.040144,0.787099,0.296622,0.540825,48.311569,178.726151,14.136364,1.247717,0.397562,-1.719285,86.993446,59.174782,0.0,4.674136,31.627134,120.026863,47.977329
0.925051,-0.214041,0.313796,0.374792,0.648623,-0.662435,0.061747,-0.730394,-0.68023,62.003296,0.275673,0.615576,-0.738289,47.535122,-68.549782,-127.636414,0.900768,0.041502,0.787121,0.296307,0.540964,48.296741,178.698303,14.133408,-1.707834,-3.208508,-0.340619,86.993446,59.169434,0.0,4.682817,31.595795,119.994614,47.958603
0.925112,-0.214472,0.313321,0.374719,0.648867,-0.662237,0.061272,-0.73005,-0.680641,62.003296,0.275561,0.615889,-0.73807,47.390057,-68.523781,-127.790802,0.895668,0.04316,0.787417,0.295795,0.540814,48.277691,178.648788,14.109918,-2.18805,-5.687918,-2.698096,86.993446,59.167877,0.0,4.691523,31.573158,119.931923,47.910469
0.925117,-0.215048,0.312911,0.374806,0.648903,-0.662152,0.060654,-0.729849,-0.680912,62.003296,0.275605,0.616001,-0.73796,47.194405,-68.512383,-127.92514,0.891732,0.042968,0.787764,0.295211,0.540628,48.259159,178.611298,14.059487,-2.148764,-4.346539,-5.846304,86.993446,59.173943,0.0,4.700149,31.537163,119.891388,47.846111
0.925009,-0.215003,0.313259,0.375034,0.64881,-0.662115,0.060889,-0.729945,-0.680788,62.003296,0.275858,0.615897,-0.737952,47.248627,-68.567276,-127.914001,0.887045,0.042215,0.787578,0.295288,0.540857,48.264317,178.576462,14.036063,0.596507,-4.026892,-2.708326,86.993446,59.192028,0.0,4.708798,31.530745,119.86132,47.82523
0.925099,-0.214344,0.313445,0.374761,0.648406,-0.662664,0.061201,-0.730497,-0.680168,62.003296,0.275599,0.615387,-0.738474,47.317867,-68.739861,-127.756897,0.883405,0.040956,0.78745,0.296082,0.540609,48.228073,178.524734,13.983253,-4.186148,-5.974301,-6.099627,86.993446,59.219227,0.0,4.717456,31.5193,119.831207,47.822208
0.92533,-0.214179,0.312877,0.374276,0.648024,-0.663312,0.060684,-0.730885,-0.679798,62.003296,0.275057,0.614963,-0.739029,47.172993,-68.874634,-127.671501,0.875894,0.039773,0.787857,0.296378,0.539853,48.192303,178.470551,13.927222,-4.094133,-6.201558,-6.41301,86.993446,59.238884,0.0,4.726193,31.507935,119.796524,47.812012
0.925528,-0.214622,0.311985,0.37395,0.647793,-0.663721,0.059652,-0.73096,-0.679809,62.003296,0.274641,0.614777,-0.739339,46.870167,-68.927475,-127.692802,0.874723,0.038281,0.788534,0.296019,0.539062,48.152058,178.426437,13.888546,-4.625326,-5.070426,-4.444992,86.993446,59.268013,0.0,4.734894,31.471506,119.762993,47.79353
0.925628,-0.214136,0.312023,0.373669,0.647593,-0.664074,0.059862,-0.731279,-0.679447,62.003296,0.274366,0.614504,-0.739667,46.906059,-69.022087,-127.594818,0.881849,0.036153,0.788468,0.29657,0.538854,48.110321,178.403198,13.862454,-4.829092,-2.689211,-3.018798,86.993446,59.293922,0.0,4.743537,31.453257,119.750801,47.798092
0.925525,-0.213179,0.312983,0.373755,0.64719,-0.664419,0.06092,-0.731915,-0.678667,62.003296,0.274536,0.613956,-0.74006,47.181789,-69.202034,-127.362038,0.89421,0.034084,0.787826,0.297658,0.539193,48.099613,178.365219,13.848763,-1.202335,-4.26371,-1.537331,86.993446,59.318142,0.0,4.752443,31.455956,119.735168,47.829556
0.925359,-0.212205,0.314133,0.373976,0.646677,-0.664794,0.06207,-0.732652,-0.677768,62.003296,0.274853,0.61329,-0.740494,47.462921,-69.368622,-127.097267,0.910919,0.0,0.7871,0.298799,0.539623,48.078125,178.360779,13.830545,-2.534606,-0.524696,-2.149049,86.993446,59.333679,0.0,4.76092,31.440113,119.758629,47.862206
0.925199,-0.211416,0.315135,0.374187,0.646502,-0.664846,0.063176,-0.733034,-0.677252,62.003296,0.275157,0.613005,-0.740617,47.735241,-69.493896,-126.918442,0.929745,0.0,0.786401,0.299639,0.540176,48.059361,178.323593,13.855367,-2.186808,-4.332411,2.892517,86.993446,59.36684,0.0,4.769501,31.426868,119.732018,47.907913
0.924963,-0.210714,0.316295,0.37455,0.64655,-0.664594,0.064462,-0.733193,-0.676958,62.003296,0.275632,0.612965,-0.740473,48.063099,-69.543442,-126.830727,0.882751,0.0,0.785562,0.300317,0.541019,48.057152,178.31604,13.869512,-0.255825,-0.874582,1.636778,86.993446,59.388298,0.0,4.778143,31.422817,119.723648,47.919762
0.92463,-0.209467,0.318092,0.375008,0.646622,-0.664266,0.066543,-0.733487,-0.676438,62.003296,0.276267,0.612881,-0.740306,48.612423,-69.618599,-126.677361,0.825728,0.013804,0.784228,0.301524,0.542282,48.06319,178.317398,13.886938,0.695712,0.155938,2.007671,86.993446,59.412834,0.0,4.786823,31.434904,119.724312,47.938957
0.924329,-0.207863,0.320014,0.375314,0.646762,-0.663957,0.068961,-0.73382,-0.675835,62.003296,0.276771,0.612823,-0.740166,49.258915,-69.710411,-126.513435,0.844035,0.027717,0.782721,0.303059,0.543602,48.06287,178.314728,13.889478,-0.036824,-0.307954,0.293919,86.993446,59.432289,0.0,4.795463,31.45739,119.718445,47.947102
0.924121,-0.206524,0.321479,0.375468,0.646898,-0.663737,0.070887,-0.734078,-0.675355,62.003296,0.277081,0.612794,-0.740074,49.776161,-69.754601,-126.383469,0.864829,0.027574,0.781535,0.304332,0.544596,48.05854,178.34079,13.889863,-0.497947,2.996183,0.044331,86.993446,59.445965,0.0,4.804159,31.477455,119.740913,47.953197
0.923954,-0.206006,0.322289,0.375697,0.646998,-0.66351,0.071833,-0.734136,-0.675192,62.003296,0.277392,0.612833,-0.739925,50.069256,-69.65419,-126.321198,0.873578,0.02735,0.780919,0.304808,0.545214,48.105999,178.459854,13.915912,5.479434,13.747029,3.007549,86.993446,59.457035,0.0,4.81282,31.526155,119.856239,47.973423
0.923834,-0.206138,0.322548,0.375973,0.646976,-0.663375,0.071934,-0.734118,-0.675201,62.003296,0.277686,0.612827,-0.73982,50.103027,-69.623154,-126.335266,0.867935,0.027129,0.7808,0.304685,0.545452,48.13113,178.485428,13.9114,2.894588,2.944782,-0.519594,86.993446,59.461197,0.0,4.821503,31.533859,119.882553,47.961708
0.92371,-0.206802,0.322479,0.37638,0.646785,-0.66333,0.071396,-0.734099,-0.675278,62.003296,0.278066,0.612711,-0.739773,49.940147,-69.599388,-126.357117,0.910527,0.027048,0.781037,0.304097,0.545442,48.14537,178.496475,13.914416,1.642405,1.274344,0.347919,86.993446,59.450771,0.0,4.830173,31.509811,119.901573,47.959751
0.923659,-0.207613,0.322103,0.37666,0.646652,-0.663302,0.070579,-0.733988,-0.675485,62.003296,0.278291,0.612674,-0.739719,49.692196,-69.56369,-126.428238,0.986668,0.027296,0.781469,0.303343,0.545243,48.143005,178.498703,13.905385,-0.273903,0.258762,-1.045034,86.993446,59.434513,0.0,4.838815,31.472996,119.908554,47.942036
0.923605,-0.208408,0.321746,0.376943,0.646501,-0.663288,0.069774,-0.733896,-0.675669,62.003296,0.278522,0.612617,-0.739679,49.443928,-69.530724,-126.43531,1.04729,0.027724,0.781891,0.30261,0.545045,48.136864,178.502136,13.952987,-0.703154,0.392526,5.451437,86.993446,59.437679,0.0,4.847547,31.432369,119.917641,47.982475
0.923468,-0.208525,0.322062,0.377268,0.646286,-0.663313,0.069827,-0.734052,-0.675494,62.003296,0.278863,0.612406,-0.739726,49.450195,-69.582634,-126.388924,1.094587,0.027819,0.78179,0.302569,0.545212,48.151306,178.479996,13.946811,1.664562,-2.55066,-0.711862,86.993446,59.44405,0.0,4.856223,31.425079,119.906013,47.983696
0.92339,-0.20903,0.321958,0.377544,0.646106,-0.663331,0.069363,-0.734066,-0.675526,62.003296,0.279112,0.612282,-0.739735,49.301712,-69.552765,-126.3582,1.128865,0.028294,0.782009,0.302133,0.54514,48.150265,178.505859,13.985937,-0.120665,2.991471,4.527982,86.993446,59.439072,0.0,4.864864,31.39629,119.939682,48.022629
0.923295,-0.208935,0.322292,0.377751,0.645791,-0.663519,0.069501,-0.73437,-0.675181,62.003296,0.279338,0.611938,-0.739934,49.32925,-69.641342,-126.261353,1.154501,0.028768,0.781883,0.302334,0.54521,48.154083,178.479752,13.972091,0.437527,-2.987535,-1.585137,86.993446,59.428463,0.0,4.873599,31.38814,119.929611,48.030453
0.923203,-0.208759,0.32267,0.377942,0.645409,-0.663783,0.069684,-0.734757,-0.674742,62.003296,0.27955,0.611512,-0.740206,49.379112,-69.730446,-126.104874,1.17397,0.029077,0.781733,0.302639,0.545256,48.166893,178.470764,13.986405,1.489604,-1.045269,1.665015,86.993446,59.417374,0.0,4.882196,31.390898,119.940247,48.073532
0.923082,-0.208384,0.323257,0.37815,0.645059,-0.664004,0.070151,-0.73517,-0.674243,62.003296,0.279802,0.611096,-0.740454,49.482765,-69.823906,-125.955902,1.188815,0.029702,0.781408,0.303128,0.545449,48.155861,178.465576,13.977838,-1.272958,-0.599217,-0.988878,86.993446,59.393284,0.0,4.89086,31.373856,119.953514,48.093693
0.923105,-0.208381,0.323195,0.378107,0.645022,-0.664065,0.070089,-0.735204,-0.674213,62.003296,0.279753,0.611056,-0.740506,49.455753,-69.850616,-125.942383,1.198598,0.030195,0.781455,0.303144,0.545374,48.143028,178.445648,13.979456,-1.464857,-2.274812,0.184728,86.993446,59.376846,0.0,4.89962,31.362898,119.935463,48.099445
0.923122,-0.207936,0.323433,0.377985,0.645021,-0.664134,0.070524,-0.73533,-0.67403,62.003296,0.27966,0.610999,-0.740588,49.574718,-69.902267,-125.898003,1.203556,0.030488,0.78122,0.303583,0.545465,48.133339,178.425461,13.966708,-1.13048,-2.354175,-1.486763,86.993446,59.348278,0.0,4.908194,31.369677,119.916351,48.09663
0.923184,-0.207989,0.32322,0.377848,0.645221,-0.664019,0.07044,-0.73514,-0.674246,62.003296,0.279512,0.611216,-0.740465,49.576511,-69.749863,-125.94368,1.20812,0.030774,0.7813,0.303462,0.545418,48.148727,178.539017,13.99014,1.769387,13.053138,2.693653,86.993446,59.327984,0.0,4.916893,31.393129,120.019768,48.106647
0.923257,-0.207844,0.323106,0.377655,0.645373,-0.663981,0.070519,-0.735047,-0.674339,62.003296,0.279318,0.611358,-0.740421,49.611012,-69.765999,-125.976128,1.208617,0.030913,0.781293,0.303553,0.545377,48.147888,178.506241,13.986853,-0.096821,-3.781327,-0.379294,86.993446,59.310982,0.0,4.925562,31.407198,119.979691,48.09816
0.923345,-0.207435,0.323117,0.377392,0.645396,-0.664108,0.070779,-0.735143,-0.674207,62.003296,0.279065,0.611329,-0.74054,49.640171,-69.950714,-125.953873,1.208127,0.031221,0.781193,0.303949,0.5453,48.086723,178.346359,13.964059,-7.013017,-18.329367,-2.613365,86.993446,59.289822,0.0,4.934284,31.369196,119.819664,48.086464
0.923422,-0.207089,0.32312,0.377161,0.645439,-0.664198,0.071006,-0.735203,-0.674118,62.003296,0.278844,0.61133,-0.740622,49.702263,-69.988304,-125.924774,1.207668,0.031668,0.781106,0.304275,0.545243,48.069912,178.325562,13.962475,-1.943892,-2.406623,-0.183187,86.993446,59.27037,0.0,4.942932,31.372637,119.797539,48.092533
0.923495,-0.206891,0.323038,0.376968,0.645473,-0.664274,0.07108,-0.735229,-0.674082,62.003296,0.27865,0.61134,-0.740687,49.72237,-70.010315,-125.91024,1.207007,0.032125,0.781102,0.304459,0.545146,48.056095,178.311462,13.962563,-1.5941,-1.626532,0.010189,86.993446,59.254681,0.0,4.951599,31.373661,119.782211,48.097767
0.923519,-0.206641,0.323128,0.376868,0.645481,-0.664323,0.071297,-0.735292,-0.67399,62.003296,0.278563,0.611317,-0.740739,49.790199,-70.044029,-125.883957,1.205359,0.032484,0.780994,0.304702,0.545166,48.057045,178.293762,13.95958,0.109606,-2.03921,-0.343836,86.993446,59.243889,0.0,4.960273,31.385597,119.764702,48.100464
0.92346,-0.206244,0.323551,0.376919,0.645385,-0.664387,0.071789,-0.735487,-0.673724,62.003296,0.278655,0.611165,-0.74083,49.923717,-70.116425,-125.802505,1.203479,0.032831,0.780687,0.305126,0.545368,48.058151,178.266144,13.959791,0.127747,-3.194374,0.024357,86.993446,59.235191,0.0,4.968922,31.392061,119.742874,48.113235
0.923485,-0.205947,0.323669,0.376809,0.645374,-0.66446,0.072044,-0.73558,-0.673596,62.003296,0.278561,0.611116,-0.740906,49.977913,-70.150101,-125.778076,1.20236,0.033212,0.780557,0.305422,0.545388,48.0341,178.255142,13.942838,-2.775971,-1.268693,-1.956722,86.993446,59.233028,0.0,4.977586,31.380363,119.733154,48.104485
0.923511,-0.205663,0.323774,0.376684,0.645516,-0.664393,0.07236,-0.735535,-0.673611,62.003296,0.278455,0.611229,-0.740852,50.078384,-70.15094,-125.7836,1.202064,0.033035,0.780394,0.305653,0.545492,48.038612,178.2491,13.945202,0.517699,-0.693966,0.271335,86.993446,59.240036,0.0,4.9863,31.399387,119.720688,48.102924
0.923453,-0.20532,0.324158,0.376723,0.645625,-0.664265,0.072898,-0.735536,-0.673553,62.003296,0.278538,0.611299,-0.740763,50.197384,-70.23613,-125.8032,1.2025,0.032983,0.780062,0.305954,0.545798,48.011711,178.168671,13.914948,-3.103722,-9.280763,-3.490694,86.993446,59.258713,0.0,4.994967,31.379555,119.635635,48.068203
0.923222,-0.205135,0.324932,0.377158,0.64563,-0.664013,0.073573,-0.735582,-0.673428,62.003296,0.279042,0.611282,-0.740588,50.339939,-70.261429,-125.779457,1.201548,0.032566,0.779563,0.306133,0.54641,47.997913,178.155182,13.915133,-1.592207,-1.555028,0.021238,86.993446,59.275421,0.0,5.003634,31.347647,119.622337,48.059868
0.923061,-0.204998,0.325477,0.377456,0.645664,-0.663811,0.074069,-0.735591,-0.673364,62.003296,0.279389,0.611299,-0.740442,50.448433,-70.280266,-125.779381,1.202552,0.032098,0.779202,0.306257,0.546856,47.990261,178.140015,13.906715,-0.885259,-1.75639,-0.973859,86.993446,59.307144,0.0,5.012277,31.328222,119.605812,48.0434
0.922956,-0.205385,0.32553,0.377737,0.645785,-0.663533,0.073943,-0.735377,-0.673612,62.003296,0.27967,0.611477,-0.74019,50.374653,-70.246216,-125.874153,1.203832,0.031465,0.779218,0.305835,0.547069,47.970974,178.125717,13.898835,-2.188488,-1.622195,-0.894178,86.993446,59.340405,0.0,5.02109,31.286999,119.584465,48.012703
0.922817,-0.205381,0.325925,0.378012,0.645849,-0.663315,0.074266,-0.735322,-0.673637,62.003296,0.279981,0.611543,-0.740017,50.460461,-70.251198,-125.911469,1.2046,0.03085,0.778964,0.305817,0.54744,47.986637,178.109741,13.879804,1.833703,-1.868789,-2.22772,86.993446,59.359291,0.0,5.029633,31.289316,119.565308,47.981667
0.92274,-0.205665,0.325965,0.378209,0.646036,-0.66302,0.074226,-0.735078,-0.673908,62.003296,0.280181,0.611777,-0.739748,50.441082,-70.202393,-126.018692,1.204914,0.030604,0.778947,0.305474,0.547656,47.992252,178.105682,13.866915,0.647062,-0.468004,-1.485194,86.993446,59.384563,0.0,5.038311,31.280447,119.55114,47.944324
0.922746,-0.206682,0.325302,0.37838,0.646268,-0.662696,0.073265,-0.734588,-0.674546,62.003296,0.280283,0.612151,-0.7394,50.161835,-70.103806,-126.232674,1.204595,0.030405,0.779489,0.304392,0.547487,47.990555,178.092087,13.856461,-0.195923,-1.568715,-1.205665,86.993446,59.410179,0.0,5.046982,31.249269,119.52343,47.895126
0.922708,-0.207681,0.324774,0.378642,0.646439,-0.662379,0.072383,-0.734156,-0.675111,62.003296,0.280486,0.612459,-0.739068,49.914093,-69.9944,-126.420502,1.204116,0.03029,0.779964,0.30335,0.54739,48.004734,178.100876,13.850533,1.633745,1.014115,-0.683004,86.993446,59.42009,0.0,5.05566,31.22905,119.521225,47.853306
0.922833,-0.208605,0.323826,0.378579,0.646371,-0.662482,0.071114,-0.733954,-0.675466,62.003296,0.280322,0.612506,-0.739092,49.571075,-69.903458,-126.521225,1.205308,0.030528,0.780739,0.302461,0.546776,48.007988,178.138474,13.84841,0.373849,4.319687,-0.244082,86.993446,59.451717,0.0,5.064363,31.213566,119.560043,47.844044
0.922858,-0.208781,0.323642,0.378606,0.645927,-0.6629,0.070648,-0.734295,-0.675144,62.003296,0.280313,0.612061,-0.739464,49.467449,-69.94342,-126.435936,1.214128,0.030069,0.781013,0.30244,0.546396,48.035084,178.164642,13.818187,3.11557,3.007663,-3.474668,86.993446,59.481396,0.0,5.073061,31.230303,119.608055,47.846329
0.922918,-0.20893,0.323375,0.37856,0.64543,-0.66341,0.07011,-0.73469,-0.674771,62.003296,0.280224,0.611556,-0.739914,49.363251,-69.939941,-126.307076,1.226457,0.02992,0.781346,0.302463,0.545907,48.076435,178.245422,13.811614,4.791208,9.361502,-0.761561,86.993446,59.492691,0.0,5.081691,31.265018,119.71344,47.87878
0.922857,-0.209343,0.32328,0.378792,0.645138,-0.663561,0.069649,-0.734828,-0.674668,62.003296,0.280428,0.611303,-0.740047,49.246433,-69.900726,-126.279037,1.239979,0.029956,0.781573,0.302155,0.545753,48.10334,178.306671,13.801872,3.10037,7.0574,-1.122665,86.993446,59.479832,0.0,5.090369,31.267292,119.78833,47.880306
0.923013,-0.209966,0.322431,0.378608,0.644989,-0.663812,0.068586,-0.734782,-0.674827,62.003296,0.280154,0.611225,-0.740215,49.001934,-69.82151,-126.311333,1.253975,0.029652,0.782248,0.30159,0.545098,48.139587,178.367859,13.803531,4.185705,7.064809,0.191565,86.993446,59.484913,0.0,5.099029,31.297043,119.85556,47.889149
0.923188,-0.210418,0.321634,0.378331,0.645002,-0.663957,0.067746,-0.734641,-0.675065,62.003296,0.279803,0.611297,-0.740288,48.793015,-69.781189,-126.375481,1.267322,0.02971,0.782808,0.30114,0.544542,48.143486,178.373611,13.80174,0.450303,0.664561,-0.206756,86.993446,59.479221,0.0,5.107691,31.304911,119.859612,47.886383
0.923211,-0.21075,0.321349,0.378361,0.644832,-0.664104,0.067256,-0.734694,-0.675056,62.003296,0.279796,0.611161,-0.740403,48.676846,-69.714012,-126.371086,1.283538,0.030406,0.783095,0.300869,0.54428,48.165035,178.446854,13.795975,2.492312,8.470663,-0.666806,86.993446,59.464607,0.0,5.116337,31.315407,119.940582,47.888432
0.923151,-0.210723,0.321539,0.378495,0.644671,-0.664184,0.067328,-0.734843,-0.674887,62.003296,0.27994,0.610988,-0.740491,48.721542,-69.679604,-126.327682,1.300171,0.031208,0.783023,0.300951,0.544338,48.199081,178.511536,13.785735,3.904972,7.418597,-1.174424,86.993446,59.439529,0.0,5.125056,31.341436,120.01339,47.888172
0.92312,-0.210745,0.321614,0.378565,0.644651,-0.664164,0.06736,-0.734855,-0.674871,62.003296,0.280015,0.61097,-0.740478,48.740734,-69.648872,-126.340591,1.316168,0.032235,0.782989,0.300937,0.544394,48.214397,178.544312,13.769193,1.76443,3.776367,-1.90604,86.993446,59.420307,0.0,5.133735,31.352427,120.047142,47.871162
0.92318,-0.211118,0.321197,0.378472,0.645087,-0.663793,0.067062,-0.734365,-0.675434,62.003296,0.279896,0.611477,-0.740104,48.67173,-69.532593,-126.544212,1.331996,0.033773,0.783187,0.300419,0.544396,48.221237,178.556854,13.749429,0.793252,1.454832,-2.292024,86.993446,59.386154,0.0,5.142358,31.360332,120.036911,47.812836
0.923357,-0.210875,0.320847,0.378029,0.645423,-0.663719,0.06712,-0.734139,-0.675673,62.003296,0.279441,0.611799,-0.740009,48.717697,-69.450836,-126.655167,1.347953,0.036053,0.783246,0.300544,0.544242,48.220093,178.596649,13.712477,-0.13153,4.574029,-4.246307,86.993446,59.294933,0.0,5.15106,31.391203,120.060417,47.763702
0.923415,-0.210469,0.320947,0.377771,0.64609,-0.663217,0.067775,-0.733669,-0.676119,62.003296,0.279225,0.61245,-0.739553,48.902912,-69.353905,-126.845886,1.364258,0.041005,0.782911,0.300717,0.544629,48.206429,178.604721,13.677812,-1.578895,0.932998,-4.005252,86.993446,59.126976,0.0,5.159715,31.407537,120.035973,47.687916
0.923768,-0.209349,0.320665,0.376759,0.64682,-0.663081,0.068597,-0.733346,-0.676386,62.003296,0.27824,0.613074,-0.739407,49.164585,-69.291847,-126.978134,1.380583,0.04865,0.782634,0.301572,0.544553,48.170017,178.617416,13.630857,-4.19633,1.461934,-5.411453,86.993446,58.864811,0.0,5.168392,31.456902,120.014671,47.624676
0.924011,-0.207709,0.32103,0.375862,0.647594,-0.662834,0.07022,-0.733129,-0.676454,62.003296,0.277437,0.613679,-0.739206,49.63533,-69.255028,-127.042076,1.395499,0.058826,0.781852,0.302924,0.544926,48.129433,178.633179,13.599505,-4.66632,1.81208,-3.604825,86.993446,57.438282,0.0,5.177089,31.508631,119.995537,47.578403
0.92421,-0.205239,0.322044,0.374916,0.647997,-0.662977,0.072615,-0.733469,-0.675833,62.003296,0.276644,0.613787,-0.739414,50.326557,-69.347412,-126.889053,1.411267,0.073003,0.780613,0.30522,0.545421,48.092762,178.642715,13.563022,-4.246058,1.105193,-4.224541,86.993446,55.993137,0.0,5.185725,31.581741,119.990906,47.570961
0.924541,-0.202661,0.322726,0.373686,0.64817,-0.663501,0.074716,-0.734033,-0.674992,62.003296,0.275535,0.61364,-0.73995,50.95993,-69.495247,-126.643425,1.426076,0.088782,0.779605,0.307695,0.545472,48.059528,178.642578,13.535342,-3.840023,-0.015883,-3.198097,86.993446,54.944614,0.0,5.19438,31.672754,119.98851,47.599434
0.924955,-0.19943,0.323551,0.37209,0.64872,-0.663861,0.0775,-0.734432,-0.674243,62.003296,0.274101,0.613807,-0.740344,51.802868,-69.619171,-126.454422,1.43909,0.106325,0.778253,0.310676,0.545713,48.0215,178.640976,13.486557,-4.293729,-0.180565,-5.508103,86.993446,54.138817,0.0,5.203237,31.796864,119.96769,47.595127
0.925478,-0.195194,0.324639,0.370055,0.64899,-0.664734,0.080935,-0.735331,-0.672858,62.003296,0.272266,0.613553,-0.741232,52.822075,-69.878708,-126.050545,1.451529,0.122856,0.776586,0.314727,0.545767,47.949425,178.615723,13.440154,-8.415029,-2.948431,-5.417782,86.993446,53.727673,0.0,5.211802,31.929371,119.940231,47.641514
0.925914,-0.191553,0.325563,0.368307,0.649187,-0.665512,0.08387,-0.736114,-0.671642,62.003296,0.270689,0.6133,-0.742018,53.699341,-70.07251,-125.688766,1.463312,0.136294,0.775152,0.31821,0.545786,47.893715,178.623703,13.406054,-6.396807,0.915472,-3.915495,86.993446,53.550251,0.0,5.220511,32.049011,119.948418,47.689358
0.926698,-0.189063,0.324787,0.366029,0.649948,-0.666026,0.085174,-0.736086,-0.671508,62.003296,0.268436,0.613786,-0.742434,54.153259,-70.092255,-125.660278,1.472415,0.144315,0.774814,0.320371,0.545001,47.828476,178.627823,13.369226,-7.579489,0.478435,-4.27877,86.993446,53.780708,0.0,5.229118,32.166412,119.921516,47.683338
0.926992,-0.187651,0.324767,0.36502,0.650536,-0.666006,0.086296,-0.735928,-0.671538,62.003296,0.267481,0.614227,-0.742414,54.508736,-70.061211,-125.704338,1.479095,0.147048,0.774328,0.321541,0.545002,47.803577,178.643494,13.334823,-2.863987,1.803388,-3.957257,86.993446,54.494686,0.0,5.237812,32.232262,119.911865,47.646896
0.927096,-0.187497,0.324557,0.364712,0.65101,-0.665711,0.086471,-0.735548,-0.671932,62.003296,0.267177,0.614707,-0.742126,54.592064,-69.960632,-125.849663,1.480986,0.133171,0.774282,0.321526,0.545076,47.817139,178.669174,13.320024,1.569593,2.971531,-1.712657,86.993446,58.267357,0.005208,5.246452,32.270447,119.91423,47.603344
0.92708,-0.189055,0.323698,0.365075,0.651377,-0.665152,0.085099,-0.734824,-0.672898,62.003296,0.267443,0.61529,-0.741547,54.231823,-69.753624,-126.140724,1.524283,0.090073,0.775051,0.319886,0.544949,47.861118,178.712173,13.340603,5.093157,4.980303,2.38307,86.993446,58.318905,0.008245,5.255087,32.264259,119.934326,47.561813
0.926912,-0.191102,0.322977,0.365885,0.651545,-0.664543,0.083439,-0.734145,-0.673847,62.003296,0.268149,0.615726,-0.74093,53.779945,-69.546143,-126.43898,1.562588,0.057513,0.775904,0.317836,0.544934,47.924473,178.758682,13.351248,7.28641,5.348726,1.224255,86.993446,56.139626,0.031135,5.263782,32.241001,119.966583,47.508327
0.926796,-0.194241,0.321435,0.366828,0.651729,-0.663842,0.080544,-0.733157,-0.675273,62.003296,0.268895,0.616318,-0.740168,52.996231,-69.264008,-126.860588,1.593315,0.249315,0.77748,0.314711,0.544502,48.006481,178.803818,13.383258,9.46728,5.210659,3.695515,86.993446,54.076733,0.110446,5.272444,32.20462,119.99379,47.454811
0.926581,-0.196828,0.320479,0.367881,0.651459,-0.663525,0.078179,-0.732708,-0.676038,62.003296,0.269798,0.616361,-0.739803,52.357052,-69.071465,-127.09671,1.619833,0.293748,0.778703,0.312276,0.544155,48.094269,178.873749,13.387731,10.140984,8.078331,0.516577,86.993446,52.241932,0.179648,5.281101,32.175938,120.070259,47.416313
0.926385,-0.199159,0.319603,0.368827,0.651147,-0.663305,0.076006,-0.732354,-0.676668,62.003296,0.270606,0.61633,-0.739534,51.766178,-68.943665,-127.25602,1.640348,0.296631,0.779826,0.310102,0.54379,48.169971,178.90097,13.424418,8.703141,3.12869,4.218009,86.993446,50.69445,0.237539,5.289799,32.14603,120.106888,47.419685
0.926213,-0.200957,0.318976,0.369611,0.650726,-0.663282,0.074275,-0.732238,-0.676987,62.003296,0.271282,0.616115,-0.739465,51.314972,-68.872253,-127.359108,1.656623,0.299389,0.780711,0.308485,0.54344,48.251842,178.925873,13.415842,9.438868,2.871604,-0.988752,86.993446,49.378983,0.285736,5.298473,32.141621,120.148224,47.398743
0.92603,-0.2031,0.318148,0.370439,0.65072,-0.662826,0.072406,-0.731651,-0.677823,62.003296,0.271993,0.616382,-0.738981,50.81398,-68.660446,-127.602913,1.667473,0.303339,0.781667,0.306381,0.543256,48.325256,178.991394,13.440525,8.435493,7.528963,2.836135,86.993446,48.390667,0.321991,5.307176,32.12315,120.208603,47.3708
0.925899,-0.204276,0.317776,0.370968,0.650564,-0.662684,0.071363,-0.731463,-0.678136,62.003296,0.272459,0.616368,-0.738821,50.547287,-68.553864,-127.678986,1.675409,0.310072,0.782184,0.305279,0.543132,48.383526,179.044525,13.463629,6.717683,6.124099,2.663582,86.993446,47.623871,0.349944,5.31585,32.125469,120.266632,47.375633
0.925853,-0.205229,0.317298,0.371274,0.650408,-0.662665,0.070375,-0.731335,-0.678378,62.003296,0.272698,0.616326,-0.738768,50.316231,-68.469864,-127.7099,1.681572,0.316152,0.782714,0.304395,0.542865,48.446972,179.089859,13.504703,7.366211,5.265085,4.76878,86.993446,47.03614,0.370888,5.324463,32.14957,120.317398,47.407215
0.92594,-0.207046,0.315858,0.371434,0.650591,-0.662396,0.068348,-0.730659,-0.679312,62.003296,0.272706,0.616751,-0.73841,49.798077,-68.284599,-127.971634,1.683245,0.321979,0.783894,0.30254,0.542199,48.500195,179.114395,13.530794,6.146754,2.831948,3.013253,86.993446,46.688251,0.383661,5.333122,32.154598,120.328384,47.386608
0.925927,-0.20785,0.31537,0.371627,0.650517,-0.662361,0.067482,-0.730497,-0.679573,62.003296,0.272839,0.616776,-0.73834,49.572681,-68.2342,-128.036591,1.682856,0.326732,0.784371,0.301773,0.541936,48.527763,179.12114,13.544214,3.174673,0.777452,1.545399,86.993446,46.566315,0.388941,5.341806,32.152874,120.336945,47.389004
0.925998,-0.208176,0.314946,0.371588,0.649987,-0.662902,0.06671,-0.730876,-0.679242,62.003296,0.27274,0.616259,-0.738808,49.410709,-68.254105,-127.905052,1.691609,0.333801,0.784839,0.301636,0.541335,48.576332,179.173309,13.551147,3.126764,3.358813,0.446293,86.993446,45.802185,0.411638,5.357339,32.19001,120.414825,47.435028
0.92614,-0.20678,0.315448,0.371046,0.6497,-0.663487,0.067751,-0.731527,-0.678438,62.003296,0.272259,0.615779,-0.739386,49.751568,-68.389198,-127.666039,1.683177,0.334164,0.78433,0.303113,0.541248,48.59161,179.188568,13.524553,3.927245,3.922728,-6.836213,86.993446,46.648899,0.388169,5.361229,32.262199,120.447739,47.466473
0.92641,-0.206233,0.315013,0.370371,0.649706,-0.663858,0.067757,-0.731676,-0.678277,62.003296,0.27156,0.615715,-0.739696,49.826015,-68.394844,-127.622543,1.679375,0.334263,0.784465,0.30365,0.540751,48.617348,179.220367,13.501955,3.891185,4.807839,-3.416812,86.993446,46.979084,0.377305,5.367843,32.335197,120.48056,47.468334
0.926656,-0.205592,0.314706,0.369732,0.649632,-0.664286,0.067872,-0.731922,-0.678,62.003296,0.270908,0.615555,-0.740069,49.911991,-68.446045,-127.538666,1.678948,0.336108,0.784527,0.304307,0.540291,48.626976,179.227463,13.482839,1.113127,0.819247,-2.210017,86.993446,47.144783,0.372219,5.376493,32.391544,120.492912,47.480671
0.926811,-0.204197,0.315159,0.369151,0.649415,-0.664822,0.068915,-0.732505,-0.677264,62.003296,0.270387,0.615147,-0.740597,50.295876,-68.539703,-127.335732,1.677462,0.337162,0.784023,0.305756,0.540205,48.682014,179.27002,13.442865,6.122333,4.734815,-4.44641,86.993446,47.432747,0.362976,5.385483,32.506207,120.549774,47.493778
0.926688,-0.202854,0.316384,0.369177,0.649028,-0.665185,0.070406,-0.733221,-0.676335,62.003296,0.27053,0.614568,-0.741026,50.763176,-68.682739,-127.115944,1.670676,0.339005,0.783125,0.307209,0.540683,48.738911,179.289047,13.37168,6.762744,2.261976,-8.461231,86.993446,47.800709,0.350189,5.393896,32.588497,120.591553,47.473824
0.9266,-0.201618,0.317431,0.369145,0.64867,-0.665551,0.071721,-0.733878,-0.675484,62.003296,0.2706,0.614034,-0.741443,51.177361,-68.819702,-126.895042,1.660342,0.337017,0.782342,0.308547,0.541053,48.787525,179.300674,13.32424,5.656813,1.352112,-5.520278,86.993446,48.294743,0.333557,5.40249,32.663284,120.624214,47.474949
0.926431,-0.201806,0.317805,0.369547,0.648593,-0.665404,0.071844,-0.733894,-0.675453,62.003296,0.271025,0.613977,-0.741335,51.25819,-68.773079,-126.9328,1.645961,0.33386,0.782187,0.308389,0.541369,48.862396,179.348099,13.284955,8.609138,5.453869,-4.517002,86.993446,48.783978,0.31697,5.411187,32.712399,120.675018,47.429283
0.926048,-0.20132,0.319226,0.370264,0.648403,-0.66519,0.073071,-0.734196,-0.674994,62.003296,0.271864,0.613714,-0.741245,51.639572,-68.805107,-126.869995,1.623214,0.327591,0.781302,0.308932,0.542336,48.954601,179.383133,13.223772,10.633719,4.040476,-7.056091,86.993446,49.312355,0.298981,5.419858,32.776867,120.720818,47.373466
0.925662,-0.200706,0.320728,0.37096,0.648186,-0.665014,0.07442,-0.734556,-0.674455,62.003296,0.272689,0.613408,-0.741196,52.06163,-68.843597,-126.779709,1.595775,0.320781,0.780348,0.309609,0.543323,49.052662,179.425018,13.164997,11.280335,4.817034,-6.761082,86.993446,49.867039,0.28061,5.428551,32.850922,120.775146,47.324696
0.923028,-0.201174,0.327945,0.376576,0.647005,-0.663005,0.078803,-0.735468,-0.672961,62.003296,0.278849,0.612223,-0.739882,53.252735,-68.850075,-126.616501,1.53945,0.312355,0.776525,0.309555,0.548803,49.424961,179.59613,12.992637,14.262687,6.555313,-6.603098,86.993446,50.257782,0.268983,5.454654,32.910583,121.004295,47.102177
0.921781,-0.202749,0.330473,0.37949,0.646407,-0.661925,0.079416,-0.735561,-0.672787,62.003296,0.281917,0.611795,-0.739074,53.329121,-68.86866,-126.637108,1.460583,0.195801,0.775531,0.308214,0.550959,49.535641,179.575607,12.976407,12.81744,-2.375645,-1.879551,86.993446,50.746449,0.25324,5.463289,32.82869,121.009727,47.036705
0.92115,-0.204284,0.331286,0.381117,0.646082,-0.661307,0.078944,-0.735422,-0.672995,62.003296,0.283565,0.611649,-0.738563,53.186096,-68.893005,-126.741341,1.40393,0.053277,0.775467,0.306817,0.551828,49.636841,179.502869,12.964682,11.634785,-8.363663,-1.348093,86.993446,51.162224,0.240589,5.471987,32.807541,120.949425,46.986115
0.92094,-0.204189,0.331928,0.38155,0.645765,-0.661367,0.079304,-0.735727,-0.67262,62.003296,0.284043,0.611303,-0.738666,53.372398,-68.991814,-126.692039,1.361972,0.072417,0.775155,0.307017,0.552155,49.753963,179.466522,12.901093,13.349193,-4.142253,-7.247415,86.993446,51.573208,0.227808,5.480761,32.900871,120.92923,46.938538
0.920335,-0.20361,0.333957,0.38271,0.645009,-0.661435,0.08073,-0.736551,-0.671547,62.003296,0.285359,0.610433,-0.738879,53.806431,-69.176239,-126.436661,1.330522,0.085117,0.774035,0.307845,0.553265,49.875057,179.455322,12.839225,14.12151,-1.306431,-7.214894,86.993446,51.943295,0.216451,5.489336,32.96674,120.957504,46.917118
0.919526,-0.202441,0.336883,0.384188,0.64376,-0.661795,0.082898,-0.737964,-0.669729,62.003296,0.287063,0.608969,-0.739426,54.396233,-69.470222,-125.951431,1.310432,0.088614,0.772389,0.309417,0.554686,49.969395,179.460388,12.77431,10.878221,0.585227,-7.485587,86.993446,52.312695,0.205338,5.498008,32.99699,121.02832,46.933044
0.918951,-0.20155,0.338979,0.385217,0.642869,-0.662063,0.08448,-0.738983,-0.668406,62.003296,0.288255,0.607919,-0.739827,54.849766,-69.715363,-125.590775,1.295745,0.088096,0.771194,0.310592,0.555691,50.057613,179.431351,12.734326,10.143631,-3.340279,-4.597415,86.993446,52.530087,0.198517,5.506705,33.041939,121.046402,46.952068
0.918263,-0.200859,0.341244,0.386447,0.642463,-0.66174,0.08632,-0.739525,-0.667572,62.003296,0.289678,0.607403,-0.739695,55.354996,-69.840851,-125.417,1.289572,0.078023,0.769793,0.311406,0.557176,50.140671,179.423309,12.681035,9.462304,-0.915444,-6.070954,86.993446,52.675743,0.194079,5.515483,33.072254,121.060631,46.910492
0.917537,-0.200141,0.343612,0.387741,0.641996,-0.661437,0.088217,-0.740125,-0.666658,62.003296,0.291172,0.60682,-0.739587,55.855259,-69.966721,-125.217812,1.289327,0.066555,0.768337,0.312267,0.558701,50.207638,179.427017,12.629007,7.74414,0.429275,-6.016901,86.993446,52.751511,0.19272,5.52413,33.082928,121.08979,46.873718
0.916671,-0.198888,0.346639,0.389115,0.641955,-0.660669,0.091128,-0.740498,-0.665852,62.003296,0.292831,0.606618,-0.739097,56.631981,-70.081001,-125.063705,1.287038,0.044353,0.766232,0.313507,0.560894,50.27652,179.40358,12.587773,7.911466,-2.691739,-4.735664,86.993446,52.783279,0.192985,5.532837,33.108242,121.071709,46.819798
0.916157,-0.198195,0.348389,0.389922,0.641996,-0.660153,0.092825,-0.740648,-0.66545,62.003296,0.293805,0.606573,-0.738748,57.104553,-70.186928,-125.017441,1.284963,0.021301,0.764998,0.314171,0.562205,50.33667,179.336685,12.543599,7.014301,-7.800942,-5.151563,86.993446,52.787445,0.194553,5.541412,33.142555,121.004616,46.762306
0.91535,-0.198519,0.350322,0.391505,0.642151,-0.659064,0.094123,-0.740427,-0.665514,62.003296,0.295553,0.606777,-0.737882,57.400719,-70.173401,-125.135071,1.281482,0.0,0.763832,0.313802,0.563994,50.385162,179.301727,12.501471,5.557209,-4.005962,-4.827959,86.993446,52.759602,0.197281,5.550138,33.103615,120.960953,46.66124
0.914783,-0.198495,0.351813,0.392572,0.642079,-0.6585,0.095183,-0.740496,-0.665286,62.003296,0.296746,0.606698,-0.737468,57.645191,-70.242424,-125.138771,1.276865,0.0,0.762929,0.31385,0.565188,50.411789,179.246918,12.460733,3.091793,-6.364367,-4.730251,86.993446,52.707272,0.200924,5.55875,33.074593,120.909874,46.598671
