0.463553,0.112801,-0.87886,0.338873,0.893891,0.293469,0.818708,-0.433861,0.376141,62.003296,-0.871909,0.10797,-0.477617,264.502441,42.49205,105.322166,3.141593,1.0,-0.045914,-0.989117,-0.139783,-13.320258,160.92984,-19.63957,-8.668715,-8.833854,10.333595,86.993446,10.693959,0.618892,1.448276,53.160416,154.489151,8.224958
0.461286,0.115257,-0.879734,0.332633,0.896744,0.2919,0.822539,-0.427278,0.375317,62.003296,-0.872255,0.110117,-0.476493,265.464569,44.066898,105.129501,3.141593,1.0,-0.04701,-0.988688,-0.142431,-13.394185,160.853363,-19.54385,-8.537546,-8.831511,11.054315,86.993446,10.701496,0.619335,1.456935,53.133606,154.36467,8.244892
0.458599,0.116356,-0.880992,0.325889,0.900298,0.288548,0.82673,-0.419434,0.374957,62.003296,-0.872597,0.111648,-0.47551,266.480835,45.949436,105.058189,3.141593,1.0,-0.048289,-0.988475,-0.143476,-13.510215,160.717407,-19.451719,-13.463663,-15.776196,10.690608,86.993446,10.681963,0.619624,1.465553,53.068092,154.222412,8.266541
0.455793,0.116397,-0.882443,0.31905,0.904168,0.284055,0.830939,-0.411014,0.374977,62.003296,-0.872887,0.112753,-0.474715,267.502014,48.078651,105.108871,3.141593,1.0,-0.049711,-0.988421,-0.14336,-13.624398,160.654419,-19.346064,-13.144167,-7.251439,12.162477,86.993446,10.64413,0.619296,1.47424,53.002663,154.17804,8.312109
0.452522,0.114937,-0.884315,0.313104,0.908045,0.278243,0.834979,-0.402794,0.374923,62.003296,-0.87321,0.112689,-0.474136,268.474731,50.14481,105.14386,3.141593,1.0,-0.050911,-0.988669,-0.141216,-13.744573,160.521393,-19.24123,-13.980246,-15.475137,12.195469,86.993446,10.574774,0.619073,1.482836,52.932678,154.122345,8.36083
0.449604,0.113951,-0.88593,0.307078,0.911658,0.2731,0.838785,-0.394836,0.374893,62.003296,-0.873798,0.113467,-0.472866,269.39801,52.111809,105.135544,3.141593,1.0,-0.052483,-0.988722,-0.140268,-13.865065,160.405746,-19.146143,-13.761109,-13.20689,10.859732,86.993446,10.508353,0.618613,1.491592,52.873466,154.035126,8.360453
0.446472,0.112392,-0.887711,0.302581,0.914673,0.267989,0.842085,-0.388254,0.374369,62.003296,-0.87414,0.113186,-0.472302,270.20694,53.79285,105.013367,3.141593,1.0,-0.053488,-0.988985,-0.138011,-13.954087,160.31517,-19.074135,-10.347896,-10.530036,8.370069,86.993446,10.449688,0.617763,1.500195,52.83046,154.017029,8.373574
0.443226,0.110566,-0.889565,0.298463,0.917541,0.262753,0.845264,-0.381961,0.373678,62.003296,-0.874653,0.112518,-0.47151,270.996979,55.438267,104.837517,3.141593,1.0,-0.054269,-0.989302,-0.135411,-14.037999,160.243896,-18.994911,-9.657256,-8.202253,9.117749,86.993446,10.392596,0.616196,1.508884,52.799965,154.037933,8.375942
0.440263,0.109058,-0.891221,0.294462,0.92016,0.258063,0.84821,-0.376047,0.372999,62.003296,-0.875116,0.111945,-0.470788,271.744263,56.982796,104.660027,3.141593,1.0,-0.054914,-0.989563,-0.133226,-14.09995,160.17688,-18.927467,-7.175128,-7.761174,7.811327,86.993446,10.33058,0.614734,1.517518,52.786583,154.055786,8.373789
0.437452,0.1087,-0.892648,0.290752,0.92225,0.254791,0.85094,-0.370999,0.371835,62.003296,-0.875554,0.113073,-0.469702,272.418152,58.240433,104.358795,3.141593,1.0,-0.056482,-0.989516,-0.132924,-14.177995,160.153244,-18.839251,-8.963543,-2.715672,10.131791,86.993446,10.267854,0.613124,1.526225,52.755901,154.0103,8.372916
0.434366,0.10927,-0.894084,0.286515,0.924297,0.252158,0.853953,-0.365697,0.370175,62.003296,-0.875696,0.115013,-0.468966,273.165955,59.504757,103.945503,3.141593,1.0,-0.058394,-0.989315,-0.133589,-14.244231,160.114578,-18.757624,-7.629158,-4.452442,9.401969,86.993446,10.208555,0.611788,1.534907,52.725868,153.906158,8.388138
0.430723,0.108941,-0.895885,0.28104,0.927136,0.24786,0.857609,-0.358539,0.368722,62.003296,-0.876189,0.116956,-0.467562,274.059509,61.224678,103.556137,3.141593,1.0,-0.060738,-0.989171,-0.13361,-14.353626,160.037018,-18.659203,-12.646823,-8.966998,11.377973,86.993446,10.133591,0.610199,1.543557,52.675587,153.778168,8.373846
0.427047,0.109031,-0.897632,0.275079,0.929989,0.24383,0.861372,-0.351046,0.367157,62.003296,-0.876746,0.118835,-0.466042,274.992157,63.008377,103.146805,3.141593,1.0,-0.062798,-0.988984,-0.13404,-14.454833,159.926117,-18.545063,-11.470745,-12.569221,12.936615,86.993446,10.061223,0.60925,1.55238,52.636803,153.627716,8.368672
0.423611,0.109193,-0.899239,0.269471,0.932576,0.240182,0.864835,-0.344062,0.365625,62.003296,-0.877652,0.119698,-0.464112,275.855255,64.742477,102.709892,3.141593,1.0,-0.063851,-0.988882,-0.134296,-14.560399,159.836487,-18.440596,-12.388888,-10.519589,12.260011,86.993446,9.969965,0.608667,1.560901,52.60606,153.55899,8.32721
0.420137,0.109248,-0.90086,0.263261,0.93536,0.23621,0.868435,-0.336402,0.364219,62.003296,-0.878726,0.120723,-0.461808,276.738373,66.65712,102.302864,3.141593,1.0,-0.065058,-0.988751,-0.134681,-14.690454,159.755066,-18.315861,-15.019733,-9.401693,14.405345,86.993446,9.886228,0.608442,1.56956,52.560024,153.49614,8.283132
0.417122,0.108877,-0.902305,0.256961,0.938163,0.231993,0.871768,-0.328627,0.363352,62.003296,-0.879542,0.121993,-0.459916,277.573547,68.581299,102.031212,3.141593,1.0,-0.066602,-0.988623,-0.134865,-14.785491,159.670563,-18.226709,-10.91245,-9.703498,10.236665,86.993446,9.818595,0.60825,1.578269,52.534622,153.413269,8.235274
0.41484,0.109092,-0.903331,0.251184,0.940477,0.22893,0.874537,-0.321872,0.362745,62.003296,-0.880437,0.122994,-0.457933,278.265991,70.249748,101.801956,3.141593,1.0,-0.067526,-0.988452,-0.135654,-14.87473,159.582047,-18.162842,-10.170816,-10.088652,7.279109,86.993446,9.733194,0.608651,1.587043,52.512402,153.338028,8.162693
0.413242,0.109531,-0.90401,0.246462,0.942235,0.226826,0.876634,-0.316538,0.362375,62.003296,-0.881131,0.124151,-0.456283,278.779755,71.551155,101.645828,3.141593,1.0,-0.068426,-0.988239,-0.136756,-14.954071,159.516693,-18.113894,-9.028344,-7.436278,5.570049,86.993446,9.674734,0.608585,1.595831,52.484684,153.262619,8.102
0.412691,0.109808,-0.904228,0.24337,0.943325,0.225631,0.877757,-0.313178,0.362577,62.003296,-0.881886,0.124809,-0.454642,279.012177,72.31765,101.643517,3.141593,1.0,-0.068843,-0.988077,-0.13771,-15.056473,159.414886,-18.065559,-11.719103,-11.652307,5.531272,86.993446,9.62363,0.608379,1.604569,52.427322,153.161667,8.047505
0.412637,0.110007,-0.904228,0.241603,0.943909,0.225088,0.87827,-0.311344,0.362914,62.003296,-0.882503,0.125274,-0.453315,279.087677,72.688698,101.712967,3.141593,1.0,-0.069101,-0.987949,-0.138498,-15.14665,159.316605,-18.002146,-10.661902,-11.619977,7.497471,86.993446,9.565762,0.608432,1.613027,52.370296,153.059174,8.030071
0.413334,0.110586,-0.903839,0.240204,0.944198,0.225371,0.878326,-0.31026,0.363706,62.003296,-0.883369,0.126103,-0.451395,279.026703,72.846008,101.877838,3.141593,1.0,-0.069407,-0.987702,-0.1401,-15.262486,159.223404,-17.930977,-13.46775,-10.835077,8.274593,86.993446,9.498169,0.608433,1.621628,52.294937,152.936661,7.990388
0.414216,0.109701,-0.903543,0.239437,0.944611,0.224454,0.87812,-0.309314,0.365007,62.003296,-0.884294,0.127324,-0.449236,278.872406,72.926559,102.164368,3.141593,1.0,-0.070712,-0.987525,-0.140694,-15.406793,159.124008,-17.853359,-16.648149,-11.466365,8.954466,86.993446,9.403452,0.608441,1.630296,52.193748,152.773041,7.941255
0.41557,0.108328,-0.903087,0.238629,0.945118,0.223178,0.8777,-0.308249,0.366913,62.003296,-0.885126,0.128618,-0.447225,278.680084,73.061005,102.604027,3.141593,1.0,-0.072234,-0.987371,-0.140997,-15.527432,159.053589,-17.793388,-13.904991,-8.117473,6.912426,86.993446,9.31884,0.608548,1.638972,52.109825,152.632523,7.888895
0.417157,0.106601,-0.902561,0.2379,0.945662,0.221647,0.877145,-0.307181,0.369129,62.003296,-0.885701,0.131083,-0.445365,278.448669,73.136215,103.137238,3.141593,1.0,-0.074936,-0.987097,-0.141504,-15.640976,158.999069,-17.733913,-13.012064,-6.247247,6.815671,86.993446,9.24293,0.607621,1.647698,52.021793,152.432236,7.849899
0.418888,0.103633,-0.902105,0.238526,0.94602,0.219437,0.87615,-0.307095,0.371557,62.003296,-0.886103,0.13279,-0.444058,278.1138,72.993248,103.739677,3.141593,1.0,-0.077522,-0.987045,-0.140471,-15.732756,158.952164,-17.690689,-10.668325,-5.453217,5.024312,86.993446,9.172881,0.606958,1.656301,51.94381,152.266937,7.825784
0.42124,0.100966,-0.901311,0.239972,0.945958,0.218122,0.874626,-0.308171,0.374247,62.003296,-0.886463,0.134308,-0.442882,277.642242,72.556427,104.424477,3.141593,1.0,-0.079724,-0.986974,-0.139735,-15.817083,158.90918,-17.646439,-9.705174,-4.947384,5.092745,86.993446,9.12366,0.606117,1.66499,51.865692,152.107956,7.816151
0.424155,0.098163,-0.900254,0.241789,0.945743,0.217042,0.872715,-0.309731,0.377407,62.003296,-0.886826,0.136389,-0.441518,277.082672,71.935562,105.220673,3.141593,1.0,-0.082405,-0.986813,-0.139319,-15.886816,158.846603,-17.606213,-8.06249,-7.234252,4.650873,86.993446,9.073548,0.605192,1.673639,51.799412,151.889771,7.796633
0.427218,0.095278,-0.899114,0.243994,0.945389,0.216116,0.870604,-0.311707,0.38064,62.003296,-0.886753,0.138382,-0.441043,276.428741,71.269531,106.08522,3.141593,1.0,-0.085023,-0.986687,-0.138638,-15.976994,158.847626,-17.57468,-10.427532,0.117841,3.646198,86.993446,9.043286,0.603849,1.682287,51.690254,151.733841,7.826506
0.430335,0.093298,-0.897835,0.245877,0.944919,0.21604,0.868537,-0.313727,0.383692,62.003296,-0.886567,0.140393,-0.440783,275.811432,70.650879,106.916016,3.141593,1.0,-0.087238,-0.98648,-0.138735,-16.035515,158.903091,-17.546515,-6.635874,6.289823,3.193924,86.993446,9.02135,0.60287,1.691106,51.60672,151.636551,7.869419
0.432954,0.091107,-0.8968,0.247857,0.944499,0.215612,0.86667,-0.315628,0.386343,62.003296,-0.886346,0.141514,-0.440869,275.251953,70.08654,107.68177,3.141593,1.0,-0.088823,-0.986433,-0.13806,-16.087793,158.928802,-17.494734,-6.132976,3.015821,6.074724,86.993446,8.991262,0.602921,1.69963,51.52895,151.563065,7.950814
0.435781,0.090227,-0.895519,0.249947,0.943696,0.216711,0.864651,-0.318271,0.388693,62.003296,-0.886083,0.143125,-0.440876,274.65271,69.336464,108.343246,3.141593,1.0,-0.09023,-0.9862,-0.138811,-16.136526,158.989075,-17.468702,-5.568988,6.88833,2.974687,86.993446,8.976387,0.603025,1.708381,51.450966,151.495071,8.005809
0.438022,0.087698,-0.894676,0.25306,0.942955,0.216326,0.862611,-0.321162,0.390842,62.003296,-0.886101,0.142663,-0.44099,274.048401,68.615311,108.992554,3.141593,1.0,-0.0906,-0.98641,-0.137063,-16.197151,159.028107,-17.396116,-6.892922,4.437559,8.252954,86.993446,8.949602,0.60326,1.717176,51.373447,151.520401,8.100179
0.440064,0.085726,-0.893865,0.256408,0.941992,0.216575,0.86058,-0.324502,0.392556,62.003296,-0.886073,0.142731,-0.441024,273.465057,67.789169,109.513092,3.141593,1.0,-0.091228,-0.986502,-0.13598,-16.238276,159.112167,-17.333378,-4.798677,9.808469,7.320725,86.993446,8.936715,0.603414,1.725746,51.314171,151.556244,8.178388
0.441612,0.084255,-0.893241,0.258869,0.941275,0.216769,0.859049,-0.32696,0.393867,62.003296,-0.885862,0.143374,-0.441239,272.999939,67.227417,109.950203,3.141593,1.0,-0.092223,-0.98649,-0.135394,-16.286234,159.258194,-17.260189,-5.573402,16.969578,8.505321,86.993446,8.921375,0.603549,1.734351,51.244308,151.62912,8.27695
0.443148,0.084091,-0.892496,0.26054,0.940533,0.217982,0.857752,-0.329129,0.394886,62.003296,-0.885625,0.144522,-0.441342,272.614929,66.739319,110.333794,3.141593,1.0,-0.093084,-0.986301,-0.136185,-16.314695,159.422684,-17.161427,-3.301715,19.082199,11.457475,86.993446,8.917922,0.604098,1.742971,51.194111,151.701019,8.397546
0.44422,0.083908,-0.89198,0.261958,0.939931,0.218878,0.856765,-0.330891,0.395556,62.003296,-0.885699,0.145067,-0.441013,272.327515,66.338959,110.650429,3.141593,1.0,-0.093477,-0.986197,-0.136667,-16.34268,159.52771,-17.005957,-3.224565,12.101412,17.91328,86.993446,8.898505,0.605908,1.75165,51.161461,151.755432,8.541334
0.444893,0.083467,-0.891686,0.262777,0.939659,0.219066,0.856165,-0.331775,0.396114,62.003296,-0.885932,0.144564,-0.440711,272.177795,66.216721,110.925117,3.141593,1.0,-0.093103,-0.986274,-0.136363,-16.342512,159.611954,-16.860355,0.019533,9.699026,16.762863,86.993446,8.886449,0.608429,1.760336,51.166634,151.861389,8.671905
0.445657,0.083215,-0.891328,0.263919,0.939204,0.219642,0.855416,-0.333124,0.396601,62.003296,-0.886314,0.142692,-0.440553,271.978455,66.103523,111.165466,3.141593,1.0,-0.0914,-0.986532,-0.135651,-16.357231,159.743149,-16.737864,-1.696747,15.123198,14.119963,86.993446,8.901977,0.611569,1.769011,51.16069,152.096283,8.786645
0.446697,0.084796,-0.890658,0.265679,0.938022,0.222552,0.854328,-0.336042,0.396483,62.003296,-0.886324,0.141972,-0.440765,271.704987,65.515182,111.26693,3.141593,1.0,-0.089885,-0.986484,-0.137003,-16.338509,159.881516,-16.627411,2.162194,15.980452,12.755874,86.993446,8.967883,0.614561,1.77767,51.167969,152.261353,8.918555
0.447682,0.086681,-0.889981,0.267436,0.936754,0.225764,0.853263,-0.339084,0.396187,62.003296,-0.886971,0.140205,-0.440029,271.452209,64.85891,111.244774,3.141593,1.0,-0.087276,-0.986522,-0.13841,-16.333607,159.914871,-16.531298,0.564136,3.838834,11.064057,86.993446,9.025951,0.617537,1.786357,51.190136,152.390213,8.972811
0.448405,0.088761,-0.889413,0.269712,0.935239,0.229312,0.852167,-0.34271,0.395425,62.003296,-0.887343,0.138962,-0.439672,271.198853,64.021263,111.111633,3.141593,1.0,-0.085105,-0.986483,-0.140027,-16.309193,159.957397,-16.44738,2.834046,4.936978,9.740891,86.993446,9.09994,0.620516,1.794972,51.21978,152.488708,9.03626
0.449113,0.090633,-0.888866,0.272436,0.933575,0.232844,0.850927,-0.346732,0.394589,62.003296,-0.887823,0.137585,-0.439136,270.926727,63.024464,110.914932,3.141593,1.0,-0.082902,-0.986466,-0.141461,-16.270441,159.939728,-16.394548,4.432671,-2.021674,6.043387,86.993446,9.16067,0.623149,1.803714,51.267868,152.530243,9.055415
0.44933,0.09117,-0.888702,0.275287,0.932242,0.234823,0.849894,-0.35016,0.393787,62.003296,-0.888087,0.136478,-0.438948,270.687164,62.166222,110.739838,3.141593,1.0,-0.081626,-0.986554,-0.141592,-16.246452,159.929001,-16.344816,2.774045,-1.240246,5.750682,86.993446,9.217106,0.624889,1.812362,51.294865,152.556915,9.087442
0.449432,0.091224,-0.888645,0.278236,0.930995,0.236289,0.848879,-0.353448,0.393037,62.003296,-0.888384,0.134829,-0.438856,270.448608,61.339745,110.594276,3.141593,1.0,-0.080097,-0.986761,-0.141019,-16.22764,159.882233,-16.282547,2.163493,-5.378057,7.161567,86.993446,9.233606,0.626379,1.821057,51.318249,152.579193,9.135354
0.449396,0.091393,-0.888646,0.280998,0.929799,0.237728,0.847988,-0.356542,0.392166,62.003296,-0.888509,0.133548,-0.438996,270.240326,60.555134,110.421379,3.141593,1.0,-0.078879,-0.986921,-0.140585,-16.203856,159.848404,-16.230776,2.730643,-3.883807,5.943952,86.993446,9.256179,0.627531,1.829767,51.34005,152.593109,9.187268
0.449294,0.091884,-0.888646,0.283099,0.928792,0.239168,0.847343,-0.359031,0.391288,62.003296,-0.8886,0.131784,-0.439344,270.074768,60.02874,110.274834,3.141593,1.0,-0.077099,-0.987123,-0.140156,-16.200268,159.878845,-16.164345,0.411108,3.48509,7.608643,86.993446,9.292097,0.628571,1.838498,51.340954,152.70932,9.267446
0.449114,0.092425,-0.888681,0.284591,0.928032,0.240342,0.846938,-0.360852,0.390489,62.003296,-0.888727,0.130677,-0.439419,269.974335,59.58263,110.113014,3.141593,1.0,-0.075897,-0.987226,-0.140084,-16.197916,159.850021,-16.11764,0.270837,-3.32045,5.38193,86.993446,9.321682,0.629358,1.847176,51.345013,152.733215,9.311958
0.449043,0.093191,-0.888637,0.285736,0.927344,0.241637,0.84659,-0.362421,0.389789,62.003296,-0.888984,0.129532,-0.439238,269.915131,59.192455,109.958282,3.141593,1.0,-0.074532,-0.987299,-0.140308,-16.175062,159.804703,-16.075289,2.636923,-5.228412,4.886392,86.993446,9.338708,0.630591,1.855843,51.375641,152.748199,9.337821
0.449196,0.093802,-0.888496,0.28739,0.926449,0.243104,0.845949,-0.364546,0.389199,62.003296,-0.889189,0.128529,-0.439116,269.748962,58.635319,109.802368,3.141593,1.0,-0.073324,-0.987359,-0.140522,-16.178957,159.751251,-16.067631,-0.452512,-6.211686,0.889989,86.993446,9.347141,0.631407,1.864448,51.374969,152.739578,9.334201
0.4494,0.094047,-0.888367,0.28938,0.925497,0.244367,0.845162,-0.366894,0.388702,62.003296,-0.88905,0.128118,-0.439517,269.537384,57.969311,109.680229,3.141593,1.0,-0.072821,-0.987396,-0.140522,-16.174417,159.689743,-16.084337,0.524257,-7.104161,-1.929581,86.993446,9.357844,0.631628,1.873106,51.366539,152.679596,9.340286
0.449732,0.094009,-0.888202,0.291586,0.924506,0.245493,0.844227,-0.369394,0.388368,62.003296,-0.888816,0.128132,-0.439987,269.285431,57.283379,109.586937,3.141593,1.0,-0.072807,-0.987404,-0.140474,-16.166977,159.677582,-16.119844,0.859066,-1.405151,-4.099257,86.993446,9.366502,0.631416,1.881768,51.356087,152.638916,9.333322
0.44997,0.093863,-0.888097,0.293579,0.923642,0.246367,0.843409,-0.371584,0.388055,62.003296,-0.888567,0.128233,-0.44046,269.069672,56.670017,109.56028,3.141593,1.0,-0.072937,-0.987415,-0.140329,-16.15423,159.661331,-16.093994,1.463905,-1.866038,2.968983,86.993446,9.368339,0.631144,1.890475,51.351456,152.591064,9.38746
0.450309,0.093703,-0.887942,0.294618,0.923186,0.246835,0.842865,-0.372755,0.388113,62.003296,-0.888257,0.128288,-0.441068,268.925201,56.338165,109.625244,3.141593,1.0,-0.073017,-0.987434,-0.140155,-16.139666,159.649719,-16.084187,1.665917,-1.328664,1.121817,86.993446,9.367787,0.630852,1.899217,51.34724,152.561478,9.437558
0.450521,0.093445,-0.887862,0.295703,0.922752,0.247163,0.842372,-0.373895,0.388087,62.003296,-0.887913,0.128004,-0.441843,268.79425,56.046108,109.665871,3.141593,1.0,-0.072867,-0.987515,-0.139656,-16.123104,159.649857,-16.085781,1.876246,0.015867,-0.180584,86.993446,9.370363,0.630564,1.908044,51.34359,152.563705,9.484871
0.450536,0.09311,-0.887889,0.296829,0.922342,0.247341,0.841968,-0.374988,0.387911,62.003296,-0.887609,0.127409,-0.442625,268.673798,55.769409,109.663849,3.141593,1.0,-0.07251,-0.98765,-0.138888,-16.121439,159.634232,-16.088907,0.193181,-1.81274,-0.362708,86.993446,9.372865,0.630123,1.916663,51.327629,152.569,9.528217
0.450662,0.093316,-0.887804,0.297409,0.92201,0.247881,0.841696,-0.375752,0.387762,62.003296,-0.88729,0.126979,-0.443387,268.610657,55.542042,109.644333,3.141593,1.0,-0.072038,-0.98771,-0.138703,-16.09646,159.585953,-16.11825,2.928059,-5.658864,-3.439542,86.993446,9.391782,0.62923,1.925194,51.334698,152.538834,9.547182
0.450722,0.093942,-0.887708,0.297785,0.92166,0.248732,0.841531,-0.376455,0.387437,62.003296,-0.887073,0.126893,-0.443847,268.556824,55.378548,109.570396,3.141593,1.0,-0.071692,-0.987681,-0.139089,-16.095673,159.603287,-16.137833,0.090985,2.001395,-2.262119,86.993446,9.411289,0.628395,1.933851,51.323402,152.55687,9.556998
0.450637,0.094535,-0.887688,0.2981,0.921363,0.249452,0.841464,-0.377033,0.387019,62.003296,-0.886931,0.12703,-0.444091,268.547974,55.203945,109.485001,3.141593,1.0,-0.07158,-0.987625,-0.139547,-16.080225,159.589722,-16.129763,1.787136,-1.568645,0.933587,86.993446,9.441096,0.62763,1.942495,51.331696,152.531433,9.579499
0.450375,0.094602,-0.887813,0.29855,0.921175,0.249607,0.841445,-0.377473,0.386631,62.003296,-0.886738,0.126898,-0.444513,268.534332,55.058586,109.403145,3.141593,1.0,-0.071503,-0.987663,-0.139316,-16.080153,159.556305,-16.134188,0.008207,-3.82122,-0.505947,86.993446,9.467424,0.626809,1.951241,51.322964,152.499893,9.597917
0.450158,0.094545,-0.88793,0.298779,0.921116,0.249552,0.84148,-0.377633,0.3864,62.003296,-0.886625,0.127398,-0.444597,268.506836,54.960659,109.317207,3.141593,1.0,-0.072029,-0.987619,-0.139357,-16.112761,159.533829,-16.163599,-3.789286,-2.611463,-3.417918,86.993446,9.490603,0.625601,1.959846,51.286499,152.443039,9.571672
0.449866,0.094509,-0.888082,0.298915,0.921102,0.249441,0.841588,-0.377676,0.386122,62.003296,-0.886646,0.127685,-0.444472,268.51593,54.944893,109.250023,3.141593,1.0,-0.072358,-0.987594,-0.139367,-16.134386,159.548523,-16.147957,-2.498949,1.697846,1.807641,86.993446,9.513566,0.624754,1.9685,51.267754,152.438507,9.576118
0.449778,0.094715,-0.888104,0.298479,0.921251,0.249414,0.84179,-0.377261,0.386088,62.003296,-0.886846,0.128459,-0.44385,268.584167,54.988125,109.21302,3.141593,1.0,-0.072955,-0.987457,-0.140022,-16.130184,159.525696,-16.137562,0.48771,-2.649938,1.206897,86.993446,9.53178,0.623601,1.977113,51.283867,152.37468,9.548046
0.449762,0.094916,-0.888091,0.297846,0.921479,0.249325,0.842022,-0.376652,0.386176,62.003296,-0.887092,0.128505,-0.443344,268.651733,55.097549,109.195061,3.141593,1.0,-0.072885,-0.987413,-0.140369,-16.135736,159.47113,-16.147409,-0.639533,-6.285936,-1.134577,86.993446,9.548143,0.622788,1.985794,51.291424,152.326706,9.507291
0.449575,0.094985,-0.888178,0.297413,0.921677,0.249111,0.842275,-0.37615,0.386113,62.003296,-0.887309,0.128556,-0.442896,268.712036,55.217007,109.146309,3.141593,1.0,-0.072917,-0.987389,-0.140518,-16.15312,159.45755,-16.150274,-2.002502,-1.563919,-0.329877,86.993446,9.57804,0.621654,1.994475,51.286404,152.31662,9.474738
0.449326,0.095031,-0.888299,0.296962,0.921897,0.248837,0.842567,-0.3756,0.386012,62.003296,-0.887522,0.12875,-0.442413,268.777191,55.325588,109.091179,3.141593,1.0,-0.0731,-0.987351,-0.140691,-16.176126,159.429337,-16.146893,-2.66279,-3.266748,0.391346,86.993446,9.605004,0.620752,2.003115,51.276203,152.283234,9.445787
0.44899,0.094675,-0.888507,0.296487,0.92225,0.248094,0.842914,-0.374822,0.386011,62.003296,-0.8877,0.128703,-0.442068,268.85083,55.493828,109.04528,3.141593,1.0,-0.073266,-0.987388,-0.140343,-16.203655,159.387787,-16.16761,-3.157176,-4.765119,-2.376116,86.993446,9.624139,0.619724,2.011834,51.260368,152.250717,9.400128
0.448699,0.094345,-0.888689,0.295973,0.922606,0.247382,0.843249,-0.374028,0.386049,62.003296,-0.887826,0.129268,-0.44165,268.926086,55.665531,109.037834,3.141593,1.0,-0.073963,-0.987342,-0.140304,-16.224836,159.383087,-16.156837,-2.418578,-0.536852,1.230089,86.993446,9.659441,0.618509,2.020592,51.249062,152.217392,9.382842
0.4485,0.093605,-0.888868,0.295557,0.92302,0.246332,0.843501,-0.373191,0.386309,62.003296,-0.887783,0.129782,-0.441587,268.98526,55.811749,109.090042,3.141593,1.0,-0.074791,-0.987349,-0.139817,-16.231995,159.34166,-16.166918,-0.822821,-4.760966,-1.158809,86.993446,9.678186,0.617807,2.029292,51.243229,152.147476,9.36794
0.447988,0.09135,-0.88936,0.296349,0.923355,0.244118,0.843495,-0.372923,0.38658,62.003296,-0.887155,0.131834,-0.442239,268.897858,55.614159,109.102417,3.141593,1.0,-0.077779,-0.987331,-0.138301,-16.293905,159.219238,-16.260994,-2.39544,-4.736732,-3.640016,86.993446,9.728205,0.614516,2.055137,51.15736,151.880783,9.310259
0.447493,0.08976,-0.889772,0.29672,0.923685,0.242411,0.843628,-0.37249,0.386709,62.003296,-0.886614,0.133765,-0.442745,268.952789,55.580776,109.183121,3.141593,1.0,-0.08035,-0.987255,-0.137372,-16.253412,159.204056,-16.241795,4.63943,-1.73984,2.199814,86.993446,9.73707,0.613006,2.063865,51.178059,151.735626,9.357874
0.447129,0.088644,-0.890066,0.296654,0.924061,0.241055,0.843844,-0.371824,0.386878,62.003296,-0.885957,0.135809,-0.443437,268.978333,55.611809,109.249275,3.141593,1.0,-0.082793,-0.987118,-0.136904,-16.25831,159.194687,-16.262854,-0.568317,-1.087248,-2.442927,86.993446,9.746952,0.611995,2.072485,51.147888,151.594711,9.380167
0.446972,0.087593,-0.890249,0.296488,0.924437,0.239816,0.843985,-0.371139,0.387227,62.003296,-0.885448,0.137691,-0.443872,268.995575,55.657413,109.323517,3.141593,1.0,-0.085008,-0.986974,-0.136588,-16.258036,159.182968,-16.307718,0.031478,-1.344555,-5.146315,86.993446,9.755161,0.61098,2.081203,51.128609,151.463638,9.364466
0.44691,0.086185,-0.890418,0.296873,0.924653,0.238502,0.843883,-0.37093,0.38765,62.003296,-0.885116,0.139761,-0.443888,268.968475,55.536953,109.391212,3.141593,1.0,-0.087516,-0.986809,-0.136194,-16.246103,159.145477,-16.351528,1.350501,-4.241434,-4.958008,86.993446,9.757091,0.60964,2.090039,51.127888,151.289032,9.322845
0.447063,0.084555,-0.890497,0.297141,0.924952,0.237003,0.843707,-0.370559,0.388387,62.003296,-0.88484,0.142249,-0.443647,268.908722,55.409565,109.508347,3.141593,1.0,-0.090447,-0.98658,-0.135939,-16.250158,159.08403,-16.413498,-0.467444,-7.085959,-7.145301,86.993446,9.753428,0.608235,2.098712,51.113495,151.065842,9.24976
0.447256,0.082602,-0.890583,0.297949,0.925093,0.235435,0.84332,-0.370648,0.389142,62.003296,-0.884452,0.14372,-0.443947,268.784576,55.242001,109.647102,3.141593,1.0,-0.092621,-0.986528,-0.134847,-16.255928,159.046204,-16.490688,-0.661913,-4.338919,-8.852974,86.993446,9.739638,0.607191,2.107431,51.089344,150.921463,9.193665
0.447383,0.080115,-0.890747,0.298994,0.925274,0.233392,0.842882,-0.370743,0.389998,62.003296,-0.884236,0.145351,-0.443846,268.679962,55.03503,109.789131,3.141593,1.0,-0.095171,-0.986475,-0.13345,-16.237688,158.982956,-16.563786,2.128791,-7.379401,-8.530478,86.993446,9.707309,0.605799,2.116,51.097618,150.738968,9.114697
0.447671,0.07779,-0.890808,0.300142,0.925342,0.231641,0.842322,-0.371067,0.3909,62.003296,-0.884095,0.146686,-0.443689,268.53656,54.819839,109.947128,3.141593,1.0,-0.097348,-0.986438,-0.132148,-16.228182,158.952866,-16.630306,1.10344,-3.492909,-7.721539,86.993446,9.668759,0.604391,2.124615,51.098961,150.607468,9.039804
0.447874,0.075514,-0.890902,0.301303,0.925396,0.229908,0.841799,-0.371401,0.391708,62.003296,-0.883928,0.147952,-0.443601,268.411194,54.578953,110.092201,3.141593,1.0,-0.099458,-0.986406,-0.130808,-16.209522,158.895523,-16.688843,2.159189,-6.635165,-6.773575,86.993446,9.62221,0.603322,2.133257,51.108509,150.452789,8.976371
0.44792,0.073641,-0.891036,0.302317,0.925425,0.228456,0.841411,-0.371705,0.392254,62.003296,-0.88376,0.148768,-0.443663,268.313843,54.389709,110.200226,3.141593,1.0,-0.101021,-0.986416,-0.129532,-16.197931,158.8517,-16.724493,1.323431,-5.004198,-4.070507,86.993446,9.58067,0.602552,2.142015,51.111355,150.341949,8.943597
0.447942,0.072488,-0.891119,0.301875,0.925913,0.227063,0.841558,-0.370718,0.392873,62.003296,-0.883679,0.149096,-0.443713,268.367065,54.612705,110.350487,3.141593,1.0,-0.101821,-0.986445,-0.128681,-16.180771,158.837494,-16.738699,2.004238,-1.659697,-1.659159,86.993446,9.542053,0.602333,2.150577,51.12669,150.310028,8.933967
0.447853,0.071544,-0.89124,0.302369,0.925945,0.226271,0.841428,-0.37082,0.393055,62.003296,-0.883703,0.149105,-0.443664,268.329041,54.60416,110.365761,3.141593,1.0,-0.102263,-0.986507,-0.127851,-16.186214,158.863342,-16.764713,-0.626705,2.975528,-2.994362,86.993446,9.5138,0.602266,2.159265,51.122196,150.327805,8.902311
0.447841,0.07134,-0.891263,0.302469,0.925954,0.226102,0.841398,-0.370837,0.393102,62.003296,-0.88376,0.149378,-0.443457,268.326843,54.614094,110.348824,3.141593,1.0,-0.102591,-0.986475,-0.12784,-16.183735,158.895905,-16.780479,0.284376,3.732419,-1.80763,86.993446,9.492456,0.602141,2.167987,51.127655,150.342285,8.873242
0.447732,0.071081,-0.891338,0.302507,0.926015,0.2258,0.841443,-0.370734,0.393104,62.003296,-0.883914,0.149837,-0.442996,268.351349,54.648823,110.307846,3.141593,1.0,-0.103117,-0.986413,-0.127889,-16.179195,158.932343,-16.791697,0.524813,4.212438,-1.29658,86.993446,9.467015,0.60195,2.176638,51.140659,150.350357,8.831745
0.447471,0.07041,-0.891522,0.30268,0.926138,0.225065,0.841519,-0.370556,0.393108,62.003296,-0.883935,0.150665,-0.442673,268.370941,54.692558,110.277138,3.141593,1.0,-0.104194,-0.986332,-0.127645,-16.182713,158.984436,-16.800468,-0.407655,6.038583,-1.016578,86.993446,9.429721,0.6019,2.185266,51.140533,150.348145,8.799964
0.447319,0.069591,-0.891663,0.302524,0.92643,0.22407,0.841656,-0.36998,0.393356,62.003296,-0.883978,0.151445,-0.442321,268.410797,54.81654,110.309494,3.141593,1.0,-0.105269,-0.986262,-0.127304,-16.18292,159.007294,-16.809271,-0.024192,2.645567,-1.018936,86.993446,9.382616,0.602083,2.193906,51.144936,150.323425,8.768158
0.44724,0.069263,-0.891728,0.301925,0.926783,0.223415,0.841913,-0.369155,0.393583,62.003296,-0.883929,0.151909,-0.44226,268.493744,55.025024,110.358429,3.141593,1.0,-0.105841,-0.986213,-0.127209,-16.166449,159.025421,-16.815882,1.899032,2.089632,-0.762035,86.993446,9.34361,0.602461,2.20258,51.161716,150.319092,8.758723
0.447296,0.069743,-0.891663,0.300996,0.927064,0.223505,0.842216,-0.36836,0.393679,62.003296,-0.883841,0.152271,-0.442311,268.604156,55.259186,110.378296,3.141593,1.0,-0.105943,-0.986127,-0.127787,-16.132309,159.065079,-16.827633,3.855077,4.477225,-1.326865,86.993446,9.321563,0.602896,2.211436,51.193844,150.3479,8.753707
0.447197,0.070183,-0.891678,0.300146,0.927335,0.22352,0.842572,-0.367591,0.393637,62.003296,-0.883889,0.152159,-0.442253,268.714905,55.476971,110.362709,3.141593,1.0,-0.10566,-0.986116,-0.128105,-16.117926,159.066315,-16.829447,1.665248,0.14352,-0.21014,86.993446,9.291926,0.603496,2.220073,51.212811,150.367233,8.749009
0.447084,0.070713,-0.891693,0.298967,0.927729,0.223469,0.843051,-0.366496,0.393632,62.003296,-0.88386,0.15249,-0.442196,268.850494,55.779015,110.349953,3.141593,1.0,-0.105739,-0.986033,-0.128681,-16.108387,159.091202,-16.839325,1.097464,2.863143,-1.136609,86.993446,9.274555,0.603879,2.228764,51.224667,150.386551,8.737577
0.447045,0.071549,-0.891646,0.297177,0.9283,0.223486,0.843704,-0.364884,0.393729,62.003296,-0.883831,0.152857,-0.442128,269.033295,56.220226,110.367226,3.141593,1.0,-0.105696,-0.985921,-0.129571,-16.097502,159.116333,-16.847223,1.264824,2.920823,-0.917629,86.993446,9.269184,0.604112,2.23737,51.238762,150.411774,8.729836
0.446908,0.072135,-0.891667,0.295319,0.928969,0.223168,0.844429,-0.363062,0.393861,62.003296,-0.883696,0.153275,-0.442253,269.215088,56.733452,110.395981,3.141593,1.0,-0.105837,-0.985825,-0.130185,-16.101727,159.162552,-16.864283,-0.483234,5.288018,-1.951908,86.993446,9.272397,0.604048,2.24611,51.233631,150.454559,8.724445
0.446697,0.072604,-0.891734,0.293777,0.929535,0.222844,0.845078,-0.361515,0.393891,62.003296,-0.88369,0.153983,-0.44202,269.384155,57.17028,110.39312,3.141593,1.0,-0.106289,-0.985684,-0.13088,-16.105534,159.224457,-16.862539,-0.447138,7.270033,0.204649,86.993446,9.283244,0.603602,2.254625,51.235062,150.491928,8.713677
0.446543,0.073557,-0.891734,0.292437,0.929886,0.223144,0.845624,-0.36042,0.393723,62.003296,-0.88389,0.154462,-0.441452,269.557739,57.473602,110.344948,3.141593,1.0,-0.1063,-0.985534,-0.131997,-16.086576,159.255844,-16.833151,2.191263,3.628474,3.397091,86.993446,9.28375,0.603481,2.263276,51.26767,150.512604,8.709082
0.446262,0.074221,-0.891819,0.291805,0.930018,0.223419,0.84599,-0.359941,0.393374,62.003296,-0.883993,0.155327,-0.440942,269.668427,57.598358,110.220505,3.141593,1.0,-0.106817,-0.985349,-0.132956,-16.079079,159.301071,-16.834801,0.86364,5.208289,-0.189911,86.993446,9.293741,0.603241,2.271959,51.283817,150.513809,8.674705
0.445973,0.074887,-0.891908,0.29133,0.930084,0.223764,0.846306,-0.359633,0.392976,62.003296,-0.884022,0.156126,-0.440601,269.76416,57.682499,110.080208,3.141593,1.0,-0.107283,-0.985178,-0.133842,-16.069689,159.347794,-16.849907,1.071951,5.335037,-1.724747,86.993446,9.300172,0.60299,2.280718,51.297966,150.518356,8.63718
0.44567,0.075451,-0.892012,0.290795,0.930202,0.223969,0.84665,-0.359209,0.392622,62.003296,-0.884105,0.157025,-0.440115,269.859772,57.778336,109.952499,3.141593,1.0,-0.107883,-0.984994,-0.134713,-16.07048,159.381912,-16.854822,-0.091201,3.927177,-0.565913,86.993446,9.300743,0.602472,2.289404,51.304844,150.504837,8.60066
0.44535,0.075998,-0.892125,0.290183,0.930358,0.224115,0.847028,-0.35869,0.392282,62.003296,-0.884242,0.15737,-0.439716,269.976837,57.88224,109.859322,3.141593,1.0,-0.107995,-0.984899,-0.135315,-16.06098,159.363892,-16.833,1.091026,-2.068271,2.50577,86.993446,9.297309,0.602209,2.298113,51.324276,150.474655,8.595459
0.445168,0.076614,-0.892163,0.289541,0.930494,0.22438,0.847344,-0.358204,0.392044,62.003296,-0.884338,0.1579,-0.439333,270.068237,58.015923,109.760414,3.141593,1.0,-0.10822,-0.984767,-0.136096,-16.05838,159.39566,-16.846554,0.300889,3.677605,-1.56927,86.993446,9.295549,0.601971,2.30675,51.33427,150.483109,8.557965
0.44492,0.077224,-0.892234,0.288916,0.930631,0.224618,0.847687,-0.357718,0.391745,62.003296,-0.884503,0.158006,-0.438964,270.153259,58.184265,109.67382,3.141593,1.0,-0.108078,-0.984703,-0.136671,-16.072517,159.43544,-16.831554,-1.635172,4.601411,1.734933,86.993446,9.288151,0.601987,2.315396,51.330631,150.525864,8.548384
0.444741,0.077592,-0.892292,0.288103,0.9309,0.224548,0.848058,-0.356938,0.391655,62.003296,-0.884631,0.157827,-0.43877,270.241638,58.4174,109.626274,3.141593,1.0,-0.107777,-0.984704,-0.136905,-16.088467,159.445023,-16.843008,-1.836118,1.101924,-1.318808,86.993446,9.277481,0.602155,2.324082,51.323334,150.557587,8.524185
0.444566,0.077861,-0.892356,0.287183,0.931238,0.224326,0.848462,-0.355997,0.391636,62.003296,-0.884754,0.157438,-0.438662,270.35144,58.694508,109.635124,3.141593,1.0,-0.107332,-0.984746,-0.136949,-16.091351,159.443253,-16.82193,-0.335715,-0.204557,2.453988,86.993446,9.26745,0.602478,2.332672,51.328884,150.591934,8.537928
0.444344,0.077844,-0.892468,0.28614,0.931702,0.223731,0.84893,-0.354785,0.391722,62.003296,-0.884735,0.156992,-0.438859,270.468353,59.010796,109.675568,3.141593,1.0,-0.106977,-0.984828,-0.136636,-16.097635,159.406754,-16.815567,-0.727995,-4.229506,0.737042,86.993446,9.260044,0.602678,2.341305,51.324966,150.595169,8.556127
0.444126,0.077712,-0.892588,0.285357,0.932085,0.223136,0.849307,-0.353807,0.391788,62.003296,-0.884709,0.156631,-0.439041,270.561829,59.306427,109.716377,3.141593,1.0,-0.10675,-0.984905,-0.13626,-16.103191,159.418762,-16.802021,-0.63786,1.379773,1.554744,86.993446,9.253238,0.602816,2.350017,51.32095,150.638397,8.58001
0.444015,0.077676,-0.892646,0.284621,0.932411,0.222711,0.849613,-0.352953,0.391896,62.003296,-0.884706,0.156293,-0.439167,270.636322,59.57951,109.755707,3.141593,1.0,-0.10648,-0.984966,-0.136029,-16.109404,159.441864,-16.798668,-0.707061,2.628472,0.381667,86.993446,9.247204,0.603022,2.358802,51.316597,150.690964,8.591342
0.443906,0.077711,-0.892697,0.284267,0.932561,0.222537,0.849788,-0.35255,0.391878,62.003296,-0.884691,0.155895,-0.439338,270.686462,59.728867,109.766914,3.141593,1.0,-0.106129,-0.985033,-0.135819,-16.104799,159.458542,-16.792759,0.534037,1.934887,0.68543,86.993446,9.241805,0.603298,2.367422,51.32148,150.736374,8.607163
0.443856,0.077901,-0.892706,0.284215,0.93254,0.222689,0.849831,-0.352563,0.391773,62.003296,-0.884723,0.155532,-0.439402,270.68454,59.742622,109.706154,3.141593,1.0,-0.105729,-0.985079,-0.135799,-16.119238,159.451935,-16.829643,-1.649516,-0.754399,-4.213895,86.993446,9.23863,0.603589,2.376175,51.308414,150.753403,8.573494
0.443664,0.077951,-0.892797,0.284562,0.932404,0.222818,0.849816,-0.352913,0.391492,62.003296,-0.88468,0.155053,-0.43966,270.680847,59.609325,109.669861,3.141593,1.0,-0.10532,-0.985162,-0.135509,-16.116539,159.383636,-16.806103,0.3146,-7.957451,2.742749,86.993446,9.244598,0.603785,2.384758,51.308723,150.71048,8.609886
0.443653,0.078062,-0.892792,0.285062,0.932169,0.22316,0.849654,-0.353507,0.391307,62.003296,-0.884597,0.154802,-0.439914,270.625946,59.458221,109.638161,3.141593,1.0,-0.105059,-0.985201,-0.135428,-16.12422,159.376648,-16.804932,-0.875224,-0.796308,0.133392,86.993446,9.257954,0.603905,2.393535,51.295647,150.712769,8.625816
0.443738,0.078672,-0.892697,0.285195,0.931952,0.223895,0.849565,-0.353944,0.391106,62.003296,-0.884462,0.155024,-0.440108,270.567657,59.346035,109.571899,3.141593,1.0,-0.104983,-0.985127,-0.136024,-16.152161,159.39212,-16.833103,-3.224475,1.785935,-3.251097,86.993446,9.287726,0.603855,2.4022,51.260403,150.713379,8.611527
0.443733,0.079211,-0.892651,0.285199,0.931816,0.224457,0.849566,-0.354182,0.390887,62.003296,-0.884269,0.155171,-0.440443,270.550293,59.240604,109.519302,3.141593,1.0,-0.104891,-0.985077,-0.136462,-16.160658,159.357452,-16.851206,-0.982349,-4.007329,-2.092817,86.993446,9.322687,0.603519,2.41085,51.242657,150.66954,8.615521
0.443711,0.07984,-0.892606,0.285377,0.931585,0.225186,0.849518,-0.354647,0.39057,62.003296,-0.884218,0.15497,-0.440617,270.490479,59.109798,109.459961,3.141593,1.0,-0.104443,-0.985068,-0.136865,-16.204666,159.335266,-16.839487,-5.119136,-2.581533,1.363185,86.993446,9.354574,0.603471,2.419447,51.195309,150.65863,8.637829
0.443813,0.080438,-0.892502,0.285829,0.931235,0.226062,0.849313,-0.355432,0.390303,62.003296,-0.884232,0.154918,-0.440607,270.405426,58.880508,109.363663,3.141593,1.0,-0.104118,-0.98503,-0.137388,-16.235374,159.309479,-16.866493,-3.55412,-2.983922,-3.125709,86.993446,9.384237,0.603551,2.428087,51.163177,150.631943,8.610606
0.443877,0.080938,-0.892425,0.286308,0.9309,0.226832,0.849117,-0.356194,0.390032,62.003296,-0.884267,0.154862,-0.440556,270.310669,58.660465,109.294006,3.141593,1.0,-0.103838,-0.984999,-0.137823,-16.279549,159.287369,-16.862789,-5.076383,-2.542039,0.425499,86.993446,9.426976,0.603825,2.436789,51.118816,150.608749,8.610802
0.443994,0.081321,-0.892332,0.286527,0.930698,0.227384,0.848983,-0.356634,0.389924,62.003296,-0.884292,0.15493,-0.440481,270.219666,58.487068,109.266663,3.141593,1.0,-0.103708,-0.984954,-0.138237,-16.335613,159.233337,-16.858526,-6.479268,-6.244279,0.492668,86.993446,9.472226,0.604357,2.445442,51.062622,150.548813,8.61139
0.444171,0.081615,-0.892217,0.286622,0.930564,0.227811,0.848858,-0.356916,0.389937,62.003296,-0.884357,0.15459,-0.44047,270.128235,58.405136,109.282875,3.141593,1.0,-0.10324,-0.984979,-0.138413,-16.396145,159.203354,-16.846378,-6.950313,-3.442181,1.394842,86.993446,9.507807,0.605264,2.454151,51.003345,150.539642,8.624177
0.444443,0.081435,-0.892098,0.286767,0.93052,0.22781,0.848667,-0.357073,0.39021,62.003296,-0.884531,0.154066,-0.440306,270.021484,58.364281,109.326561,3.141593,1.0,-0.102791,-0.985058,-0.138181,-16.459244,159.171768,-16.864273,-7.36293,-3.68536,-2.087928,86.993446,9.544415,0.605898,2.462721,50.946026,150.539307,8.597373
0.444871,0.081229,-0.891903,0.28683,0.9305,0.227812,0.848421,-0.357171,0.390654,62.003296,-0.884638,0.153796,-0.440185,269.901337,58.349621,109.450325,3.141593,1.0,-0.102556,-0.985097,-0.138077,-16.518288,159.166489,-16.851192,-6.800688,-0.608604,1.506514,86.993446,9.589269,0.606373,2.471403,50.889236,150.55011,8.606722
0.445743,0.081389,-0.891453,0.286488,0.930509,0.228204,0.848079,-0.357111,0.391451,62.003296,-0.884746,0.154035,-0.439885,269.77536,58.354671,109.61602,3.141593,1.0,-0.102528,-0.985012,-0.138707,-16.557009,159.165771,-16.883144,-4.429723,-0.082115,-3.655317,86.993446,9.628524,0.606638,2.480144,50.851601,150.53949,8.566464
0.446599,0.081345,-0.891029,0.286286,0.930513,0.228442,0.847697,-0.35711,0.392278,62.003296,-0.884708,0.154757,-0.439707,269.645203,58.315945,109.806793,3.141593,1.0,-0.103033,-0.984872,-0.139323,-16.583197,159.169662,-16.905598,-3.045067,0.453578,-2.610948,86.993446,9.671563,0.606474,2.488744,50.820076,150.500717,8.543769
0.447245,0.080658,-0.890767,0.286349,0.930593,0.228037,0.847335,-0.357059,0.393107,62.003296,-0.884624,0.155315,-0.439679,269.518219,58.275394,110.029335,3.141593,1.0,-0.103719,-0.984817,-0.139202,-16.609867,159.152863,-16.902851,-3.049158,-1.92069,0.314076,86.993446,9.701867,0.606147,2.497491,50.786621,150.446793,8.552351
0.447826,0.079947,-0.890539,0.28636,0.930707,0.227556,0.847024,-0.356921,0.393901,62.003296,-0.884653,0.155324,-0.439617,269.394043,58.287052,110.247757,3.141593,1.0,-0.10393,-0.984849,-0.138821,-16.652277,159.13089,-16.891464,-4.895532,-2.537098,1.314522,86.993446,9.72056,0.606059,2.506154,50.742664,150.422836,8.565734
0.448373,0.079302,-0.890322,0.286222,0.930871,0.227058,0.846781,-0.356636,0.39468,62.003296,-0.884546,0.155912,-0.439624,269.270966,58.339378,110.457489,3.141593,1.0,-0.104644,-0.984789,-0.138706,-16.705917,159.146469,-16.89015,-6.209788,1.80421,0.152107,86.993446,9.746299,0.605919,2.514792,50.682205,150.401779,8.574538
0.448705,0.077902,-0.890278,0.286739,0.930974,0.225981,0.84643,-0.356677,0.395396,62.003296,-0.884403,0.156045,-0.439864,269.140198,58.334179,110.680565,3.141593,1.0,-0.105329,-0.98487,-0.137614,-16.737097,159.169525,-16.869287,-3.590544,2.654765,2.402317,86.993446,9.765471,0.605752,2.523476,50.642067,150.406967,8.6128
