0.701974,-0.427588,-0.569562,-0.154741,0.689047,-0.708004,-0.695189,-0.585135,-0.417528,64.731476,0.242281,0.381897,0.891883,-183.645844,-38.511864,-206.949738,1.465136,0.0,0.061734,-0.923477,0.378655,20.531166,147.258545,-27.717482,0.877679,-10.104063,11.099832,90.868477,50.953342,0.080151,1.205426,3.804462,119.263588,-94.367783
0.689784,-0.452881,-0.564887,-0.160354,0.665277,-0.729173,-0.706035,-0.593554,-0.386276,64.731476,0.23996,0.387966,0.889888,-186.019745,-41.701424,-197.471863,1.438943,0.0,0.063497,-0.920981,0.384399,21.123249,146.903412,-27.056421,2.428597,-1.183557,4.469828,90.868477,51.365673,0.082249,1.300726,4.35502,118.34404,-93.316666
0.69027,-0.460874,-0.557784,-0.165178,0.650168,-0.741618,-0.704445,-0.604051,-0.372665,64.731476,0.235783,0.394016,0.888346,-185.182205,-45.240181,-193.243851,1.42964,0.0,0.068055,-0.918569,0.389358,21.280464,146.716965,-26.717514,-0.831103,0.345893,1.205973,90.868477,50.693554,0.085769,1.396173,4.764009,117.635719,-92.758614
0.688624,-0.45716,-0.562852,-0.167309,0.655102,-0.736783,-0.705553,-0.601536,-0.374631,64.731476,0.235197,0.39476,0.888171,-185.586624,-44.569263,-193.673462,1.414214,0.0,0.072157,-0.918375,0.389077,21.164951,146.697205,-26.602734,-4.191076,-0.610147,-0.62512,90.868477,51.457737,0.07328,1.495708,4.658285,117.628662,-92.658051
0.681187,-0.452274,-0.575702,-0.165071,0.671228,-0.722637,-0.713258,-0.587282,-0.382574,64.731476,0.234132,0.394677,0.888489,-188.171844,-40.636265,-195.869217,1.350405,0.0,0.074464,-0.918486,0.38838,20.67786,146.587296,-26.558178,-1.46883,4.289036,-1.019524,90.868477,51.461452,0.039331,1.587336,4.150486,117.718193,-92.712097
0.678739,-0.449092,-0.58106,-0.164715,0.677971,-0.716397,-0.715669,-0.581956,-0.386193,64.731476,0.233067,0.392817,0.889592,-188.929199,-39.044205,-197.076523,1.340638,0.0,0.07596,-0.919344,0.386053,20.533594,146.537064,-26.689352,-0.172681,3.10867,-1.542939,90.868477,52.136574,0.047477,1.682376,4.043481,117.873985,-92.943771
0.678324,-0.451941,-0.579333,-0.165836,0.67395,-0.719924,-0.715804,-0.584415,-0.382208,64.731476,0.236592,0.39269,0.888717,-189.226013,-40.114742,-195.946213,1.338717,0.0,0.074491,-0.919325,0.386384,20.506189,146.172775,-26.713364,1.340045,-8.564918,2.692235,90.868477,52.596878,0.050777,1.77767,3.78299,117.466652,-92.88781
0.676063,-0.456672,-0.578264,-0.169367,0.667462,-0.725127,-0.717114,-0.588171,-0.373901,64.731476,0.244283,0.392479,0.886728,-189.049377,-41.201649,-193.46077,1.370449,0.0,0.073016,-0.91928,0.386772,21.565334,146.165741,-26.639271,16.266617,2.730245,-1.658207,90.868477,51.481895,0.0533,1.873325,4.312926,117.392296,-92.642197
0.671121,-0.455389,-0.584993,-0.166882,0.676041,-0.717717,-0.72232,-0.579301,-0.377709,64.731476,0.268365,0.39747,0.877496,-190.995071,-39.460392,-194.173599,1.391483,0.0,0.063419,-0.916224,0.395616,22.604225,145.853012,-26.786293,10.680755,-5.687536,-1.089308,90.868477,50.895611,0.061536,1.969285,3.770873,116.741898,-92.328232
0.652598,-0.446143,-0.612432,-0.171688,0.700182,-0.693014,-0.737997,-0.557407,-0.38034,64.731476,0.285125,0.406263,0.868133,-195.749496,-34.055191,-194.497223,1.330767,0.0,0.072318,-0.912266,0.403164,23.395638,145.671585,-26.857319,7.498667,-0.094414,-0.783013,90.868477,52.272171,0.031824,2.06508,3.243474,116.24366,-91.942543
0.64039,-0.450259,-0.622228,-0.169899,0.707025,-0.686477,-0.749023,-0.545329,-0.376273,64.731476,0.286851,0.406709,0.867355,-198.789413,-30.901295,-193.408936,1.32649,0.0,0.072365,-0.912017,0.403719,23.586061,145.479553,-26.932634,2.125918,3.259784,-0.415982,90.868477,53.168022,0.028199,2.159697,3.176692,116.140778,-91.95092
0.64308,-0.456299,-0.615012,-0.175909,0.693605,-0.698547,-0.745321,-0.557408,-0.365777,64.731476,0.288046,0.406994,0.866825,-198.112549,-34.997517,-190.428207,1.343113,0.0,0.073544,-0.911918,0.403728,23.323883,144.808167,-26.907677,-8.550711,-11.401901,3.396485,90.868477,53.391033,0.037516,2.25461,2.855459,115.301552,-91.800339
0.66286,-0.449825,-0.59856,-0.171231,0.687162,-0.706037,-0.728901,-0.570495,-0.378468,64.731476,0.271416,0.390536,0.879667,-192.908218,-38.318829,-194.583008,1.40741,0.0,0.068586,-0.919501,0.387059,22.779114,144.013184,-26.82902,0.12342,-3.273219,1.213992,90.868477,53.788177,0.05877,2.367389,3.632281,115.509186,-92.533127
0.664743,-0.451254,-0.595387,-0.169149,0.685353,-0.708293,-0.727671,-0.571542,-0.379255,64.731476,0.271976,0.386956,0.881076,-192.490906,-38.806145,-194.795975,1.434308,0.0,0.064563,-0.920864,0.3845,22.870026,143.603638,-26.74514,2.701927,-3.334115,3.544173,90.868477,53.630692,0.05246,2.462794,3.717873,115.304146,-92.533867
0.665843,-0.449634,-0.595384,-0.170445,0.68523,-0.708102,-0.726362,-0.572964,-0.379618,64.731476,0.272373,0.388281,0.88037,-192.061325,-39.126057,-194.822586,1.442457,0.0,0.0661,-0.920352,0.385465,22.961601,143.761688,-26.710194,1.442031,4.4429,-1.908812,90.868477,53.499943,0.051688,2.558416,3.794535,115.367722,-92.462616
0.665075,-0.449031,-0.596696,-0.170964,0.686255,-0.706983,-0.726943,-0.57221,-0.379643,64.731476,0.269764,0.388557,0.881051,-192.277405,-38.875809,-194.916046,1.448936,0.0,0.068185,-0.920384,0.385026,22.747883,143.799927,-26.759199,-5.437128,0.634997,-1.223261,90.868477,53.797321,0.054867,2.653574,3.735149,115.414612,-92.549301
0.668107,-0.452042,-0.591008,-0.171409,0.679427,-0.71344,-0.724052,-0.577959,-0.376446,64.731476,0.266401,0.383441,0.88431,-191.950104,-40.431805,-194.079422,1.423117,0.0,0.066613,-0.922595,0.379974,22.045425,143.522247,-26.633257,-8.846174,-6.24398,4.684309,90.868477,53.075546,0.06271,2.748929,3.282836,115.408768,-92.574638
-0.765209,-0.6249,-0.154774,-0.186924,0.445722,-0.875438,0.616047,-0.640962,-0.45788,60.250107,-0.02759,0.441134,0.897017,144.621277,1.891147,-208.101791,0.401556,0.0,0.249994,-0.865798,0.43347,-20.914921,207.796249,-20.522762,-27.298307,-10.8676,-12.225035,90.256531,66.515549,0.0,3.804334,-20.370581,173.555878,-85.47084
-0.781267,-0.607636,-0.142832,-0.166235,0.423107,-0.8907,0.601655,-0.67213,-0.43157,60.250107,-0.033849,0.434778,0.899901,137.698105,-6.463289,-202.013092,0.428025,0.0,0.236378,-0.871388,0.429893,-24.279091,207.680634,-21.470482,-46.983654,-15.918809,-15.930808,90.256531,58.947487,0.0,3.89985,-23.43915,173.549072,-86.428604
-0.756731,-0.63208,-0.166835,-0.180295,0.447101,-0.876125,0.628373,-0.632911,-0.452296,60.250107,-0.032526,0.423855,0.905146,143.259155,2.553889,-208.555084,0.375286,0.0,0.24912,-0.873604,0.418037,-26.073637,205.116516,-21.945896,-15.029677,-14.088143,1.75115,90.256531,67.349319,0.0,3.995129,-25.033897,172.062286,-87.419647
-0.769659,-0.617618,-0.161783,-0.182297,0.455435,-0.871405,0.611877,-0.641192,-0.46312,60.250107,-0.030143,0.419888,0.907075,137.958862,-0.112158,-211.397888,0.374196,0.0,0.248784,-0.875777,0.413667,-26.587809,204.454498,-21.708696,2.467008,-6.583477,2.049092,90.256531,67.636818,0.0,4.091617,-25.916138,171.61409,-87.363518
-0.766006,-0.621261,-0.165136,-0.181489,0.455443,-0.87157,0.616682,-0.637657,-0.461624,60.456429,-0.030741,0.427639,0.903427,140.729279,-0.531073,-210.233612,0.407323,0.0,0.246478,-0.872698,0.421481,-25.140432,203.46756,-21.245644,20.511848,-19.454901,8.054225,90.222733,68.298004,0.0,4.185982,-24.370817,170.184601,-86.646164
-0.761049,-0.634703,-0.134003,-0.194562,0.4204,-0.886233,0.61883,-0.648395,-0.443434,60.456429,-0.035005,0.439762,0.897432,143.202896,-5.250228,-204.253021,0.429251,0.0,0.270545,-0.860282,0.432111,-23.499777,202.773422,-20.750458,20.832779,2.388133,3.304522,90.222733,65.650856,0.0,4.281261,-22.472155,168.340286,-85.535507
-0.766278,-0.630363,-0.12434,-0.185939,0.402807,-0.896199,0.615016,-0.663619,-0.425871,60.456429,-0.029951,0.42327,0.905508,142.715652,-10.860211,-199.254791,0.430313,0.0,0.265458,-0.870014,0.41546,-22.646124,200.33493,-20.093201,2.689472,-20.736147,9.227242,90.222733,67.189308,0.0,4.377195,-21.938328,166.805908,-85.239197
-0.758403,-0.64062,-0.120129,-0.194553,0.398405,-0.896338,0.622072,-0.656414,-0.426786,60.456429,-0.031753,0.424481,0.90488,144.636002,-9.99167,-199.137283,0.410221,0.0,0.278211,-0.865804,0.415912,-22.788786,199.38063,-19.789883,-4.107884,-11.243819,3.407208,90.222733,58.252426,0.0,4.472685,-21.907265,165.745621,-84.876701
-0.760006,-0.637481,-0.126526,-0.200523,0.415186,-0.887362,0.618208,-0.649028,-0.443374,60.456429,-0.030918,0.424681,0.904815,142.898865,-8.043335,-203.581207,0.389706,0.0,0.280126,-0.865287,0.415701,-23.362337,199.24913,-19.669336,-1.398529,2.34202,-0.471165,90.222733,66.294106,0.0,4.584819,-22.609903,165.716675,-84.87973
-0.760748,-0.636921,-0.124879,-0.202821,0.416053,-0.886433,0.616544,-0.649024,-0.445692,60.456429,-0.029959,0.425963,0.904244,142.273758,-7.918143,-204.238022,0.393495,0.0,0.281614,-0.864406,0.416527,-23.452148,199.45903,-19.735456,-1.211741,0.159343,-1.367056,90.222733,66.188217,0.0,4.680196,-22.789368,165.840622,-84.915787
-0.759147,-0.638227,-0.127915,-0.20289,0.418734,-0.885154,0.618491,-0.646009,-0.447371,60.456429,-0.02928,0.426277,0.904119,142.748398,-6.891795,-204.855835,0.391881,0.0,0.280405,-0.864685,0.416765,-23.479479,199.651886,-19.892834,0.996376,3.364028,-3.309529,90.222733,66.224617,0.0,4.775561,-22.836029,166.059952,-85.08429
-0.756655,-0.641358,-0.127019,-0.206684,0.418948,-0.884174,0.620286,-0.642762,-0.449557,60.456429,-0.028379,0.426514,0.904036,143.117996,-5.711257,-205.646408,0.39852,0.0,0.284176,-0.86364,0.416377,-23.544285,199.967133,-20.09934,-1.219623,4.219041,-2.091214,90.222733,66.199867,0.0,4.870945,-22.947062,166.371078,-85.289413
-0.756086,-0.640546,-0.134292,-0.203619,0.425236,-0.881881,0.621991,-0.639433,-0.451943,60.456429,-0.029067,0.426748,0.903903,143.297501,-4.137685,-206.542267,0.401416,0.0,0.279263,-0.86481,0.417272,-23.893299,200.584747,-20.319668,-1.868175,4.677099,-2.560413,90.222733,59.764256,0.0,4.966348,-23.224068,167.053391,-85.54673
-0.754146,-0.643443,-0.131322,-0.206576,0.422254,-0.882625,0.62337,-0.6385,-0.451361,60.456429,-0.02954,0.427111,0.903716,143.828629,-3.996338,-206.095703,0.411759,0.0,0.283809,-0.863318,0.417295,-23.769896,200.529388,-20.058304,5.996065,-7.9579,5.634863,90.222733,59.067017,0.0,5.061736,-23.062128,166.945038,-85.255882
-0.753473,-0.646472,-0.119798,-0.207215,0.406417,-0.88988,0.623971,-0.645677,-0.440183,60.456429,-0.029621,0.42024,0.906929,144.82428,-6.747352,-203.143539,0.422206,0.0,0.290899,-0.86443,0.410048,-22.955524,199.421341,-20.011042,3.589563,-5.959648,-0.938313,90.222733,65.289337,0.0,5.157135,-22.227293,166.115433,-85.296303
-0.756301,-0.642806,-0.121695,-0.201384,0.405724,-0.891534,0.622458,-0.64976,-0.4363,60.456429,-0.027283,0.419626,0.907287,144.136581,-8.789911,-202.150482,0.414709,0.0,0.282486,-0.867394,0.40967,-23.092409,198.415634,-20.051188,-10.594068,-12.648167,0.175978,90.222733,65.596336,0.0,5.252599,-22.509855,165.165985,-85.342735
-0.756407,-0.641706,-0.126736,-0.209391,0.421113,-0.882507,0.61968,-0.640997,-0.4529,60.456429,-0.024857,0.422561,0.905993,142.557159,-5.450469,-206.766846,0.415459,0.0,0.285372,-0.865565,0.411535,-23.706623,199.475311,-20.189821,2.463587,34.321594,-6.039701,90.222733,58.42598,0.0,5.347903,-23.34568,166.159439,-85.514969
-0.760681,-0.637031,-0.124728,-0.205171,0.418246,-0.884859,0.615849,-0.647504,-0.448852,60.456429,-0.025651,0.427845,0.903488,142.00856,-5.225401,-206.076859,0.413983,0.0,0.280279,-0.864458,0.41732,-23.243387,201.824051,-20.767344,11.809389,55.241886,-13.71105,90.222733,58.607544,0.0,5.443297,-22.868542,168.126587,-85.908783
-0.767415,-0.628721,-0.125635,-0.189632,0.409763,-0.892263,0.612465,-0.660912,-0.433684,60.456429,-0.021962,0.414804,0.909646,142.321075,-7.311196,-203.210724,0.486045,0.0,0.264306,-0.875084,0.405425,-21.814308,202.538071,-21.657206,19.380493,-14.169796,-9.11248,90.222733,60.195801,0.0,5.539617,-21.650064,169.630249,-87.10334
-0.752417,-0.64549,-0.131194,-0.218684,0.432675,-0.874625,0.621326,-0.629392,-0.466711,60.456429,-0.013297,0.412291,0.910955,146.512131,2.366769,-213.805771,0.459632,0.0,0.287839,-0.870894,0.398361,-19.459379,203.362015,-23.147005,17.746805,32.615425,-18.104618,90.222733,61.315716,0.0,5.6514,-19.831383,170.869705,-88.856453
-0.702792,-0.645392,-0.299251,-0.271685,0.632267,-0.725552,0.657473,-0.428611,-0.619696,59.493877,0.143422,0.05419,0.988177,183.651169,73.261749,-288.705505,0.340188,0.0,0.242954,-0.969872,0.017924,17.805826,194.096924,-52.024254,-1.209257,-15.223501,9.199202,89.965294,80.594116,0.0,6.475258,8.132719,187.683395,-123.27198
-0.711574,-0.63999,-0.289959,-0.273694,0.63257,-0.724532,0.647112,-0.436198,-0.625281,59.493877,0.14258,0.057657,0.988102,180.683365,70.114273,-289.47583,0.386525,0.0,0.246211,-0.968989,0.021014,17.7019,193.300888,-51.287548,-0.90727,-3.283842,7.258753,89.965294,80.105278,0.0,6.57526,7.930653,186.561386,-122.551125
-0.711038,-0.650211,-0.267679,-0.282617,0.612848,-0.737933,0.643858,-0.449047,-0.619519,59.493877,0.146604,0.063312,0.987167,179.708405,65.809792,-287.417511,0.377515,0.0,0.257133,-0.966083,0.023773,17.909348,193.051468,-50.896587,3.628898,3.198366,0.485819,89.965294,79.645157,0.0,6.666036,7.824548,185.687103,-122.031143
-0.713925,-0.655399,-0.246502,-0.302168,0.60593,-0.735896,0.631669,-0.45089,-0.630629,59.493877,0.155788,0.066508,0.985549,176.468231,65.306732,-290.6138,0.327172,0.0,0.276142,-0.960883,0.021193,18.717163,193.41861,-51.232849,6.175205,7.953913,-8.508876,89.965294,79.330231,0.0,6.778772,7.838407,185.675934,-122.261414
-0.72743,-0.645532,-0.232665,-0.30466,0.607661,-0.733437,0.614839,-0.462641,-0.638699,59.493877,0.1619,0.071639,0.984203,171.751755,62.24329,-292.989197,0.289349,0.0,0.272401,-0.961854,0.025203,19.098272,193.91127,-51.538765,5.153278,2.655768,-2.807099,89.965294,79.523849,0.0,6.874161,7.614697,185.749512,-122.482544
-0.735041,-0.639795,-0.224447,-0.308015,0.609993,-0.730093,0.604021,-0.467515,-0.645436,59.493877,0.166392,0.070559,0.983532,169.08342,60.824154,-294.807068,0.25631,0.0,0.272284,-0.961943,0.022946,19.745262,193.770432,-51.592529,11.111959,-3.559403,1.574054,89.965294,80.336967,0.0,6.969554,7.834375,185.631668,-122.501785
-0.753473,-0.613223,-0.237141,-0.304174,0.644882,-0.701145,0.582887,-0.456162,-0.672428,59.493877,0.162782,0.066609,0.984411,164.346283,63.621319,-301.724823,0.207918,0.0,0.265933,-0.963758,0.021236,20.708046,193.031067,-51.083107,10.725284,-10.666132,9.796796,89.965294,81.605965,0.0,7.06493,8.739259,185.39801,-122.21389
-0.752997,-0.611437,-0.243186,-0.294345,0.643516,-0.706575,0.58852,-0.460469,-0.664539,59.493877,0.165996,0.068315,0.983757,166.38324,63.536957,-299.340118,0.281512,0.0,0.249456,-0.96806,0.025133,21.326958,194.131989,-50.88694,1.297159,16.819763,-0.365191,89.965294,81.123611,0.0,7.160426,9.272225,186.463486,-121.935265
-0.745548,-0.623064,-0.236538,-0.291801,0.624273,-0.724662,0.599175,-0.471248,-0.647236,59.493877,0.166729,0.06988,0.983523,169.203568,60.853992,-294.548218,0.32106,0.0,0.247208,-0.968589,0.026912,21.187511,194.573227,-50.825851,-4.575404,0.420647,0.567979,89.965294,80.825142,0.0,7.256639,9.248199,186.658035,-121.762505
-0.74355,-0.623447,-0.241758,-0.297322,0.632088,-0.715587,0.598943,-0.460195,-0.655354,59.493877,0.167732,0.06441,0.983726,168.54007,63.254013,-296.188599,0.301943,0.0,0.253491,-0.967129,0.020101,20.674492,193.584229,-50.242275,-6.130779,-13.033779,9.112128,89.965294,80.986221,0.0,7.351168,8.646655,186.107254,-121.235847
-0.734364,-0.630622,-0.25105,-0.31586,0.644882,-0.695959,0.600785,-0.431791,-0.672766,59.493877,0.170677,0.058164,0.983609,168.429657,70.123848,-300.59317,0.226578,0.0,0.275128,-0.961364,0.009108,20.303144,192.299835,-49.92083,-5.928596,9.689607,0.464001,89.965294,81.182663,0.0,7.446485,8.044589,185.394409,-120.99192
-0.735434,-0.633239,-0.241133,-0.315018,0.634593,-0.70573,0.599917,-0.443057,-0.666183,59.493877,0.171246,0.062781,0.983226,167.892136,67.080833,-298.531616,0.239145,0.0,0.274388,-0.961523,0.013606,20.035566,192.696732,-49.688637,-3.641377,5.231659,3.795585,89.965294,80.371231,0.0,7.542051,7.738614,185.358963,-120.687805
-0.734011,-0.637387,-0.234447,-0.315289,0.625572,-0.713619,0.601515,-0.449886,-0.660138,59.493877,0.169078,0.066372,0.983365,168.412018,65.094719,-296.791229,0.25453,0.0,0.27782,-0.960482,0.01706,19.973503,192.882156,-49.585495,-0.939526,1.814449,0.609224,89.965294,80.060646,0.0,7.639262,7.832032,185.195969,-120.561165
-0.732312,-0.642396,-0.225936,-0.319746,0.617312,-0.718811,0.601234,-0.454152,-0.657468,59.493877,0.170617,0.069536,0.982881,168.428131,63.876057,-296.266083,0.258982,0.0,0.2834,-0.958821,0.018638,20.1745,193.109894,-49.835667,2.480732,-29.208075,1.533309,89.965294,80.559334,0.0,7.732731,7.92316,185.116089,-120.748871
-0.73701,-0.637545,-0.224395,-0.318271,0.620259,-0.716925,0.596255,-0.456962,-0.660049,59.493877,0.174686,0.070446,0.982101,166.579544,63.218468,-297.301819,0.250974,0.0,0.276745,-0.960742,0.019689,19.963608,193.232803,-50.234753,-6.885652,-2.609004,-2.101775,89.965294,80.554634,0.0,7.828074,7.403627,185.208847,-121.09552
-0.732147,-0.646012,-0.215938,-0.321513,0.607244,-0.726557,0.600491,-0.46252,-0.652293,59.493877,0.164003,0.075825,0.983541,166.82695,61.335659,-295.177124,0.270396,0.0,0.2934,-0.955669,0.024753,18.381113,193.391876,-50.10696,-17.670267,7.151346,0.400392,89.965294,77.820076,0.0,7.940881,6.520206,184.809555,-121.041481
-0.720371,-0.656662,-0.223294,-0.314373,0.596101,-0.738805,0.618251,-0.462016,-0.635851,59.493877,0.154522,0.074423,0.985182,171.297211,61.280064,-290.70578,0.369747,0.0,0.295426,-0.955017,0.025807,17.26964,193.152573,-49.959785,-8.915529,-2.849049,0.563902,89.965294,78.292244,0.0,8.036198,6.249298,184.619614,-120.959427
-0.718193,-0.655201,-0.234331,-0.312481,0.604571,-0.7327,0.621735,-0.452996,-0.638937,59.493877,0.157923,0.067888,0.985115,171.826965,63.963661,-291.56308,0.385374,0.0,0.288555,-0.95726,0.01971,17.026424,192.843826,-49.974987,0.011944,-1.537788,-1.26794,89.965294,78.651482,0.0,8.131599,5.848927,184.895065,-120.992958
-0.718415,-0.654739,-0.23494,-0.317288,0.608996,-0.726947,0.619038,-0.447706,-0.645253,59.493877,0.158426,0.066497,0.985129,170.884613,64.9403,-293.102112,0.368182,0.0,0.294108,-0.955617,0.017207,16.889235,192.293808,-49.796497,-4.511078,-2.136881,4.477263,89.965294,78.290871,0.0,8.23007,5.626554,184.459488,-120.845863
-0.716032,-0.656718,-0.236683,-0.322392,0.611832,-0.722306,0.619162,-0.440889,-0.649812,59.493877,0.158903,0.062107,0.985339,170.705078,66.333755,-293.992462,0.362315,0.0,0.300805,-0.953615,0.011598,16.722008,191.559723,-49.431492,-5.019779,-5.453219,1.835745,89.965294,78.346321,0.0,8.322758,5.414131,184.033264,-120.519073
-0.730325,-0.638369,-0.243125,-0.304477,0.622815,-0.720691,0.611489,-0.452313,-0.649226,59.493877,0.162467,0.064727,0.984589,167.547531,63.288704,-293.442596,0.373766,0.0,0.269972,-0.962686,0.018739,15.872293,191.595398,-49.090427,-10.402444,6.005319,3.762963,89.965294,78.733917,0.0,8.417765,4.304952,184.037827,-120.125557
-0.739375,-0.627774,-0.243361,-0.304031,0.633797,-0.711243,0.600741,-0.451886,-0.659477,59.493877,0.16681,0.067152,0.9837,163.673325,63.182331,-295.856934,0.362706,0.0,0.263251,-0.964495,0.0212,15.27697,191.446243,-48.788822,-0.588657,-23.999819,5.685166,89.965294,80.229111,0.0,8.513259,3.299882,183.817474,-119.80352
-0.740958,-0.623957,-0.248311,-0.300358,0.638627,-0.708478,0.600638,-0.45037,-0.660606,59.493877,0.1653,0.068142,0.983886,163.502396,64.963806,-296.504761,0.298996,0.0,0.258959,-0.965605,0.023368,15.032675,192.82608,-49.105896,-3.031317,10.158462,-1.152651,89.965294,80.496643,0.0,8.608533,3.156404,185.194351,-120.149834
-0.834339,-0.529421,-0.153598,-0.210328,0.563288,-0.799042,0.509549,-0.634366,-0.581325,57.755619,0.003038,0.189258,0.981923,128.836823,87.219826,-224.385742,0.391053,0.0,0.283557,-0.941787,0.180645,-3.282219,272.640167,-0.285489,11.429783,23.702581,-3.982636,89.1381,73.919426,0.0,9.827898,-5.973708,255.053024,-70.585533
-0.839098,-0.523879,-0.146507,-0.199241,0.546586,-0.813355,0.506179,-0.653295,-0.563018,57.6106,0.006461,0.194624,0.980857,129.298492,84.47242,-220.079086,0.378958,0.0,0.270046,-0.944773,0.185685,-1.533093,275.111053,-1.339665,14.091339,27.62863,-17.575716,89.021378,73.814888,0.0,9.917995,-4.428882,257.066437,-71.335342
-0.833592,-0.535211,-0.136649,-0.208715,0.534224,-0.819172,0.511431,-0.654334,-0.557032,57.451839,0.011252,0.189412,0.981833,130.940979,86.155357,-219.936951,0.349168,0.0,0.28328,-0.942273,0.178534,-0.858001,276.643127,-3.069022,2.78297,20.262199,-26.076427,88.911324,74.171997,0.0,10.013393,-4.005817,258.808685,-72.958008
-0.841828,-0.522952,-0.133596,-0.200503,0.532792,-0.822151,0.501124,-0.665323,-0.553372,57.347115,0.008574,0.190913,0.981569,129.222275,85.006645,-221.198883,0.364609,0.0,0.274939,-0.944223,0.181248,0.224243,278.32431,-5.571671,21.635216,14.704285,-11.862294,88.798569,73.322464,0.0,10.12613,-2.851387,260.355804,-75.354904
-0.833884,-0.531342,-0.149378,-0.202379,0.54614,-0.81288,0.513498,-0.647616,-0.56295,57.297955,0.006738,0.181939,0.983287,133.218231,89.788185,-224.555786,0.405613,0.0,0.277264,-0.945095,0.172973,0.865073,277.44696,-6.462438,2.387644,-11.440597,-1.833779,88.702148,72.866821,0.0,10.221533,-1.95467,260.266327,-76.365227
-0.824632,-0.545822,-0.148528,-0.208326,0.537158,-0.817351,0.525911,-0.643071,-0.556666,57.212078,0.007937,0.179117,0.983796,135.724182,88.505875,-222.159241,0.41853,0.0,0.287649,-0.942652,0.169306,0.196493,274.634308,-5.988997,-6.798131,-26.494659,14.10741,88.601509,72.485153,0.0,10.3169,-2.558278,257.594299,-75.789986
-0.829338,-0.53679,-0.155093,-0.203546,0.548749,-0.810829,0.520353,-0.640883,-0.56436,57.087898,0.001654,0.176944,0.98422,133.619019,88.188705,-223.124939,0.416092,0.0,0.283895,-0.943809,0.169202,-0.61241,273.300995,-5.079143,1.363707,0.242737,7.65932,88.502289,72.663437,0.0,10.412312,-3.034957,256.496185,-74.913811
-0.82725,-0.540763,-0.152424,-0.202014,0.539444,-0.817429,0.52426,-0.645426,-0.555497,56.987301,0.000436,0.185371,0.982668,133.846191,84.913902,-219.709976,0.390757,0.0,0.283758,-0.9423,0.17763,-1.40476,271.636536,-4.366727,-5.882184,-16.164621,8.204185,88.396904,72.868759,0.0,10.507721,-3.696958,254.245834,-73.971596
-0.826515,-0.54321,-0.147636,-0.210349,0.541309,-0.814087,0.522137,-0.6418,-0.561663,56.907269,0.00126,0.19177,0.981439,132.654068,84.114296,-220.509689,0.396384,0.0,0.291505,-0.938886,0.183081,-1.790526,270.099731,-3.83692,-0.157455,-9.943402,0.811244,88.312737,72.929771,0.0,10.603083,-4.187598,252.317276,-73.308952
-0.826881,-0.542045,-0.149852,-0.211436,0.546553,-0.810293,0.521117,-0.638331,-0.566542,56.85709,0.003238,0.188453,0.982077,132.107483,85.328842,-221.876587,0.390947,0.0,0.290341,-0.939954,0.179413,-1.795301,269.947479,-4.077837,-1.152897,-3.967778,-5.444053,88.222946,72.884933,0.0,10.698449,-4.327929,252.452393,-73.548271
-0.821906,-0.548258,-0.154543,-0.204729,0.537502,-0.818033,0.53156,-0.640707,-0.55402,56.858864,0.004752,0.182303,0.983231,133.900391,85.124695,-219.548264,0.390349,0.0,0.284855,-0.942753,0.173421,-2.660472,269.806885,-5.245934,-14.98314,-10.605296,-10.921473,88.133179,72.623245,0.0,10.793812,-5.127855,252.700043,-74.645645
-0.816755,-0.551722,-0.168861,-0.197792,0.542654,-0.816336,0.542024,-0.633348,-0.552342,56.953411,0.002073,0.16984,0.98547,135.67514,88.02626,-219.521439,0.407641,0.0,0.27987,-0.946189,0.162481,-3.792688,269.694092,-5.709482,-3.696913,4.209239,-0.925007,88.040619,73.086411,0.0,10.890936,-5.941267,253.50322,-75.20919
-0.819664,-0.550091,-0.159847,-0.205836,0.543229,-0.813961,0.534587,-0.634272,-0.558494,56.923565,0.007101,0.169014,0.985588,133.355194,88.137909,-221.231079,0.394627,0.0,0.28589,-0.944817,0.159962,-3.582063,269.823242,-6.058657,10.590322,-0.234303,-5.657378,87.943977,73.068909,0.0,10.98675,-6.151228,253.658508,-75.485703
-0.811293,-0.563637,-0.155294,-0.214943,0.534578,-0.817328,0.543693,-0.629713,-0.55485,56.87804,0.010595,0.177187,0.98412,135.9328,89.233917,-220.584412,0.374003,0.0,0.295327,-0.940827,0.166213,-3.119722,270.112793,-6.713447,2.343393,12.714891,-9.20695,87.854599,73.057365,0.0,11.080015,-5.818681,253.412491,-75.924202
-0.813852,-0.56075,-0.152331,-0.212606,0.53134,-0.820047,0.540781,-0.63501,-0.55165,56.837166,0.008215,0.188507,0.982038,135.465073,87.900009,-220.317947,0.385364,0.0,0.292373,-0.939608,0.177917,-2.813104,270.73703,-7.631241,-0.122945,-5.080764,-9.52675,87.772896,73.071236,0.0,11.192776,-5.395678,253.305344,-76.625961
-0.811633,-0.564563,-0.150069,-0.214365,0.526811,-0.822507,0.543415,-0.635404,-0.5486,56.805214,0.007884,0.185262,0.982657,135.982346,87.234482,-219.259338,0.397261,0.0,0.297431,-0.938647,0.174579,-2.899429,269.853546,-7.552235,-4.572919,-25.864948,6.276457,87.689461,72.911079,0.0,11.288175,-5.42977,252.584732,-76.497986
-0.813552,-0.559765,-0.157472,-0.203249,0.527461,-0.824909,0.544815,-0.6391,-0.542888,56.742271,0.005595,0.174403,0.984658,135.761322,85.343941,-217.248856,0.419204,0.0,0.287664,-0.943333,0.165449,-3.540249,268.035248,-7.116841,-4.893151,-12.166433,0.956783,87.607407,72.976181,0.0,11.383525,-5.870315,251.486023,-76.118233
-0.814277,-0.557597,-0.161363,-0.198532,0.528738,-0.82524,0.54547,-0.639939,-0.54124,56.671268,6.1e-05,0.168926,0.985629,135.554565,84.627937,-216.513184,0.438006,0.0,0.28778,-0.943936,0.161762,-4.162454,267.059143,-6.898572,-7.328046,-7.35746,2.681448,87.520302,72.446304,0.0,11.478939,-6.129726,250.850204,-75.92749
-0.806646,-0.570905,-0.152934,-0.204208,0.512033,-0.834339,0.554636,-0.641786,-0.529613,56.58651,-0.002602,0.177356,0.984143,137.24025,82.77076,-212.664124,0.429779,0.0,0.301458,-0.938224,0.169877,-4.978385,266.197968,-6.452927,-5.426141,-20.93877,7.475833,87.4505,71.437042,0.0,11.574352,-6.686093,249.312378,-75.231201
-0.808271,-0.570158,-0.147031,-0.211702,0.51441,-0.831002,0.549437,-0.640548,-0.536486,56.536343,0.000943,0.183873,0.982949,135.279831,81.616043,-213.913162,0.406018,0.0,0.305196,-0.936106,0.174818,-5.17719,264.988068,-6.137933,-0.258529,-11.926814,3.446268,87.378288,71.532173,0.0,11.669689,-7.190044,247.71138,-74.801369
-0.816127,-0.55792,-0.150538,-0.198917,0.515814,-0.833287,0.542557,-0.650124,-0.53195,56.499035,0.000685,0.183087,0.983096,133.902893,78.536179,-212.510147,0.405107,0.0,0.288043,-0.941467,0.175134,-4.636155,264.167755,-6.073491,12.164557,-11.793011,-0.436883,87.309669,71.97097,0.0,11.765088,-6.671983,246.981262,-74.683617
-0.811772,-0.562059,-0.158482,-0.195506,0.517295,-0.833177,0.550276,-0.645365,-0.529811,56.459743,0.004203,0.171226,0.985223,137.347107,79.664345,-212.162308,0.414301,0.0,0.282932,-0.945178,0.163059,-2.980936,263.096802,-6.311471,19.756378,-8.596163,0.470153,87.241753,72.552605,0.0,11.860466,-5.117369,246.746902,-74.99614
-0.811682,-0.566845,-0.140921,-0.21659,0.516151,-0.828659,0.542458,-0.642086,-0.541724,56.424736,0.012897,0.177557,0.984026,136.192169,79.993149,-214.743637,0.410634,0.0,0.301589,-0.938969,0.165475,-1.311179,262.914886,-6.05072,9.834303,0.171368,-1.356856,87.173729,72.475174,0.0,11.958366,-4.138386,246.096893,-74.602974
-0.623695,-0.571454,-0.533335,-0.175626,0.767305,-0.616765,0.761683,-0.291006,-0.578926,57.596836,0.036946,0.047017,0.998211,196.824112,82.132278,-245.959259,0.683929,0.0,0.190029,-0.980997,0.039172,3.278423,160.262711,-28.633539,-1.04919,-48.498547,19.530201,86.226318,68.945274,0.0,13.226311,1.911939,156.599686,-97.814003
-0.645962,-0.549621,-0.529764,-0.188254,0.787242,-0.587205,0.739793,-0.279582,-0.611997,57.550858,0.006274,0.029817,0.999536,190.726151,84.169662,-251.620255,0.566848,0.0,0.223801,-0.974242,0.027657,1.565036,158.301422,-25.750528,-20.77421,28.017849,22.344143,86.11692,72.768066,0.0,13.31736,1.640665,155.628769,-95.198578
-0.662757,-0.524078,-0.534879,-0.185385,0.806877,-0.560876,0.725524,-0.272566,-0.631919,57.512119,-0.000599,0.029027,0.999578,186.160507,89.68615,-256.961029,0.505147,0.0,0.220159,-0.975049,0.028446,0.630727,161.764465,-26.10256,-5.637056,27.316021,-16.957314,86.034348,76.825302,0.0,13.430073,0.919863,159.277618,-95.619576
-0.627522,-0.589523,-0.508605,-0.180051,0.7454,-0.641842,0.757495,-0.311194,-0.573899,57.478569,0.012214,0.035736,0.999287,192.580933,82.457626,-244.101364,0.541987,0.0,0.219205,-0.975147,0.032194,-0.643934,165.23436,-28.680243,-26.661961,42.439346,-21.87299,85.943779,76.131317,0.0,13.525465,-0.619446,161.828339,-97.727394
-0.596869,-0.593323,-0.540107,-0.188743,0.758106,-0.624221,0.779822,-0.270637,-0.564476,57.402016,-0.012322,0.04663,0.998836,196.896561,93.191978,-242.127426,0.448433,0.0,0.241796,-0.969128,0.048226,-3.506313,165.939346,-29.330946,-28.567692,-28.021265,-4.053605,85.857063,73.209511,0.0,13.620858,-1.777838,162.141754,-98.316704
-0.575351,-0.565103,-0.591295,-0.182293,0.79335,-0.580831,0.797333,-0.226392,-0.55947,57.387459,-0.002547,0.024515,0.999696,199.132095,106.536964,-241.357193,0.510861,0.0,0.221888,-0.974765,0.024469,-5.251401,165.924789,-30.03301,-16.604187,7.885548,0.176725,85.769432,72.942726,0.0,13.716223,-3.831397,164.165833,-98.942604
-0.6329,-0.537854,-0.556912,-0.158264,0.793993,-0.586965,0.757886,-0.283351,-0.587641,57.272968,-0.001102,0.041391,0.999142,187.801224,91.089378,-248.250626,0.536933,0.0,0.190747,-0.980789,0.040841,-5.804229,166.326126,-29.820711,0.995579,-0.423559,3.537406,85.696541,75.400093,0.0,13.81164,-4.939394,163.149292,-98.805626
-0.624868,-0.560808,-0.543171,-0.174961,0.778613,-0.602619,0.760874,-0.281523,-0.58465,57.172256,-0.002706,0.032713,0.999461,189.302032,91.899574,-247.032867,0.504885,0.0,0.216006,-0.97585,0.032525,-4.969083,166.250809,-29.56613,17.131111,-7.427449,3.692095,85.612907,75.32991,0.0,13.907023,-4.02526,163.43071,-98.481544
-0.505586,-0.664065,-0.550818,-0.206642,0.713046,-0.669974,0.837665,-0.224907,-0.497729,57.164604,0.010078,0.043722,0.998993,210.63385,106.825851,-224.589539,0.45332,0.0,0.260595,-0.964636,0.039589,-3.231673,167.23587,-29.950741,11.700049,26.850391,-9.991076,85.542778,73.763237,0.0,14.002407,-2.012719,163.920029,-98.237709
-0.561131,-0.634774,-0.531219,-0.194632,0.724973,-0.660706,0.804519,-0.267351,-0.530352,57.241005,-0.000772,0.050648,0.998716,202.331085,95.990707,-233.494385,0.456577,0.0,0.249432,-0.96714,0.049239,-3.110589,167.899353,-30.549032,-2.71818,-4.199093,-3.912358,85.466843,74.310135,0.0,14.097826,-1.719056,163.798889,-98.981056
-0.548093,-0.641251,-0.537021,-0.202691,0.72474,-0.658535,0.811486,-0.25209,-0.527201,57.286366,0.008907,0.03537,0.999335,202.12738,100.317993,-233.086227,0.450961,0.0,0.254867,-0.966449,0.031935,-4.416469,167.227936,-31.134834,-18.631685,7.51287,-9.614662,85.393524,74.131004,0.0,14.193206,-3.513387,164.200623,-99.486938
-0.611162,-0.576151,-0.542707,-0.17533,0.767177,-0.617008,0.771842,-0.281939,-0.569886,57.165173,-0.002148,0.054207,0.998527,189.483398,93.076706,-244.056702,0.525173,0.0,0.215648,-0.97501,0.053394,-7.016999,168.626678,-31.197161,-14.17253,7.7358,4.721011,85.319237,72.978661,0.0,14.294611,-5.959139,164.46814,-99.752678
-0.531799,-0.622816,-0.573837,-0.202044,0.751339,-0.628226,0.822416,-0.21815,-0.525398,57.10704,-0.009019,0.04855,0.99878,201.85495,109.616676,-232.50145,0.449563,0.0,0.256625,-0.965256,0.049238,-8.289631,168.258942,-31.322889,-5.915349,-20.154547,2.679164,85.246178,72.645279,0.0,14.385834,-6.195414,164.803009,-99.589119
-0.477761,-0.666754,-0.572,-0.235482,0.724487,-0.647817,0.846341,-0.174806,-0.50314,57.073578,0.004988,0.028336,0.999586,206.666382,121.287788,-226.820633,0.439224,0.0,0.298627,-0.954028,0.025554,-8.813475,167.547684,-31.567913,-4.922903,-33.411678,7.312485,85.181076,73.357559,0.0,14.496735,-7.273113,165.475433,-99.636002
-0.594649,-0.569283,-0.567723,-0.190325,0.785741,-0.588547,0.781133,-0.241927,-0.575589,56.985641,0.000323,0.016069,0.999871,188.157272,104.604324,-245.071793,0.4483,0.0,0.232582,-0.972452,0.015553,-10.110652,167.178452,-31.251287,-5.63773,0.957075,3.974487,85.112213,76.100159,0.0,14.592405,-9.124518,165.705093,-99.70195
-0.605036,-0.564369,-0.561622,-0.179556,0.783925,-0.594324,0.775688,-0.258745,-0.575639,56.808571,1.6e-05,0.022936,0.999737,186.547546,99.503777,-244.484512,0.457491,0.0,0.219678,-0.975316,0.022372,-10.191824,166.789337,-30.797934,-0.877701,-3.276852,3.13341,85.048241,76.761269,0.0,14.68748,-9.224813,164.807205,-99.201614
-0.593641,-0.572409,-0.565631,-0.180344,0.779635,-0.599704,0.784262,-0.254001,-0.566054,56.701164,-0.00304,0.021072,0.999773,188.896759,100.910027,-241.801178,0.427134,0.0,0.224068,-0.974343,0.021218,-10.145832,166.820053,-30.745796,0.348335,2.80221,-1.477403,84.986252,76.939644,0.0,14.782885,-8.882113,164.965103,-99.051033
-0.596998,-0.572718,-0.561771,-0.176203,0.77676,-0.604645,0.782653,-0.261987,-0.564639,56.643215,0.002272,0.025733,0.999666,187.727539,98.937164,-241.43251,0.398026,0.0,0.215591,-0.976173,0.024638,-10.465909,167.131165,-30.89909,-6.060052,2.497015,0.499231,84.919662,77.036217,0.0,14.878273,-9.516804,164.963058,-99.132149
-0.598412,-0.574425,-0.558515,-0.168643,0.771799,-0.613095,0.783239,-0.272694,-0.558726,56.58886,-0.000974,0.041246,0.999149,187.191269,94.775513,-239.44101,0.434426,0.0,0.20782,-0.977326,0.040547,-11.219415,166.631241,-30.599064,-11.80979,-9.819022,5.091762,84.864723,74.499489,0.0,14.973956,-10.047119,163.44632,-98.740219
-0.555159,-0.595662,-0.580505,-0.182938,0.768292,-0.613401,0.811377,-0.234339,-0.535493,56.573898,-0.023487,0.046267,0.998653,194.738144,103.349159,-232.92215,0.461008,0.0,0.239575,-0.969561,0.050553,-12.280688,165.650909,-30.144363,-9.567377,-0.489503,-0.745353,84.806076,70.222427,0.0,15.069071,-9.457666,162.32428,-98.156754
-0.532145,-0.614844,-0.582055,-0.196121,0.758297,-0.621709,0.823625,-0.216686,-0.524108,56.596439,-0.030745,0.045743,0.99848,197.909943,108.599609,-230.35202,0.482769,0.0,0.262656,-0.963475,0.052227,-12.59068,166.37883,-30.647161,-3.094493,16.469458,-11.945581,84.747688,70.587761,0.0,15.164484,-9.212687,163.09108,-98.551071
-0.670077,-0.702018,-0.241178,-0.195289,0.480189,-0.85515,0.716142,-0.525917,-0.45886,54.207642,0.024501,0.15636,0.987396,167.168213,101.46843,-217.045013,0.351222,0.0,0.27851,-0.949657,0.143473,-11.224968,247.151352,-35.713161,1.101499,11.072529,-17.09388,84.504372,73.34314,0.0,16.343849,-12.404715,233.342468,-101.98558
-0.667997,-0.705966,-0.235356,-0.186318,0.464858,-0.865559,0.720462,-0.53434,-0.442058,54.370071,0.023222,0.153108,0.987937,167.715149,99.80101,-214.074005,0.34202,0.0,0.273045,-0.951603,0.141059,-11.973871,247.516373,-36.986816,-14.474319,0.343726,-10.411241,84.518791,72.886414,0.0,16.440042,-12.972072,233.810013,-103.208611
-0.667012,-0.709936,-0.226019,-0.175469,0.444517,-0.878416,0.724089,-0.546255,-0.42107,54.387085,0.019178,0.155738,0.987612,168.216064,96.286987,-209.322464,0.354398,0.0,0.267823,-0.952495,0.145,-12.75934,247.322937,-37.604595,-0.854972,-3.216847,-1.96357,84.533638,73.610497,0.0,16.540428,-13.415627,233.310547,-103.700447
-0.673612,-0.707511,-0.213717,-0.177983,0.43594,-0.882201,0.717335,-0.556223,-0.41958,54.329338,0.017395,0.156433,0.987535,166.019562,93.259674,-209.075668,0.361831,0.0,0.277067,-0.94976,0.145569,-13.309216,247.061172,-37.722801,-7.721522,1.170398,2.170303,84.556007,73.059067,0.0,16.629986,-13.957921,232.814575,-103.804207
-0.666913,-0.711432,-0.221567,-0.175772,0.439164,-0.881045,0.724107,-0.548635,-0.417934,54.207188,0.017242,0.144273,0.989388,166.828506,95.760368,-208.305573,0.341249,0.0,0.27677,-0.951557,0.133934,-14.358711,246.876526,-37.200153,-6.730616,-5.340933,4.257673,84.574066,72.610542,0.0,16.743061,-14.894541,233.446732,-103.420235
-0.66825,-0.707841,-0.228916,-0.185062,0.456205,-0.870419,0.720551,-0.539294,-0.435854,54.104507,0.021585,0.145128,0.989177,165.650818,97.644501,-212.758652,0.330626,0.0,0.278949,-0.95099,0.133438,-14.331336,246.368484,-37.033669,1.316686,-2.983286,-1.783101,84.594048,72.742668,0.0,16.838102,-15.218642,233.015549,-103.352638
-0.666095,-0.71276,-0.219751,-0.192474,0.448905,-0.872604,0.720605,-0.538941,-0.436201,54.069931,0.022862,0.146139,0.989,165.830063,97.256424,-212.767365,0.345652,0.0,0.29141,-0.947274,0.133238,-14.108027,246.087601,-36.94228,-1.33389,-4.878668,3.725955,84.614685,72.750237,0.0,16.9335,-15.096972,232.571777,-103.247604
-0.661678,-0.715496,-0.22416,-0.194264,0.45235,-0.870425,0.724185,-0.532395,-0.438306,54.069443,0.02114,0.148717,0.988654,166.915848,98.76265,-213.197769,0.359709,0.0,0.293977,-0.946083,0.136028,-14.098989,246.083908,-36.802319,-1.377645,-3.332393,0.648587,84.63549,72.812035,0.0,17.029032,-14.954706,232.467422,-103.122482
-0.664736,-0.71064,-0.230471,-0.187053,0.456988,-0.869582,0.723283,-0.534932,-0.436704,54.071754,0.02526,0.139367,0.989919,166.311447,98.118935,-212.718887,0.341368,0.0,0.279149,-0.951828,0.126881,-14.31076,245.462738,-36.603706,-3.220657,-6.186608,1.647544,84.655632,72.981796,0.0,17.124344,-15.37976,232.495834,-103.017357
-0.667552,-0.706589,-0.234748,-0.192716,0.468509,-0.862183,0.719191,-0.530312,-0.448925,54.070179,0.025016,0.133139,0.990782,164.887756,99.063339,-215.773544,0.331596,0.0,0.285879,-0.950655,0.120529,-14.672671,244.868332,-36.424252,-6.72406,-5.284173,0.681897,84.674011,73.08168,0.0,17.219711,-15.811306,232.305939,-102.97966
-0.66508,-0.709161,-0.234006,-0.181652,0.457578,-0.870417,0.724342,-0.536389,-0.433146,54.065781,0.023659,0.135796,0.990454,165.863647,97.208138,-211.643219,0.332187,0.0,0.273655,-0.953771,0.12423,-15.227132,244.737381,-36.328564,-4.178256,-0.861488,-1.464231,84.689484,73.394096,0.0,17.315058,-16.163851,232.002869,-102.79332
-0.661241,-0.713209,-0.232577,-0.183843,0.454642,-0.871495,0.727297,-0.53351,-0.431747,54.087093,0.018844,0.146398,0.989046,166.55719,96.877785,-211.088669,0.34237,0.0,0.280603,-0.950239,0.135307,-15.602127,244.373062,-36.191563,-6.470016,-1.330826,0.415846,84.701416,73.370735,0.0,17.410519,-16.239361,230.968552,-102.574883
-0.666136,-0.708942,-0.231654,-0.170988,0.447491,-0.87779,0.725965,-0.545118,-0.419311,54.167637,0.012368,0.147424,0.988996,165.597702,93.945961,-208.165985,0.358127,0.0,0.270995,-0.95255,0.138603,-16.66626,244.51799,-36.428696,-11.25867,0.339096,-1.887545,84.711098,73.693176,0.0,17.506985,-16.884844,230.969666,-102.765816
-0.66071,-0.714989,-0.228592,-0.181287,0.447503,-0.875715,0.728421,-0.537152,-0.425288,54.302406,0.013023,0.157032,0.987508,165.658157,95.593025,-209.814133,0.357148,0.0,0.282889,-0.947823,0.146991,-17.186892,244.758499,-36.624866,-5.246656,10.792462,-3.163548,84.722015,73.456284,0.0,17.601967,-17.465357,230.631866,-102.89772
-0.671195,-0.706072,-0.225743,-0.174173,0.44622,-0.877811,0.720528,-0.549864,-0.422479,54.395744,0.01644,0.146618,0.989057,163.160248,93.61647,-209.684418,0.331904,0.0,0.271654,-0.952637,0.136704,-17.467323,245.426682,-37.101158,-3.994432,10.317944,-4.673427,84.73391,73.256653,0.0,17.697706,-18.004108,231.870209,-103.459389
-0.676345,-0.704249,-0.215851,-0.172892,0.436639,-0.882868,0.716007,-0.559804,-0.417077,54.443169,0.016675,0.147155,0.988973,161.831207,91.149208,-208.577347,0.331459,0.0,0.272874,-0.952232,0.137088,-17.62484,245.649353,-37.378693,-0.576864,-6.391982,-2.090316,84.74678,73.142372,0.0,17.809355,-18.221201,231.921661,-103.696083
-0.676924,-0.703888,-0.215211,-0.178188,0.4404,-0.879941,0.714159,-0.557305,-0.423542,54.466225,0.016448,0.15064,0.988452,161.377899,91.5504,-210.379089,0.346848,0.0,0.278866,-0.950049,0.140147,-17.598837,245.659332,-37.528999,-1.717812,-3.125462,-2.038881,84.758179,73.135864,0.0,17.90473,-18.23646,231.715179,-103.856407
-0.670114,-0.709392,-0.218426,-0.178104,0.439349,-0.880484,0.720574,-0.551121,-0.420759,54.492893,0.014095,0.149964,0.988591,163.284195,93.020218,-209.557922,0.360885,0.0,0.282367,-0.949045,0.139939,-17.551373,245.519379,-37.381062,0.403767,-1.07206,-0.13316,84.770035,72.990242,0.0,18.000151,-17.969023,231.649338,-103.720039
-0.657791,-0.721774,-0.215299,-0.18003,0.428226,-0.885557,0.731369,-0.543751,-0.411624,54.502388,0.013556,0.155073,0.98781,166.705078,94.729568,-207.192642,0.375077,0.0,0.288794,-0.946407,0.144611,-17.038317,245.700272,-37.399681,6.781986,-0.630792,-2.92676,84.781227,73.028404,0.0,18.096111,-17.287971,231.522995,-103.638832
