0.540267,-0.827783,-0.151283,0.664711,0.530056,-0.526498,-0.516015,-0.18389,-0.836608,59.88942,0.527609,0.346719,0.775509,-146.224625,125.827972,-311.681458,3.141593,1.0,-0.602954,-0.490224,0.629386,13.474234,198.361206,-43.909031,-31.37838,-1.932849,17.8964,84.500763,35.993729,0.639938,1.040598,-16.836958,171.937271,-101.906898
0.521477,-0.842808,-0.133176,0.680339,0.504895,-0.531244,-0.514977,-0.186427,-0.836686,59.88942,0.52743,0.343928,0.776873,-148.913284,123.90361,-310.011932,3.141593,1.0,-0.621643,-0.467065,0.628816,10.563128,197.127777,-42.263783,-18.3395,-33.768784,17.674414,84.500763,43.61274,0.43465,1.135953,-19.785851,170.649002,-100.217812
0.516728,-0.846181,-0.130265,0.681495,0.498624,-0.535666,-0.518224,-0.188019,-0.834322,59.88942,0.519829,0.339058,0.784103,-149.356522,121.64682,-309.140015,3.141593,1.0,-0.631171,-0.466091,0.619986,10.491077,195.013046,-41.645294,6.52622,-17.23007,3.993189,84.500763,44.793667,0.403665,1.233187,-19.414852,168.791382,-99.938759
0.51061,-0.844985,-0.158988,0.675184,0.50854,-0.534335,-0.532356,-0.165491,-0.830186,59.88942,0.530119,0.322537,0.784184,-153.387619,126.165497,-307.427948,3.141593,1.0,-0.623931,-0.477878,0.618338,10.806846,192.614319,-40.841991,-3.316509,-14.499497,10.16376,84.500763,48.715191,0.281168,1.326738,-19.902374,167.661301,-99.263596
0.533963,-0.828999,-0.166266,0.648215,0.527631,-0.549019,-0.542863,-0.18538,-0.819106,59.88942,0.507906,0.329093,0.796071,-155.733215,120.190758,-303.920624,3.141593,1.0,-0.616124,-0.507072,0.602718,9.6924,191.956757,-39.561405,-9.346277,-16.315517,22.564245,84.500763,48.010929,0.306567,1.422148,-19.613501,166.673676,-98.534721
0.509115,-0.849239,-0.139978,0.676556,0.495398,-0.544842,-0.532046,-0.182684,-0.826773,59.88942,0.528415,0.324493,0.784526,-153.679901,117.823761,-303.764648,3.141593,1.0,-0.631177,-0.467862,0.618644,10.340609,188.947144,-38.12558,18.573919,-46.159924,8.18481,84.500763,41.804443,0.377573,1.519232,-20.272501,163.630783,-96.456215
0.456483,-0.876614,-0.152222,0.717831,0.463942,-0.519112,-0.525683,-0.127696,-0.841042,59.88942,0.565479,0.293411,0.770807,-153.031067,131.737854,-306.609406,3.139536,1.0,-0.644103,-0.426621,0.634922,11.898998,187.057449,-37.915291,11.536313,7.462858,-7.983383,84.500763,39.085804,0.258027,1.613139,-21.219227,163.756882,-95.723106
0.515291,-0.837968,-0.17968,0.670143,0.524664,-0.525011,-0.534214,-0.150122,-0.831913,59.88942,0.550191,0.333764,0.765435,-154.37262,123.615814,-303.972565,3.141593,1.0,-0.598095,-0.482167,0.640154,11.574024,186.672363,-37.858135,-5.224527,-8.621371,2.657521,84.500763,49.41946,0.274924,1.708289,-20.421616,161.258011,-95.375359
0.526143,-0.833853,-0.166921,0.66346,0.525288,-0.532817,-0.531973,-0.169592,-0.829604,59.88942,0.549606,0.344249,0.7612,-153.512756,117.524162,-303.064087,3.141593,1.0,-0.5924,-0.481869,0.64565,11.788076,186.259903,-37.824261,2.950053,-3.461768,-1.833983,84.500763,49.990173,0.263832,1.803708,-20.123743,160.048447,-95.04567
0.515593,-0.84283,-0.154279,0.671773,0.509395,-0.537808,-0.53187,-0.173649,-0.828831,59.88942,0.560475,0.348742,0.751163,-153.582123,115.649689,-302.357788,3.141593,1.0,-0.594342,-0.462264,0.65808,12.42868,185.861404,-37.934616,4.750861,-6.032427,0.30768,84.500763,47.400955,0.225092,1.899204,-20.218964,159.191269,-94.533333
0.511513,-0.844316,-0.159643,0.671859,0.508807,-0.538258,-0.535687,-0.168068,-0.827522,59.88942,0.560494,0.346451,0.752209,-154.569244,116.927696,-302.05426,3.141593,1.0,-0.595479,-0.462636,0.65679,12.443015,185.549988,-37.905087,-0.769702,-1.441478,0.889879,84.500763,44.252045,0.235722,1.9945,-20.248959,159.069748,-94.557976
0.50729,-0.741189,-0.439654,0.449534,0.662856,-0.598783,-0.735239,-0.106117,-0.66945,59.88942,0.585656,0.419154,0.69377,-171.830185,98.64164,-263.56308,2.300818,0.0,-0.378926,-0.615049,0.691469,48.75713,153.880081,-42.826687,5.892977,-10.724553,5.829668,84.500763,37.390053,0.838812,2.835707,12.52657,125.249878,-95.702438
0.465472,-0.768545,-0.438946,0.472965,0.635192,-0.610602,-0.74809,-0.076612,-0.659159,59.88942,0.59797,0.403029,0.692821,-174.886047,106.840942,-261.194763,2.27302,0.0,-0.406465,-0.592514,0.695495,49.885605,153.713821,-43.245213,12.199942,13.050477,-7.491322,84.500763,40.231934,0.927984,2.93154,12.693225,126.050957,-95.914398
0.466334,-0.781454,-0.414563,0.488962,0.618247,-0.615375,-0.73719,-0.084265,-0.670411,59.88942,0.600764,0.423828,0.677829,-171.015137,104.51741,-264.024353,2.34878,0.0,-0.409616,-0.564936,0.716284,51.105103,154.829697,-44.1283,8.854022,9.012065,-7.435889,84.500763,36.831123,0.971849,3.026433,13.830814,125.646332,-95.922745
0.441075,-0.79165,-0.422781,0.483657,0.606494,-0.631063,-0.755995,-0.073865,-0.650396,59.88942,0.607017,0.432878,0.666443,-176.190109,106.868713,-258.367615,2.44024,0.455742,-0.405111,-0.552917,0.728126,51.284168,155.101624,-44.342751,-9.617698,-7.900871,8.469521,84.500763,35.316994,0.930984,3.126179,13.371202,125.389954,-95.284592
0.441388,-0.782475,-0.439215,0.475629,0.619075,-0.624919,-0.76089,-0.066928,-0.64542,59.88942,0.614882,0.40612,0.676008,-179.859344,108.440353,-256.310669,2.569612,1.0,-0.403956,-0.574009,0.712273,49.391468,153.147476,-42.892616,-21.281292,-19.879505,12.491007,84.500763,31.031046,0.855889,3.234809,10.929391,125.222229,-94.475479
0.442663,-0.781651,-0.439399,0.469287,0.619506,-0.629271,-0.764081,-0.072351,-0.641051,59.88942,0.611274,0.406222,0.679211,-182.134338,105.623009,-254.042664,2.565682,1.0,-0.403868,-0.577948,0.709131,47.706272,151.711914,-41.583389,-9.353029,-12.712958,10.005167,84.500763,29.836496,0.734423,3.330799,9.454357,123.764671,-93.302948
0.454397,-0.771292,-0.445681,0.460059,0.63162,-0.624021,-0.762804,-0.078514,-0.641846,59.88942,0.605878,0.405237,0.684613,-181.984314,103.8274,-254.312073,2.57352,1.0,-0.397239,-0.591491,0.70167,47.157093,151.332947,-41.296841,-1.853916,-2.117561,0.432611,84.500763,29.959251,0.750289,3.425344,9.284244,123.51429,-93.373055
0.444708,-0.764268,-0.467043,0.456859,0.642063,-0.615659,-0.770399,-0.060416,-0.634693,59.88942,0.600743,0.39851,0.693035,-183.376373,107.844246,-252.208862,2.564105,1.0,-0.396729,-0.60401,0.691215,47.429443,150.130386,-40.518322,3.158514,-12.729171,9.460798,84.500763,31.744942,0.711844,3.520739,9.796628,122.993279,-93.063339
0.443785,-0.757543,-0.478731,0.458867,0.650967,-0.604718,-0.769738,-0.048691,-0.636501,59.88942,0.595361,0.392504,0.701061,-182.543594,110.685471,-252.613113,2.576992,1.0,-0.398694,-0.613224,0.681908,47.74345,149.482529,-39.965263,2.965556,-3.715448,3.991458,84.500763,32.310211,0.781341,3.624766,10.463598,122.894386,-93.01432
0.446305,-0.763326,-0.467061,0.45167,0.642713,-0.6188,-0.772532,-0.065216,-0.631617,59.88942,0.592386,0.396482,0.701342,-182.857147,106.31813,-251.50563,2.568419,1.0,-0.400874,-0.610054,0.683472,47.95142,149.68103,-40.162617,5.5292,-4.341739,-1.813219,84.500763,33.262608,0.806169,3.72019,10.850794,122.670647,-93.131271
0.469987,-0.754742,-0.457686,0.433397,0.649035,-0.625237,-0.768947,-0.095494,-0.632141,59.88942,0.593906,0.388411,0.704565,-181.591568,98.645355,-251.913208,2.575734,1.0,-0.393372,-0.623731,0.675439,48.336548,149.2966,-40.208458,2.359591,-14.56355,3.849608,84.500763,30.371481,0.826339,3.815604,11.217308,122.58979,-93.407654
0.445754,-0.775057,-0.447874,0.465351,0.628047,-0.623703,-0.764691,-0.069599,-0.640628,59.88942,0.599155,0.39831,0.694523,-181.093689,102.878532,-252.392883,2.653118,0.0,-0.409838,-0.592615,0.693427,48.103729,147.659851,-39.160767,-4.63803,-36.050457,25.859657,84.500763,31.660124,0.775886,3.910949,10.648003,120.330048,-91.759232
0.452165,-0.758844,-0.468724,0.472057,0.649481,-0.596101,-0.756775,-0.048272,-0.65189,59.88942,0.593945,0.40731,0.693778,-179.539429,105.038254,-253.028397,2.416792,0.256178,-0.397483,-0.601188,0.693238,47.278706,144.685196,-36.845783,-11.651268,-43.688328,22.069773,84.500763,31.952976,0.866858,4.006394,10.217536,117.142143,-89.57077
0.455755,-0.748037,-0.482418,0.513072,0.663656,-0.54435,-0.727354,-0.000575,-0.686262,59.88942,0.623674,0.398201,0.672656,-174.256973,115.276466,-260.352783,3.100467,1.0,-0.386351,-0.591038,0.708101,46.885082,142.071686,-36.255451,-9.179545,-19.050436,3.422085,84.500763,14.338871,1.0,4.101732,8.12284,115.420586,-88.27668
0.483283,-0.720634,-0.497116,0.449279,0.691508,-0.565655,-0.75139,-0.050028,-0.65796,59.88942,0.58342,0.367578,0.724229,-181.356796,105.415482,-256.747467,2.632892,0.0,-0.389284,-0.656051,0.646572,43.3167,142.687561,-37.057941,-28.687891,-19.374218,5.146941,84.500763,38.233295,0.793579,4.203267,7.04972,117.959618,-91.76796
0.23105,-0.886941,-0.399939,0.805794,0.404812,-0.432231,-0.545264,0.222401,-0.808224,59.88942,0.615348,0.075739,0.784608,-168.667664,195.783737,-300.353455,3.044097,1.0,-0.702945,-0.397664,0.589688,5.348296,147.205322,-38.460247,-1.842137,4.292928,0.378017,84.500763,40.895546,0.0,5.029978,-31.94606,140.018005,-97.696136
0.22531,-0.879815,-0.418521,0.766955,0.42508,-0.480715,-0.600846,0.212677,-0.770554,59.88942,0.622442,0.10369,0.775767,-182.160919,190.685974,-289.666229,3.097264,1.0,-0.682065,-0.414274,0.602632,6.68503,146.190369,-38.100197,16.707523,-0.79105,0.253903,84.500763,38.49926,0.0,5.125025,-31.502392,137.358475,-96.454453
0.207501,-0.879726,-0.427814,0.773414,0.415315,-0.478899,-0.598978,0.231505,-0.766571,59.88942,0.622186,0.114641,0.77443,-180.333939,195.281998,-288.552277,3.089365,1.0,-0.683725,-0.402257,0.608859,8.052345,146.608734,-38.148956,14.13765,17.286596,-7.395192,84.500763,38.369816,0.0,5.22041,-30.143703,137.233505,-96.339188
0.251282,-0.884042,-0.394115,0.762608,0.431575,-0.481842,-0.596059,0.179478,-0.782625,59.88942,0.611933,0.154343,0.775704,-178.012131,180.514587,-292.785431,3.099475,1.0,-0.673624,-0.412234,0.613428,8.786138,147.698654,-38.282852,3.193555,8.559979,-1.086403,84.500763,39.909153,0.0,5.316789,-28.553835,135.511673,-96.546921
0.27232,-0.877224,-0.395373,0.75064,0.450751,-0.483077,-0.601981,0.165231,-0.781228,59.88942,0.615757,0.174358,0.768402,-179.999146,176.505814,-292.194916,3.122899,1.0,-0.655703,-0.427371,0.622421,8.494174,148.477112,-38.449284,-6.548112,5.222455,0.406352,84.500763,41.103355,0.0,5.430414,-29.055891,135.075058,-96.306587
0.285917,-0.876821,-0.38657,0.745829,0.456912,-0.484737,-0.601656,0.149721,-0.784598,59.88942,0.61877,0.176698,0.765442,-180.335602,172.321335,-292.869476,3.132599,1.0,-0.649488,-0.433055,0.625003,8.230694,148.434967,-38.399113,0.307957,-0.557906,-0.756536,84.500763,41.53529,0.0,5.523935,-29.473848,134.779785,-96.136238
0.271559,-0.877219,-0.395908,0.750591,0.450515,-0.483372,-0.602386,0.165901,-0.780774,59.88942,0.623966,0.177713,0.760976,-180.41925,175.856461,-291.306976,3.123358,1.0,-0.648583,-0.425419,0.631157,8.715849,147.865204,-38.076591,6.420116,-10.239683,5.143349,84.500763,41.979248,0.0,5.619288,-29.374525,134.257767,-95.532501
0.265145,-0.87606,-0.402761,0.74633,0.450941,-0.489535,-0.610484,0.170795,-0.773394,59.88942,0.622104,0.198412,0.757376,-182.103226,175.328644,-288.764679,3.117334,1.0,-0.643347,-0.421753,0.638929,9.009373,147.305954,-37.719437,-0.849478,0.358969,0.214927,84.500763,43.506733,0.085406,5.715355,-29.028084,132.502853,-94.840591
0.264082,-0.87597,-0.403655,0.746075,0.45076,-0.490089,-0.611255,0.171733,-0.772577,59.88942,0.619716,0.198509,0.759306,-182.174042,175.245499,-288.654846,3.10568,1.0,-0.645212,-0.421956,0.636911,8.984805,146.982162,-37.722576,-1.501771,-2.811599,-1.223472,84.500763,43.537594,0.127097,5.810097,-28.905489,132.184433,-94.935715
0.264795,-0.877401,-0.400065,0.747347,0.448903,-0.489855,-0.60939,0.169276,-0.77459,59.88942,0.620382,0.193394,0.760082,-181.633408,174.894791,-289.37262,3.11417,1.0,-0.647192,-0.42119,0.635407,9.088958,146.977371,-37.865993,3.281171,3.906973,-3.455902,84.500763,42.733242,0.051194,5.905521,-28.832554,132.449783,-95.148705
0.258955,-0.878341,-0.40182,0.752622,0.444233,-0.486022,-0.605395,0.176561,-0.776095,59.88942,0.623628,0.19763,0.756327,-180.655533,176.578491,-289.5578,3.115873,1.0,-0.646122,-0.414282,0.641012,9.260269,147.060226,-37.883373,1.754379,-3.883216,2.08269,84.500763,42.341473,0.048844,6.001347,-28.856419,132.306931,-94.95652
0.257361,-0.878358,-0.402807,0.751509,0.443975,-0.487975,-0.607453,0.177128,-0.774356,59.88942,0.626594,0.203853,0.752212,-181.229218,175.964951,-288.719086,3.119956,1.0,-0.641979,-0.412218,0.646483,9.414893,146.679672,-37.737267,5.533257,-4.753746,1.883427,84.500763,42.660351,0.093187,6.096236,-28.914,131.551239,-94.553947
0.253409,-0.879704,-0.402375,0.757842,0.43905,-0.482608,-0.601214,0.18264,-0.777936,59.88942,0.637014,0.203426,0.743526,-179.511246,176.729874,-289.012421,3.139391,1.0,-0.636649,-0.404986,0.65625,10.215558,146.033813,-37.562996,11.870084,-9.827863,1.471875,84.500763,42.327251,0.026245,6.191848,-28.760307,130.934097,-93.949615
0.254149,-0.875221,-0.411578,0.758341,0.44445,-0.476847,-0.600272,0.190926,-0.776673,59.88942,0.630095,0.18596,0.753923,-178.158417,179.929413,-289.398071,3.141593,1.0,-0.644868,-0.415556,0.641451,10.873081,145.966461,-37.631149,2.207891,6.056312,-5.152984,84.500763,41.62212,0.0,6.28702,-27.643692,132.055756,-94.652008
0.252304,-0.877756,-0.407292,0.759259,0.440519,-0.479029,-0.599891,0.188379,-0.777589,59.88942,0.626034,0.181408,0.758401,-177.865448,179.931473,-290.031006,3.127566,1.0,-0.651206,-0.413386,0.63643,10.812449,146.380997,-37.795261,-4.666561,16.021336,-3.991188,84.500763,41.084084,0.027085,6.383104,-27.446333,132.696533,-95.055237
0.511818,-0.786986,-0.344521,0.464469,0.590853,-0.659668,-0.72271,-0.177611,-0.66794,59.88942,0.634437,0.21545,0.742342,-206.210831,95.353729,-314.608337,2.967981,1.0,-0.508603,-0.606837,0.610796,14.296778,157.624146,-91.327538,-15.180439,3.285934,7.795282,84.500763,42.565845,0.155128,7.266951,-24.995462,139.888565,-147.126266
0.488597,-0.800591,-0.346881,0.482281,0.579123,-0.657284,-0.727102,-0.153853,-0.669068,59.88942,0.624465,0.191588,0.757191,-207.366684,102.429405,-314.251678,2.97405,1.0,-0.537688,-0.597709,0.594673,13.687953,157.201233,-89.875412,1.896824,-7.282502,12.480791,84.500763,38.104919,0.235184,7.362337,-25.050098,141.007065,-146.486877
0.444835,-0.837012,-0.318643,0.549794,0.536061,-0.640598,-0.707,-0.109773,-0.698643,59.88942,0.641114,0.215946,0.736438,-201.991547,111.540466,-319.338196,2.947656,1.0,-0.552054,-0.536825,0.63801,14.996937,156.788589,-88.649849,12.373205,-8.729574,14.568376,84.500763,38.26231,0.173141,7.457926,-24.715546,139.065308,-144.1577
0.420533,-0.854217,-0.305719,0.580731,0.512325,-0.632673,-0.697068,-0.08852,-0.71152,59.88942,0.636017,0.244806,0.731815,-198.577957,114.836899,-321.342529,2.905603,1.0,-0.560804,-0.504801,0.656258,15.519331,156.499405,-87.77137,0.535885,-2.851787,12.05108,84.500763,44.05122,0.235962,7.55314,-23.792315,137.032669,-142.93309
0.475773,-0.814086,-0.333023,0.52446,0.56652,-0.635607,-0.706103,-0.127747,-0.69649,59.88942,0.619087,0.23866,0.74818,-200.472672,105.338387,-317.525787,2.957992,1.0,-0.534218,-0.570327,0.62397,14.735919,156.300095,-86.733719,-6.035119,5.851023,-0.635318,84.500763,44.091579,0.188834,7.665957,-23.421398,137.370239,-142.884995
0.499495,-0.788368,-0.359139,0.498873,0.600679,-0.624748,-0.708259,-0.132894,-0.693332,59.88942,0.613817,0.232926,0.754304,-201.071259,104.641891,-316.9758,2.962315,1.0,-0.514454,-0.606721,0.605992,14.297482,156.271027,-86.519562,-4.15267,-5.607076,5.074595,84.500763,44.417942,0.170426,7.761382,-23.47958,137.964355,-143.126984
0.514,-0.778333,-0.360558,0.487505,0.610913,-0.623799,-0.705793,-0.144859,-0.69345,59.88942,0.608908,0.227683,0.759863,-200.55275,100.906387,-316.537048,2.955569,1.0,-0.511051,-0.620028,0.595309,13.831924,155.220673,-85.700951,-5.366762,-15.507615,8.191251,84.500763,43.362816,0.222378,7.856653,-23.579395,137.228806,-142.658585
0.47624,-0.803963,-0.356145,0.514214,0.583185,-0.628871,-0.713287,-0.116359,-0.691145,59.88942,0.608948,0.191642,0.769712,-202.662277,108.582581,-315.49826,2.953059,1.0,-0.551203,-0.595565,0.584361,13.778563,153.600784,-84.739723,4.094948,-10.475787,6.534557,84.500763,42.107666,0.245241,7.952058,-23.809677,137.758987,-142.197678
0.449183,-0.828302,-0.334888,0.5572,0.552716,-0.619704,-0.6984,-0.091761,-0.709801,59.88942,0.62687,0.215384,0.748762,-199.042938,113.071159,-318.664276,2.954758,1.0,-0.554492,-0.551789,0.62295,14.74296,153.459869,-84.364563,14.369164,3.949974,3.927259,84.500763,43.559349,0.164493,8.048111,-23.92333,136.079727,-140.685806
0.45098,-0.835064,-0.315096,0.560509,0.539716,-0.628121,-0.694583,-0.106656,-0.711462,59.88942,0.628906,0.25403,0.73481,-197.429031,107.302551,-318.106659,2.966919,1.0,-0.543075,-0.532797,0.648997,15.473782,153.991821,-84.308517,2.521645,5.957839,-0.817381,84.500763,44.255001,0.244819,8.14283,-23.266336,134.046021,-139.711761
0.453713,-0.834411,-0.312895,0.553295,0.539006,-0.635088,-0.698576,-0.115024,-0.70623,59.88942,0.624028,0.257991,0.737584,-198.14534,105.08709,-316.79892,2.976763,1.0,-0.543442,-0.534972,0.646897,15.468139,154.169632,-84.230728,0.499146,-0.385081,0.350864,84.500763,43.831654,0.2747,8.238234,-22.981483,133.928757,-139.715927
0.445843,-0.838904,-0.312192,0.556929,0.533025,-0.636958,-0.700752,-0.110114,-0.704855,59.88942,0.621415,0.257356,0.740008,-198.525787,105.990898,-316.15329,2.963002,1.0,-0.549569,-0.529998,0.645815,15.49884,153.800308,-83.838432,-1.370885,-5.736335,2.892652,84.500763,43.309669,0.341909,8.334474,-22.816254,133.60141,-139.415009
0.443668,-0.840726,-0.310385,0.561064,0.530637,-0.635321,-0.698832,-0.107726,-0.707127,59.88942,0.626634,0.263439,0.733437,-198.436935,106.264801,-316.233276,2.960741,1.0,-0.545321,-0.524114,0.654164,15.431467,153.855011,-83.708504,-0.224973,-2.705799,0.566099,84.500763,43.047413,0.311899,8.429029,-23.208984,133.27652,-138.925247
0.621534,-0.755181,-0.20832,0.535058,0.603459,-0.591227,-0.572196,-0.256004,-0.779136,59.88942,0.529997,0.403384,0.745912,-148.384079,119.791534,-284.953796,2.582539,0.0,-0.491298,-0.570883,0.657813,25.894379,213.61824,-33.462204,34.202782,-14.114816,11.865938,84.500763,48.446396,0.516482,9.426263,-4.90924,183.983124,-89.590012
0.645558,-0.733797,-0.211653,0.513071,0.621988,-0.591513,-0.565697,-0.273263,-0.77802,59.88942,0.534149,0.386238,0.752,-146.495544,116.037827,-284.382935,2.661844,0.0,-0.477115,-0.596596,0.645317,26.333132,213.139435,-32.673317,-5.169043,-7.755804,8.152116,84.500763,50.169651,0.439688,9.52164,-4.650433,184.55687,-89.29908
0.650267,-0.726994,-0.220528,0.498906,0.627562,-0.597712,-0.572928,-0.278649,-0.770784,59.88942,0.526614,0.36923,0.765733,-148.57869,116.378189,-283.623383,2.402726,0.0,-0.479873,-0.614405,0.626281,25.638451,213.741882,-32.973534,-5.822127,9.639083,-9.539668,84.500763,39.142197,0.610347,9.617112,-4.920387,186.247864,-90.353836
0.611244,-0.761613,-0.215237,0.537799,0.599218,-0.593051,-0.580649,-0.246745,-0.775863,59.88942,0.537379,0.358742,0.763235,-150.499313,126.087006,-286.571289,2.556442,0.0,-0.510889,-0.581571,0.633062,26.478472,214.866669,-34.833145,24.470222,19.373676,-25.868301,84.500763,37.966782,0.59928,9.7125,-4.904934,187.956787,-92.028206
0.601596,-0.770558,-0.210532,0.540605,0.586778,-0.602858,-0.588072,-0.248862,-0.76957,59.88942,0.553352,0.361249,0.750534,-151.358276,125.612289,-286.633514,2.552929,0.885786,-0.509026,-0.566566,0.647994,28.606424,215.22908,-37.23912,5.493328,-3.667267,-27.411345,84.500763,49.525021,0.67891,9.833826,-3.902571,188.012894,-93.668266
0.606701,-0.764836,-0.216654,0.528189,0.591542,-0.609175,-0.594079,-0.255153,-0.762868,59.88942,0.548091,0.35895,0.755481,-152.114868,124.204453,-287.563599,2.379832,0.0,-0.505821,-0.577107,0.641165,29.062372,215.230316,-39.613033,0.332216,3.85687,-15.104181,84.500763,42.993076,0.713893,9.930394,-3.153022,188.18251,-96.279045
0.594505,-0.775939,-0.21091,0.543715,0.581162,-0.605495,-0.5924,-0.245295,-0.767393,59.88942,0.556061,0.358384,0.749905,-152.684174,126.605408,-289.088074,2.383684,0.0,-0.513089,-0.561793,0.648944,28.594826,215.174347,-40.303028,-14.487218,0.079593,-0.348704,84.500763,42.095272,0.714119,10.024608,-4.143328,188.111664,-96.668747
0.628739,-0.745776,-0.220241,0.515834,0.611937,-0.59954,-0.581896,-0.263346,-0.769445,59.88942,0.54566,0.354469,0.759347,-151.959702,121.809761,-289.483276,2.35326,0.0,-0.492762,-0.597207,0.632874,25.859087,214.520157,-39.507626,-36.527496,-0.319611,14.350748,84.500763,43.868374,0.60296,10.120009,-6.0527,187.842331,-96.549469
0.608207,-0.759756,-0.229902,0.532717,0.6054,-0.591357,-0.58847,-0.237195,-0.772944,59.88942,0.530136,0.332015,0.780207,-155.888229,128.692322,-290.454102,2.699421,0.0,-0.521163,-0.59823,0.608695,22.663971,213.29837,-38.452366,-21.115522,-8.866531,11.875516,84.500763,41.304768,0.836032,10.215499,-8.33291,188.167511,-96.643036
0.598231,-0.758354,-0.25888,0.521862,0.613869,-0.592305,-0.608095,-0.219235,-0.762992,59.88942,0.530207,0.328646,0.781584,-162.631332,134.314285,-288.337372,2.685019,0.0,-0.513703,-0.608847,0.604495,21.041393,213.943771,-38.783512,-10.094953,15.03381,-10.098201,84.500763,46.85186,0.996572,10.310818,-10.155076,189.28624,-97.021729
0.629071,-0.741791,-0.232415,0.509242,0.61915,-0.597768,-0.587318,-0.257682,-0.76724,59.88942,0.532935,0.344854,0.772694,-157.074234,123.338272,-288.959717,2.991196,1.0,-0.497107,-0.611374,0.615716,21.327471,213.885269,-38.800304,9.908381,-10.937638,2.287659,84.500763,33.653805,0.904825,10.406203,-9.807672,187.950638,-96.578827
0.619864,-0.748972,-0.234114,0.517232,0.614331,-0.595876,-0.590118,-0.248271,-0.768194,59.88942,0.523726,0.340844,0.780728,-156.250473,124.338806,-289.320679,2.677593,0.0,-0.509402,-0.609266,0.607704,22.295074,212.226837,-38.519291,19.275969,-16.421749,4.454584,84.500763,44.986816,0.898733,10.501568,-8.281817,186.591339,-96.700569
0.613232,-0.752464,-0.240299,0.519066,0.613182,-0.595465,-0.595413,-0.240428,-0.766601,59.88942,0.524286,0.356582,0.773288,-156.046692,124.400078,-287.659302,2.738809,0.0,-0.5034,-0.602647,0.619198,23.91684,211.205917,-37.728123,27.376331,3.977051,9.982029,84.500763,38.598804,0.645562,10.597452,-6.750359,184.685852,-95.438492
0.592673,-0.768697,-0.240507,0.536039,0.599312,-0.594548,-0.601166,-0.223451,-0.767248,59.88942,0.52018,0.354392,0.777058,-155.76506,129.251389,-287.725098,2.699261,0.0,-0.521057,-0.589205,0.617525,25.459677,211.642212,-37.498409,7.698081,-2.467385,2.550792,84.500763,45.304722,0.719403,10.692358,-5.026357,185.280472,-95.342186
0.603071,-0.761086,-0.238861,0.52562,0.604388,-0.598697,-0.600024,-0.235506,-0.764531,59.88942,0.524054,0.369323,0.767442,-154.856918,125.527184,-286.467072,2.480556,0.62718,-0.505465,-0.590364,0.629266,26.303665,211.896484,-37.474861,4.961219,6.485391,-2.262116,84.500763,46.233517,0.619997,10.787734,-4.4044,184.578964,-94.765411
0.606984,-0.756814,-0.242493,0.524486,0.61073,-0.593231,-0.597064,-0.232898,-0.767642,59.88942,0.529083,0.37197,0.762699,-154.171722,126.78315,-287.654144,2.439873,0.325651,-0.49754,-0.592116,0.633918,26.538036,212.604828,-38.078068,1.153653,8.268922,-5.88925,84.500763,48.112038,0.674397,10.883863,-4.46154,185.180923,-95.172546
0.623142,-0.741644,-0.24831,0.505224,0.624065,-0.596063,-0.597028,-0.245979,-0.763578,59.88942,0.52697,0.373704,0.763314,-154.028076,123.558792,-287.07428,2.387074,0.0,-0.482267,-0.608048,0.630632,26.514864,212.728348,-38.454628,-0.494875,-7.527601,1.153575,84.500763,41.571072,0.652684,10.995873,-4.326724,185.236618,-95.611588
0.763349,-0.641869,-0.072812,0.400434,0.558616,-0.726361,-0.506903,-0.525311,-0.683445,59.88942,0.548961,0.539925,0.638062,-138.426147,101.762772,-310.281189,2.229992,0.0,-0.369232,-0.528205,0.764635,20.012114,273.7677,-89.943039,-15.01276,23.251261,-14.397586,84.500763,53.51926,1.0,11.776351,-11.323274,233.481491,-138.911285
0.770117,-0.631631,-0.089233,0.3779,0.564436,-0.733896,-0.513918,-0.531465,-0.673375,59.88942,0.553047,0.518657,0.652024,-142.489487,102.040154,-309.114624,2.219431,0.0,-0.365153,-0.552538,0.749243,18.045012,274.249146,-90.446175,-21.762224,-4.356194,2.883673,84.500763,52.70644,1.0,11.871756,-13.627633,235.301773,-140.269821
0.771715,-0.627142,-0.105587,0.37088,0.578669,-0.726354,-0.516627,-0.521378,-0.679162,59.88942,0.551574,0.508258,0.661393,-145.101273,104.569214,-310.929749,2.29814,0.478621,-0.36086,-0.569475,0.738565,16.04534,273.408203,-90.129189,-15.699575,-7.265461,8.738528,84.500763,55.06329,1.0,11.967119,-15.560118,235.301758,-140.63385
0.785228,-0.608936,-0.112311,0.343852,0.579655,-0.73876,-0.514959,-0.541476,-0.664545,59.88942,0.550567,0.513466,0.658201,-145.548813,99.194862,-306.862457,2.21177,0.0,-0.34347,-0.579299,0.739217,15.110159,273.457489,-89.978325,-4.360282,2.157781,1.579035,84.500763,54.956669,1.0,12.079941,-16.425772,234.966812,-140.231674
0.78757,-0.605063,-0.11676,0.334858,0.579274,-0.743177,-0.517305,-0.546206,-0.658828,59.88942,0.550625,0.520182,0.652858,-146.484238,97.290451,-304.872162,2.21354,0.0,-0.334572,-0.579003,0.743517,14.797503,273.154419,-89.768074,-7.857252,-10.430101,4.869593,84.500763,54.369461,1.0,12.175214,-16.773052,234.248322,-139.67482
0.77816,-0.618669,-0.108238,0.357826,0.578337,-0.733135,-0.516166,-0.531766,-0.671415,59.88942,0.550158,0.519072,0.654133,-146.838104,99.670036,-307.307312,2.240893,0.0,-0.348256,-0.569345,0.744691,14.10438,271.808502,-88.926987,-6.659421,-19.415329,12.100055,84.500763,54.898701,1.0,12.270623,-17.412519,233.007095,-138.953949
0.770892,-0.628013,-0.106417,0.372274,0.57978,-0.724753,-0.516853,-0.51909,-0.680741,59.88942,0.540166,0.507511,0.671307,-147.543381,101.59375,-309.623291,2.28128,0.0,-0.367533,-0.575335,0.730691,12.911973,269.733704,-87.89315,-10.609057,-18.974566,4.228537,84.500763,56.577118,1.0,12.366076,-17.945541,231.752548,-138.931488
0.754179,-0.648762,-0.101591,0.391237,0.568174,-0.723955,-0.527396,-0.506246,-0.682326,59.88942,0.557528,0.500123,0.662601,-152.421097,104.329857,-309.54422,2.241856,0.0,-0.37874,-0.557019,0.739112,11.914115,268.902893,-87.912132,-11.130359,-5.788862,-0.461307,84.500763,54.534409,1.0,12.461427,-20.179632,231.268082,-138.455109
0.751889,-0.65137,-0.101886,0.391871,0.565818,-0.725457,-0.53019,-0.505537,-0.680685,59.88942,0.569202,0.504551,0.649182,-154.366272,104.591614,-308.646759,2.247384,0.0,-0.370739,-0.547241,0.750386,11.468056,269.320648,-88.179558,-2.767164,5.099062,0.819613,84.500763,53.500648,1.0,12.556794,-21.424366,231.351929,-137.96907
0.758028,-0.644851,-0.097778,0.383007,0.561454,-0.733536,-0.527919,-0.518591,-0.67258,59.88942,0.561065,0.519471,0.644482,-153.311783,100.859886,-306.428864,2.237542,0.0,-0.364251,-0.544207,0.755751,11.39895,269.838715,-88.396332,2.35732,-1.285847,-0.847744,84.500763,52.259014,1.0,12.652795,-20.939226,230.893646,-137.783279
0.747179,-0.659256,-0.084295,0.402322,0.549597,-0.732175,-0.529019,-0.513152,-0.675881,59.88942,0.560259,0.520008,0.644749,-152.788635,101.563728,-307.468506,2.259659,0.017741,-0.380691,-0.529655,0.757985,12.148858,269.295105,-88.672859,12.844889,-8.352669,-1.527009,84.500763,51.371708,1.0,12.748551,-20.140339,230.23349,-137.995422
0.757097,-0.646791,-0.092008,0.387676,0.558149,-0.733606,-0.525844,-0.519742,-0.673318,59.88942,0.549998,0.515248,0.657284,-149.916626,100.288727,-307.67926,2.603801,0.0,-0.377501,-0.548651,0.745973,13.520594,269.291595,-88.787674,12.530103,7.111638,-2.518238,84.500763,54.476555,1.0,12.842948,-18.064432,230.610886,-138.848755
0.763248,-0.639444,-0.092542,0.379467,0.55957,-0.736808,-0.522931,-0.527251,-0.669738,59.88942,0.550453,0.515716,0.656536,-148.210266,98.187019,-306.573914,2.27098,0.123775,-0.371952,-0.552548,0.745884,14.500106,269.135101,-88.624886,7.610978,3.041359,2.167444,84.500763,54.766888,1.0,12.93835,-17.088293,230.392014,-138.640961
0.767025,-0.634431,-0.095767,0.372923,0.562276,-0.738088,-0.522113,-0.530418,-0.667873,59.88942,0.551877,0.51899,0.65275,-148.003036,97.728676,-306.098755,2.238988,0.0,-0.364229,-0.554127,0.748519,14.591388,269.665924,-88.821693,-0.488759,3.555157,1.658959,84.500763,53.166515,1.0,13.033748,-17.086256,230.727982,-138.633591
0.771665,-0.626467,-0.109878,0.35963,0.57225,-0.737019,-0.524595,-0.529216,-0.666881,59.88942,0.554144,0.521182,0.649072,-148.909576,97.034668,-305.260162,2.239208,0.0,-0.349079,-0.56237,0.749589,14.490381,268.694397,-88.367378,-6.528797,-7.476864,4.93714,84.500763,54.790394,1.0,13.147091,-17.37039,229.732513,-138.043762
0.768657,-0.629445,-0.113863,0.369616,0.582341,-0.72406,-0.522064,-0.514469,-0.680273,59.88942,0.551164,0.514174,0.657148,-148.835342,100.500443,-308.917725,2.207799,0.0,-0.354686,-0.568502,0.742296,13.705842,267.869904,-88.066559,-8.371753,-4.053296,-2.379388,84.500763,55.33638,1.0,13.241898,-17.930937,229.500397,-138.343246
0.769316,-0.628362,-0.115388,0.373156,0.58856,-0.717184,-0.518564,-0.508683,-0.687265,59.88942,0.547737,0.512748,0.661115,-148.158478,101.989738,-311.137024,2.250133,0.166901,-0.355793,-0.572428,0.73874,13.245636,267.732483,-88.236778,-4.109366,5.716413,-6.979987,84.500763,54.835579,1.0,13.337231,-18.131659,229.539001,-138.809372
0.770847,-0.627339,-0.110639,0.37112,0.583424,-0.722417,-0.517749,-0.515813,-0.682549,59.88942,0.546055,0.521946,0.655283,-147.998123,99.511986,-309.824158,2.221654,0.0,-0.352876,-0.566116,0.744978,13.085836,267.679962,-88.523254,-0.566539,2.306237,-5.137071,84.500763,54.927357,1.0,13.432695,-18.175541,228.848953,-138.679047
0.762173,-0.639122,-0.103033,0.382582,0.573074,-0.724719,-0.522229,-0.512943,-0.681297,59.88942,0.546829,0.515752,0.659528,-148.896011,100.452751,-309.77124,2.211143,0.0,-0.36806,-0.559453,0.74266,13.396453,267.602295,-88.613991,4.083424,-3.232725,0.711471,84.500763,55.938072,1.0,13.52805,-17.950117,229.070145,-138.939911
0.641792,-0.739805,-0.201971,0.47723,0.591447,-0.649955,-0.600295,-0.320749,-0.732643,59.88942,0.620712,0.461895,0.633537,-141.154373,76.741882,-298.223846,2.18384,0.0,-0.384186,-0.525201,0.759319,46.407356,191.163315,-64.894524,2.447789,-74.399277,28.744757,84.500763,42.827801,1.0,14.552383,9.366131,157.167847,-114.517975
0.634407,-0.737993,-0.229988,0.454454,0.59676,-0.661324,-0.6253,-0.31503,-0.713972,59.88942,0.612831,0.486059,0.623044,-146.721741,74.985435,-291.789673,2.281687,0.0,-0.363002,-0.527176,0.76832,46.853104,189.244659,-63.926353,5.926054,-15.805438,3.03639,84.500763,40.067608,1.0,14.647903,10.068467,153.977249,-112.765297
0.638414,-0.723409,-0.262882,0.451267,0.628472,-0.633546,-0.623527,-0.285835,-0.727676,59.88942,0.622527,0.437526,0.64887,-145.242416,82.5476,-295.763641,2.930309,1.0,-0.364966,-0.571134,0.735259,48.500809,186.067459,-62.569576,16.880541,-21.147165,10.73103,84.500763,31.9275,1.0,14.74209,11.10329,154.218948,-113.303101
0.614122,-0.745429,-0.25921,0.471931,0.610109,-0.636434,-0.632562,-0.268519,-0.726473,59.88942,0.639023,0.475336,0.604735,-147.004211,83.872353,-292.661804,2.955707,1.0,-0.347342,-0.523152,0.778245,50.248093,185.46312,-62.407337,15.741265,-6.346548,2.437211,84.500763,31.686007,1.0,14.83746,11.607099,151.201874,-110.50309
0.629444,-0.73157,-0.261924,0.443299,0.614921,-0.652195,-0.638189,-0.29441,-0.711363,59.88942,0.640081,0.484661,0.596154,-147.759644,75.891769,-287.986847,2.909282,1.0,-0.32591,-0.531384,0.781929,51.029728,184.667755,-62.09771,1.934965,-10.248739,4.355484,84.500763,16.175661,1.0,14.932981,12.26253,149.713257,-109.616745
0.624589,-0.73595,-0.261278,0.456786,0.615639,-0.642133,-0.633431,-0.281721,-0.720693,59.88942,0.640607,0.476353,0.602255,-146.535202,78.743942,-290.437439,2.896294,1.0,-0.335936,-0.531417,0.777652,51.045841,183.752411,-61.772644,-1.710802,-5.403903,-0.085216,84.500763,18.969896,1.0,15.028249,12.293824,149.38385,-109.727875
0.619594,-0.739683,-0.262626,0.465826,0.615812,-0.635438,-0.631751,-0.271376,-0.726117,59.88942,0.641012,0.476378,0.601804,-146.073013,81.592491,-292.238739,2.958321,1.0,-0.339029,-0.527703,0.778838,51.104309,183.944,-62.197857,-0.867691,3.601376,-6.837683,84.500763,18.248232,1.0,15.123661,12.334741,149.638412,-110.169151
0.618065,-0.741831,-0.260158,0.469933,0.613948,-0.634216,-0.630205,-0.26973,-0.728071,59.88942,0.644921,0.481446,0.593538,-146.183197,82.88279,-293.102753,3.064314,1.0,-0.334995,-0.519962,0.78576,50.863678,185.162994,-63.032196,-5.188168,6.469483,-1.925991,84.500763,8.2694,1.0,15.219877,11.837038,150.515915,-110.543251
0.606174,-0.751558,-0.260219,0.492903,0.611771,-0.618695,-0.624179,-0.246774,-0.741285,59.88942,0.648741,0.463483,0.603587,-145.539276,89.323738,-296.503754,3.110039,1.0,-0.353233,-0.519129,0.778288,50.189346,184.628525,-62.411945,0.051023,-13.348822,7.043309,84.500763,7.207899,1.0,15.334177,10.97002,151.200775,-110.63102
0.608996,-0.750621,-0.256303,0.489933,0.610111,-0.62268,-0.62377,-0.253638,-0.73931,59.88942,0.650204,0.467534,0.598872,-145.397507,86.38398,-295.251587,3.080379,1.0,-0.349239,-0.516104,0.782092,50.323158,183.732162,-61.949959,7.026846,-12.208053,3.747215,84.500763,9.807937,1.0,15.42714,11.009154,149.982239,-109.874077
0.603414,-0.757742,-0.248433,0.479486,0.593703,-0.646228,-0.637169,-0.270823,-0.721575,59.88942,0.644938,0.477042,0.597064,-147.907654,80.306259,-290.436401,3.036012,1.0,-0.353865,-0.506056,0.786567,50.940392,182.749115,-61.969864,5.078811,-4.775435,-2.850003,84.500763,11.680026,1.0,15.52254,11.858748,148.21347,-109.505722
0.608013,-0.752566,-0.252911,0.484174,0.603941,-0.633112,-0.629202,-0.262487,-0.731577,59.88942,0.642096,0.466089,0.608665,-144.876358,83.6278,-294.2771,2.960721,1.0,-0.359023,-0.518686,0.77593,51.699421,183.171616,-62.48988,6.904609,11.127636,-7.040936,84.500763,14.459645,1.0,15.617956,12.892312,149.444977,-110.838425
0.606538,-0.753305,-0.254251,0.494835,0.607982,-0.620883,-0.622295,-0.250777,-0.741526,59.88942,0.640468,0.460718,0.614442,-142.557709,87.489464,-297.557892,2.984618,1.0,-0.365378,-0.520924,0.771451,52.112114,183.662628,-62.841831,3.113145,7.397127,-4.650828,84.500763,12.049232,1.0,15.713338,13.479012,150.370285,-111.62471
0.61628,-0.742332,-0.262947,0.486202,0.621303,-0.614484,-0.619521,-0.250849,-0.74382,59.88942,0.638282,0.457951,0.618771,-141.58107,87.958664,-298.524536,2.954866,1.0,-0.357537,-0.535491,0.765125,52.218197,183.860168,-62.887115,0.961536,0.873239,0.662527,84.500763,13.323657,1.0,15.80873,13.760264,150.857483,-112.01606
0.626299,-0.733625,-0.263713,0.476182,0.627837,-0.615688,-0.617253,-0.260029,-0.742552,59.88942,0.636991,0.462523,0.616697,-141.050217,85.356384,-298.11676,2.820518,1.0,-0.347915,-0.541392,0.765408,52.071884,183.849915,-62.895096,-3.529252,-2.058295,1.004504,84.500763,15.668583,1.0,15.904113,13.72228,150.557159,-111.926163
0.632184,-0.725593,-0.271769,0.462513,0.634801,-0.618958,-0.62163,-0.265599,-0.736908,59.88942,0.637534,0.464064,0.614976,-142.406113,83.425728,-296.410858,2.797903,1.0,-0.336813,-0.550024,0.764219,51.895317,183.372696,-62.701035,-1.923857,-2.574226,0.741416,84.500763,12.62145,1.0,16.000439,13.464037,150.022995,-111.635597
0.62739,-0.729976,-0.27114,0.467618,0.631598,-0.618399,-0.622668,-0.261188,-0.737608,59.88942,0.639889,0.46574,0.611252,-143.085251,84.002029,-296.209351,2.756554,1.0,-0.337721,-0.544053,0.768082,51.649414,182.952042,-62.544411,-2.974577,-4.225349,1.155249,84.500763,14.686704,1.0,16.094934,13.045093,149.493301,-111.258514
0.523779,-0.836449,-0.161272,0.655982,0.516828,-0.55007,-0.543455,-0.182324,-0.819399,59.88942,0.538544,0.312588,0.78247,-170.732254,123.078941,-310.167725,3.141593,1.0,-0.612707,-0.492197,0.61833,-3.132338,193.223297,-46.363659,5.438068,1.931394,10.18423,84.500763,40.459091,0.48008,16.771528,-34.464085,168.795486,-104.708275
0.509051,-0.832669,-0.21801,0.63987,0.535496,-0.55119,-0.575703,-0.141086,-0.805395,59.88942,0.520129,0.345329,0.781161,-177.060699,132.272507,-306.490631,3.141593,1.0,-0.596802,-0.507326,0.62165,-2.288417,193.427277,-46.461388,16.12146,10.958848,-8.949073,84.500763,38.548698,0.53637,16.866865,-32.706635,167.648987,-104.542603
0.590052,-0.790722,-0.163087,0.592978,0.561523,-0.577121,-0.54792,-0.243824,-0.800209,59.88942,0.518214,0.36663,0.772681,-168.575623,105.313293,-305.32016,3.141593,1.0,-0.559404,-0.538092,0.630495,-1.308637,194.186508,-47.063175,3.047622,3.667067,-4.550968,84.500763,31.838615,0.72956,16.962059,-31.187996,166.450821,-104.672607
0.597812,-0.78856,-0.144199,0.595743,0.557383,-0.578286,-0.536388,-0.2598,-0.802989,59.88942,0.517998,0.355601,0.777962,-165.546738,101.873993,-306.361481,3.141593,1.0,-0.56718,-0.538016,0.623575,-1.293179,194.282333,-47.079208,-3.060842,0.796413,0.47292,84.500763,28.261276,0.82579,17.057463,-31.050642,167.01741,-105.01664
0.583899,-0.797399,-0.152372,0.603221,0.551762,-0.57592,-0.543311,-0.244365,-0.80318,59.88942,0.51403,0.359675,0.778722,-167.998947,105.321426,-305.848785,3.141593,1.0,-0.57339,-0.531123,0.623805,-2.180967,194.001358,-46.533245,-6.954872,-9.570846,10.300324,84.500763,32.814941,0.716249,17.152857,-31.766855,166.594482,-104.456047
0.557008,-0.810182,-0.18261,0.606261,0.546937,-0.577329,-0.567618,-0.210867,-0.79583,59.88942,0.515174,0.357859,0.778802,-174.498749,113.757538,-303.638885,3.037102,1.0,-0.577145,-0.526927,0.623901,-2.243951,193.64267,-46.228523,1.305663,0.632698,-0.079694,84.500763,34.383492,0.667349,17.248362,-32.172001,166.631302,-104.089218
0.569197,-0.802648,-0.178245,0.597662,0.55279,-0.58071,-0.564637,-0.224008,-0.794358,59.88942,0.510333,0.371913,0.775397,-173.317017,109.275299,-302.850983,3.020145,1.0,-0.567915,-0.531325,0.628623,-2.179074,193.347488,-46.044712,2.033656,-12.308769,5.023891,84.500763,32.857666,0.658494,17.34532,-31.737505,165.443893,-103.670326
0.580387,-0.797594,-0.164299,0.593834,0.552585,-0.584817,-0.557236,-0.241854,-0.794351,59.88942,0.514009,0.377822,0.770095,-171.346436,103.579956,-302.355255,3.02742,1.0,-0.562258,-0.52961,0.635121,-1.914842,192.653717,-45.853382,0.934754,-8.034721,1.161661,84.500763,34.043396,0.630413,17.439211,-31.622686,164.223389,-103.1763
0.576174,-0.7991,-0.171645,0.594261,0.553763,-0.583267,-0.561139,-0.234061,-0.793938,59.88942,0.510664,0.380296,0.771101,-172.419617,105.092606,-302.20755,3.03664,1.0,-0.562587,-0.530406,0.634164,-2.184697,192.269882,-45.77018,-3.626118,-5.559337,3.539434,84.500763,33.608894,0.672049,17.551826,-31.717205,163.782104,-103.13224
0.562681,-0.803908,-0.19267,0.595,0.55564,-0.580723,-0.573903,-0.212123,-0.790973,59.88942,0.511616,0.372681,0.774182,-175.780853,110.906998,-301.504761,3.044065,1.0,-0.564412,-0.533593,0.629855,-2.142961,191.906387,-45.620964,3.314534,-3.172528,1.281904,84.500763,34.918293,0.681096,17.64798,-31.877945,164.095596,-103.172913
0.588379,-0.785243,-0.192882,0.575827,0.574379,-0.581818,-0.567656,-0.231263,-0.790117,59.88942,0.5093,0.378789,0.772743,-173.582062,105.526306,-301.336884,3.016191,1.0,-0.545661,-0.552217,0.630325,-1.768989,191.690292,-45.685722,-1.567908,-3.595432,-1.144356,84.500763,35.871754,0.661247,17.74254,-31.24579,163.514145,-103.219734
0.591785,-0.785175,-0.182456,0.581132,0.57242,-0.578464,-0.558637,-0.236296,-0.79504,59.88942,0.507282,0.374543,0.776133,-171.180496,104.164108,-302.768311,3.038769,1.0,-0.551581,-0.550862,0.626347,-1.84557,191.410141,-45.663712,4.329052,-7.014079,1.266021,84.500763,33.57518,0.740138,17.837957,-31.10553,163.413834,-103.416656
0.578339,-0.795958,-0.178813,0.594549,0.561326,-0.575695,-0.558601,-0.226634,-0.797873,59.88942,0.515164,0.370553,0.772849,-171.408295,106.227432,-303.244812,2.997735,1.0,-0.560163,-0.536916,0.630824,-1.546044,190.855698,-45.60593,-0.422209,1.227913,-2.613573,84.500763,34.451889,0.690272,17.933603,-31.342356,163.054581,-103.182793
0.577934,-0.793425,-0.190968,0.590099,0.567934,-0.57379,-0.563716,-0.218923,-0.796427,59.88942,0.511371,0.371038,0.775133,-172.616821,108.293732,-303.081726,2.987987,1.0,-0.556746,-0.544056,0.627723,-1.672842,190.875839,-45.670208,-3.528484,-1.96187,-0.379134,84.500763,33.985062,0.704972,18.028728,-31.268255,163.187317,-103.382248
0.572458,-0.79489,-0.2011,0.586769,0.568467,-0.576669,-0.572707,-0.212119,-0.791841,59.88942,0.50916,0.368649,0.777724,-175.068115,109.587502,-301.861084,2.991154,1.0,-0.557302,-0.54739,0.624323,-1.920142,190.230927,-45.487198,-0.495998,-9.792586,2.283588,84.500763,31.922588,0.774948,18.124088,-31.465111,162.775085,-103.311684
