-0.778732,-0.626942,-0.022818,-0.274025,0.372638,-0.886595,0.564346,-0.684168,-0.461983,59.504616,0.244089,0.194455,0.950057,105.242897,13.677074,-253.990234,1.682205,0.0,0.127439,-0.977625,0.167356,-20.517466,202.059235,-74.949715,-7.710062,-34.466316,27.891813,84.512985,58.949009,0.648003,0.96257,-36.284092,185.252884,-138.134094
-0.774153,-0.631743,-0.03984,-0.272487,0.389398,-0.879841,0.571347,-0.670276,-0.473595,59.504616,0.23504,0.177096,0.955716,106.607582,14.603553,-254.941376,1.687183,0.0,0.138491,-0.979331,0.147412,-21.499023,198.368164,-72.535339,-2.140945,-39.392345,20.542698,84.512985,59.14912,0.66643,1.057957,-36.675087,182.695633,-136.173019
-0.754362,-0.654404,-0.051893,-0.293547,0.406977,-0.864986,0.587169,-0.637279,-0.499106,59.504616,0.239422,0.17487,0.955038,111.164154,21.458395,-260.35611,1.679607,0.0,0.169917,-0.976013,0.136113,-20.728306,196.624466,-71.461754,19.781029,-9.242768,5.025952,84.512985,59.855618,0.630391,1.153594,-36.086376,181.275543,-135.190002
-0.752195,-0.657281,-0.04673,-0.302287,0.407212,-0.861859,0.585513,-0.63416,-0.504991,59.504616,0.248344,0.178035,0.952171,111.905441,22.215254,-261.863495,1.671666,0.0,0.172346,-0.975403,0.137428,-19.007771,196.760223,-71.668739,15.464113,9.505789,-4.458345,84.512985,60.343864,0.636465,1.248834,-34.929676,181.250214,-135.221786
-0.77004,-0.636856,-0.038126,-0.298619,0.412588,-0.86058,0.563796,-0.651296,-0.507886,59.504616,0.250134,0.200078,0.947313,107.123718,17.223171,-262.628052,1.677661,0.0,0.163831,-0.973053,0.162255,-17.975309,197.457825,-72.026588,13.731728,11.111638,-4.034828,84.512985,60.960377,0.669948,1.344128,-34.265125,180.555374,-135.260162
-0.792811,-0.608902,-0.02627,-0.281574,0.404166,-0.870268,0.540525,-0.682561,-0.491878,59.504616,0.240004,0.22624,0.944041,102.262154,8.613083,-258.946747,1.698274,0.0,0.149444,-0.969483,0.194344,-17.356049,198.477097,-72.657593,7.011246,10.751956,-9.439775,84.512985,60.667122,0.694683,1.439716,-33.290863,179.785873,-135.593384
-0.810382,-0.585718,-0.014671,-0.266633,0.390971,-0.880936,0.521717,-0.709983,-0.473007,59.504616,0.235165,0.240749,0.941667,97.862778,1.458824,-254.684433,1.710588,0.0,0.131025,-0.967847,0.214721,-17.160227,199.251984,-73.385384,0.989701,7.079022,-7.921289,84.512985,60.094883,0.71109,1.534932,-32.973503,179.508621,-136.063492
-0.804949,-0.593151,-0.015109,-0.273975,0.394151,-0.877259,0.526302,-0.702009,-0.47978,59.504616,0.237747,0.229583,0.943805,98.632973,4.036629,-256.872101,1.707466,0.0,0.139408,-0.969671,0.200758,-17.418337,199.135574,-73.717392,-4.066269,-8.213962,-3.435629,84.512985,60.406811,0.714711,1.63035,-33.353268,180.086792,-136.552673
-0.799347,-0.60057,-0.018978,-0.276863,0.396162,-0.875444,0.533284,-0.694529,-0.482946,59.504616,0.239288,0.220019,0.945692,100.184502,6.160055,-258.101685,1.705507,0.0,0.141829,-0.971461,0.190127,-17.607176,198.756882,-74.011299,-1.858099,-6.307063,-3.105606,84.512985,60.603298,0.716578,1.725714,-33.552662,180.334351,-136.988205
-0.792217,-0.609914,-0.019935,-0.284844,0.398479,-0.871824,0.539682,-0.684996,-0.489413,59.504616,0.246548,0.203921,0.947434,100.921234,9.353977,-259.982483,1.695304,0.0,0.144806,-0.974389,0.17204,-18.118364,198.526443,-74.137291,-7.938459,-0.136748,1.271238,84.512985,60.719219,0.704716,1.82134,-34.420319,181.137451,-137.247437
-0.783004,-0.621388,-0.027965,-0.291087,0.405786,-0.866375,0.549703,-0.670235,-0.49861,59.504616,0.246716,0.187035,0.950868,102.907875,13.939361,-262.485077,1.687496,0.0,0.155123,-0.976168,0.151763,-18.729916,198.316101,-74.05793,-3.767787,-0.43551,-2.2091,84.512985,60.36396,0.675403,1.916493,-34.946846,182.021103,-137.443512
-0.781749,-0.622718,-0.033028,-0.288034,0.407554,-0.866566,0.553086,-0.667924,-0.497969,59.504616,0.242069,0.185638,0.952335,104.00428,14.00194,-262.255737,1.691411,0.0,0.156456,-0.97615,0.150511,-18.796406,197.701736,-73.882065,0.744734,-10.311316,2.182679,84.512985,60.157833,0.66778,2.029219,-34.698944,181.504181,-137.374969
-0.777584,-0.627548,-0.039341,-0.293413,0.417476,-0.860013,0.556123,-0.657189,-0.508753,59.504616,0.243261,0.175469,0.953957,104.459908,16.715673,-264.91861,1.688224,0.0,0.164147,-0.976763,0.137806,-19.043287,197.036728,-73.678101,-4.339831,-4.848867,1.06319,84.512985,60.116776,0.667441,2.124608,-35.004841,181.525772,-137.333313
-0.770477,-0.635749,-0.046792,-0.293761,0.419241,-0.859035,0.565747,-0.648121,-0.509773,59.504616,0.236651,0.170387,0.956538,107.075218,19.194475,-265.399841,1.694652,0.0,0.174198,-0.975991,0.130755,-19.32543,196.91713,-73.712357,0.121921,1.387529,-1.358186,84.512985,59.623276,0.651271,2.221204,-34.803131,181.73053,-137.558701
-0.777019,-0.628152,-0.040831,-0.291526,0.416587,-0.861085,0.557902,-0.657176,-0.506819,59.504616,0.241218,0.1784,0.953933,105.386276,16.484558,-264.655945,1.692887,0.0,0.16379,-0.976342,0.141174,-18.706598,196.976501,-73.9039,5.019037,6.572295,-2.478693,84.512985,60.153053,0.664504,2.316156,-34.524544,181.291428,-137.555786
-0.784169,-0.619148,-0.041645,-0.285102,0.419072,-0.86203,0.551176,-0.664104,-0.505144,59.504616,0.238849,0.183024,0.953653,103.837723,14.908379,-264.345673,1.700922,0.0,0.156129,-0.976538,0.148313,-18.646929,197.423935,-74.033249,-3.434242,0.507592,-1.941444,84.512985,60.474201,0.672303,2.410779,-34.386459,181.452682,-137.665512
-0.85895,-0.511932,-0.011401,-0.354334,0.6103,-0.708507,0.369665,-0.604532,-0.705612,59.504616,0.48971,-0.037298,0.871087,74.909256,18.034931,-332.913635,1.32091,0.0,-0.07569,-0.997131,-0.000143,14.046103,170.075912,-96.917839,-9.304399,23.147169,3.890409,84.512985,62.291222,0.644398,3.375324,-17.795528,169.639755,-155.959976
-0.880163,-0.474279,-0.019293,-0.303078,0.592801,-0.746144,0.365318,-0.650881,-0.665505,59.504616,0.464993,-0.032633,0.884713,74.189667,7.647716,-323.368164,1.480064,0.0,-0.137115,-0.989917,0.035552,12.735767,171.709946,-96.64502,-10.984613,10.204391,8.223412,84.512985,59.497803,0.6401,3.468787,-17.42487,170.875931,-156.472641
-0.893212,-0.445894,-0.057893,-0.266072,0.62795,-0.731358,0.362462,-0.637854,-0.679532,59.504616,0.452814,-0.020429,0.891371,73.710869,10.948604,-326.037781,1.603184,0.0,-0.144516,-0.988199,0.050765,12.245632,172.173553,-95.256905,-2.42732,2.019085,15.976337,84.512985,55.424026,0.529514,3.565222,-17.187475,170.909851,-155.624496
-0.88252,-0.467037,-0.055085,-0.285439,0.625059,-0.726516,0.373742,-0.625442,-0.684938,59.504616,0.462228,-0.018761,0.886563,75.580727,14.420092,-326.203583,1.513202,0.0,-0.127747,-0.990756,0.045638,11.789941,172.616409,-94.35392,-5.36482,7.014888,2.206443,84.512985,54.103344,0.522083,3.659534,-18.146318,171.268555,-154.43457
-0.840242,-0.541078,-0.035048,-0.359857,0.60484,-0.710402,0.405581,-0.584297,-0.702923,59.504616,0.477147,-0.012318,0.878737,83.055298,23.034315,-329.07489,1.474319,0.0,-0.039448,-0.999194,0.007414,12.185938,171.483719,-93.221245,1.640856,-3.721514,3.991655,84.512985,55.389996,0.570448,3.756748,-18.65642,169.564621,-152.795609
-0.824743,-0.563509,-0.047505,-0.379766,0.614141,-0.691816,0.419019,-0.552529,-0.72051,59.504616,0.480956,-0.008227,0.876706,85.83358,31.13962,-333.292755,1.475364,0.0,-0.003654,-0.999966,-0.007379,11.80332,171.747681,-93.088608,-9.882838,8.253628,1.749248,84.512985,56.40501,0.63095,3.85033,-19.248219,169.703094,-152.603043
-0.819129,-0.57064,-0.058287,-0.379752,0.615647,-0.690483,0.429901,-0.543461,-0.720996,59.504616,0.475231,-0.007681,0.879828,88.420738,34.95063,-333.890381,1.45972,0.0,0.004978,-0.999922,-0.011418,11.233531,173.277069,-93.341713,-4.762542,27.243074,-8.575976,84.512985,57.526833,0.614302,3.9457,-19.390104,171.239853,-153.07872
-0.837516,-0.545705,-0.027805,-0.360094,0.589493,-0.72307,0.410973,-0.59557,-0.690215,59.504616,0.484893,0.00284,0.874569,82.952324,25.30377,-326.822388,1.444008,0.0,-0.051266,-0.998183,0.031666,11.068744,177.531509,-94.443138,2.18944,42.796276,-15.749032,84.512985,60.982548,0.575541,4.041062,-20.111673,174.661148,-153.729996
-0.86795,-0.495875,-0.027752,-0.318522,0.598654,-0.734954,0.381059,-0.629064,-0.677549,59.504616,0.48968,-0.000322,0.871902,75.243858,21.095551,-324.678253,1.50291,0.0,-0.118773,-0.990703,0.06634,11.18164,181.425537,-95.648796,1.351893,35.476597,-5.69812,84.512985,63.301243,0.590761,4.136953,-20.318333,178.852356,-154.762222
-0.868648,-0.495204,0.014929,-0.326917,0.550289,-0.768314,0.372257,-0.672276,-0.639899,59.504616,0.487071,0.026486,0.872961,73.347977,10.507472,-314.881836,1.463642,0.0,-0.121296,-0.987802,0.097647,11.438713,183.772049,-95.445053,9.730072,10.744884,6.212519,84.512985,60.021309,0.620927,4.249178,-20.006741,179.101028,-154.407837
-0.860995,-0.508299,0.017863,-0.352194,0.570499,-0.741951,0.366942,-0.645107,-0.670216,59.504616,0.493119,0.062381,0.867723,72.948982,15.389371,-321.67218,1.45033,0.0,-0.053531,-0.99336,0.101834,13.084256,183.989517,-94.933456,37.422173,3.831751,18.013765,84.512985,59.031597,0.678308,4.344627,-19.072824,177.169632,-153.595047
-0.814347,-0.576133,0.070066,-0.434184,0.524651,-0.732274,0.385127,-0.626747,-0.677396,59.504616,0.504951,0.141969,0.851393,78.202652,14.304031,-321.88208,1.82875,0.0,0.072283,-0.989871,0.12219,14.727913,183.618179,-94.542923,7.950173,-0.39269,0.017591,84.512985,57.30883,1.0,4.440158,-18.379633,171.479874,-152.004456
-0.796419,-0.597086,0.095938,-0.450846,0.48049,-0.752241,0.403056,-0.642353,-0.651866,59.504616,0.501242,0.14821,0.85252,82.953377,9.652945,-315.51535,1.815469,0.0,0.085627,-0.988882,0.121571,14.612481,183.610718,-94.662613,-4.712768,3.155015,0.23559,84.512985,56.754349,1.0,4.537761,-18.125051,170.742401,-152.040176
-0.801497,-0.593439,0.073707,-0.43775,0.498271,-0.748399,0.407403,-0.632105,-0.65914,59.504616,0.492788,0.144508,0.858066,83.399307,13.760895,-318.127289,1.726991,0.0,0.081623,-0.989442,0.119758,13.411768,184.76622,-95.009369,-18.718184,11.173119,-4.931206,84.512985,57.982552,1.0,4.630766,-18.769444,172.280396,-152.827866
-0.805161,-0.589593,0.063995,-0.426206,0.500224,-0.75374,0.412388,-0.634158,-0.654049,59.504616,0.475687,0.152377,0.866316,84.06469,13.687426,-317.782257,1.765512,0.0,0.088457,-0.988175,0.12524,11.797004,185.732285,-95.422691,-11.557571,2.080351,-1.172563,84.512985,57.10165,1.0,4.726159,-19.354115,172.721786,-153.759644
-0.795381,-0.601411,0.075321,-0.42795,0.469233,-0.77245,0.429217,-0.646626,-0.630593,59.504616,0.46496,0.170289,0.8688,88.488342,9.02698,-311.909241,1.828721,0.0,0.098793,-0.985178,0.140227,11.215206,185.51857,-95.379463,-5.322375,-4.645856,0.548692,84.512985,56.360126,0.923589,4.821873,-19.150789,171.188156,-153.768906
-0.780235,-0.619988,0.082756,-0.44586,0.458485,-0.768765,0.438683,-0.636715,-0.634154,59.504616,0.467736,0.167932,0.867769,90.458015,11.039454,-312.74826,1.750446,0.0,0.12014,-0.984752,0.125814,10.928658,184.980988,-95.40831,-2.830832,-6.139855,0.86071,84.512985,56.614803,0.957607,4.916967,-19.555037,170.715057,-153.714859
-0.7839,-0.616071,0.077182,-0.443468,0.468554,-0.764063,0.434554,-0.633177,-0.640508,59.504616,0.470872,0.166088,0.866426,88.732635,12.553266,-314.311279,1.747867,0.0,0.11501,-0.985293,0.12637,10.453526,185.401077,-95.421249,-6.842732,5.796438,0.544592,84.512985,56.592037,0.953121,5.012327,-20.244888,171.341614,-153.684525
-0.786546,-0.614181,0.064236,-0.435533,0.477983,-0.762787,0.437786,-0.627944,-0.643452,59.504616,0.468261,0.161763,0.868657,89.557968,14.699935,-315.255341,1.742176,0.0,0.107425,-0.986229,0.125749,10.254998,185.861847,-95.429573,0.518958,5.637301,-2.009073,84.512985,56.362679,0.937921,5.107749,-20.230047,172.175949,-153.890259
-0.7912,-0.608281,0.063212,-0.429175,0.478634,-0.765975,0.435673,-0.633169,-0.639755,59.504616,0.467694,0.165924,0.868177,89.125343,13.547463,-314.395538,1.739178,0.0,0.099417,-0.985865,0.134859,10.318427,186.257095,-95.529404,0.769774,3.411013,-1.995584,84.512985,56.24931,0.933898,5.204028,-20.132893,172.333786,-153.957596
-0.806689,-0.589091,0.047166,-0.413444,0.505527,-0.757302,0.422277,-0.630408,-0.651359,59.504616,0.482529,0.124916,0.866927,84.80024,16.283451,-317.299713,1.651501,0.0,0.050639,-0.992101,0.114767,10.209871,185.510986,-95.492622,-3.838939,-15.204853,-10.188464,84.512985,57.94231,0.8664,5.31589,-21.098421,174.377365,-153.951691
-0.828393,-0.560133,0.003915,-0.377225,0.552693,-0.743123,0.414084,-0.617074,-0.669144,59.504616,0.501596,0.053885,0.863422,81.587067,23.582701,-321.326996,1.536213,0.0,-0.04107,-0.99545,0.085984,9.902292,184.519943,-95.034363,0.609682,-8.656929,13.919032,84.512985,58.961098,0.657015,5.411344,-22.257141,178.332855,-153.518906
-0.827112,-0.561942,0.010339,-0.390663,0.56159,-0.729383,0.404065,-0.60732,-0.684027,59.504616,0.522613,0.037334,0.851753,78.441162,26.684687,-323.994202,1.525675,0.0,-0.05009,-0.995971,0.074389,10.570958,184.032944,-94.654404,9.410789,-2.696577,-0.861288,84.512985,61.026215,0.686892,5.506648,-22.890457,178.988663,-152.453568
-0.823596,-0.566735,0.022389,-0.405037,0.560061,-0.722687,0.397033,-0.60427,-0.690812,59.504616,0.522589,0.036028,0.851823,76.863518,27.783194,-325.621857,1.534525,0.0,-0.028353,-0.99782,0.059598,10.929549,184.403534,-94.623581,1.439383,6.856328,-1.418239,84.512985,62.194263,0.741976,5.603931,-22.704676,179.322311,-152.379639
-0.757772,-0.59783,-0.261499,-0.29721,0.67299,-0.677312,0.580903,-0.435527,-0.687653,59.504616,0.286627,0.054813,0.956473,87.264595,64.535278,-336.394714,1.725594,0.0,0.136061,-0.990571,0.015994,-40.169815,179.071747,-99.021736,1.79611,-5.921297,1.654276,84.512985,55.334293,0.648656,6.564591,-58.414558,173.756973,-163.944717
-0.755313,-0.597714,-0.268773,-0.296707,0.677553,-0.672969,0.584352,-0.428556,-0.68911,59.504616,0.286212,0.047082,0.957009,88.853859,65.882019,-336.779541,1.676785,0.0,0.135563,-0.990735,0.008198,-39.514301,178.130142,-98.995636,12.1067,-11.92455,-1.058967,84.512985,54.591148,0.579858,6.660186,-57.690037,173.355423,-163.964188
-0.738813,-0.606311,-0.29418,-0.299231,0.686279,-0.662935,0.603834,-0.401757,-0.688459,59.504616,0.281328,0.034123,0.959005,95.569458,71.664467,-335.973816,1.702268,0.0,0.143937,-0.989562,-0.007015,-38.185688,176.191422,-98.199127,14.391872,-25.791998,17.800669,84.512985,57.695992,0.594641,6.755379,-55.860302,172.417297,-163.321899
-0.745097,-0.591847,-0.307486,-0.296873,0.707144,-0.641727,0.597241,-0.386865,-0.702594,59.504616,0.280745,0.042813,0.958827,95.257576,73.75367,-338.418396,1.681355,0.0,0.146849,-0.989158,0.00117,-36.771767,174.884842,-97.035301,16.593424,-0.167757,12.759912,84.512985,58.525318,0.587894,6.850749,-54.5187,170.771912,-162.221558
-0.787671,-0.554782,-0.26794,-0.269943,0.701703,-0.659351,0.55381,-0.447023,-0.702471,59.504616,0.291336,0.056817,0.954932,84.36837,58.237583,-338.218781,1.63137,0.0,0.101118,-0.994471,0.02832,-35.768681,175.596222,-97.157135,6.290899,-0.771363,-0.714667,84.512985,58.86515,0.705511,6.946194,-54.51622,170.342224,-162.052917
-0.797386,-0.548134,-0.252438,-0.267465,0.695985,-0.666384,0.54096,-0.463847,-0.701575,59.504616,0.30639,0.04551,0.950818,80.888725,54.459377,-337.763275,1.607961,0.0,0.0794,-0.996597,0.022116,-35.068401,175.409698,-97.2332,7.080864,-0.900577,-5.021759,84.512985,58.712986,0.675532,7.041536,-54.773479,170.783096,-161.82193
-0.706416,-0.624859,-0.332456,-0.36667,0.724838,-0.583235,0.605417,-0.290106,-0.741154,59.504616,0.367837,-0.004789,0.929878,95.424973,99.926529,-344.957825,1.585259,0.0,0.158739,-0.984985,-0.067866,-33.612793,173.052689,-95.699226,5.391496,0.736965,15.12956,84.512985,53.206917,0.423332,7.137379,-56.40163,172.679321,-159.090912
-0.701804,-0.62251,-0.346341,-0.356401,0.727785,-0.585925,0.616806,-0.287768,-0.732625,59.504616,0.361779,0.010291,0.932207,99.310181,98.636284,-342.032471,1.722829,0.0,0.154281,-0.986812,-0.048981,-33.089962,171.999191,-94.756317,12.595956,-33.65023,11.700648,84.512985,51.320961,0.326169,7.232457,-55.37265,170.802795,-158.304398
-0.713924,-0.604554,-0.35331,-0.330742,0.735875,-0.590845,0.617189,-0.304964,-0.72531,59.504616,0.321852,-0.01054,0.946732,102.465126,93.649734,-340.591217,1.52988,0.0,0.15417,-0.986009,-0.063389,-32.376881,170.249374,-94.237091,23.250204,-36.670475,8.897137,84.512985,58.788826,0.640164,7.327715,-52.313862,170.128799,-158.69783
-0.765653,-0.54362,-0.343879,-0.287361,0.767346,-0.573239,0.575498,-0.340085,-0.743736,59.504616,0.301093,0.004068,0.953586,93.166039,84.994186,-346.300781,1.580623,0.0,0.125762,-0.991426,-0.03548,-31.998482,171.369095,-94.7976,1.598518,18.077135,-10.247036,84.512985,59.055099,0.709646,7.423117,-51.157688,170.280792,-159.786316
-0.797628,-0.469318,-0.378853,-0.233994,0.819711,-0.522802,0.55591,-0.328352,-0.763642,59.504616,0.339484,0.035225,0.939952,87.266434,87.554047,-350.911804,1.511252,0.0,0.059499,-0.998102,0.015914,-30.70631,172.173279,-95.14032,14.125889,-20.284187,16.80448,84.512985,56.038174,0.654556,7.536399,-52.144978,169.89827,-159.405472
-0.796435,-0.461996,-0.390194,-0.252119,0.840166,-0.480164,0.549662,-0.284044,-0.785615,59.504616,0.372394,0.019345,0.927873,84.268265,98.851517,-354.575714,1.466433,0.0,0.06723,-0.997718,-0.006181,-30.108112,170.988861,-94.031525,1.075805,-2.704746,10.146848,84.512985,49.519558,0.515267,7.633937,-53.576088,170.084137,-157.558853
-0.784296,-0.479178,-0.39404,-0.251565,0.826234,-0.504037,0.567093,-0.296187,-0.768557,59.504616,0.356543,0.020298,0.934058,88.760117,95.620453,-349.788666,1.496293,0.0,0.068756,-0.997623,-0.004566,-31.121332,171.019363,-93.167267,-13.281285,-3.755102,6.03897,84.512985,52.307777,0.464292,7.726613,-53.455559,169.898376,-157.049759
-0.796867,-0.42577,-0.428628,-0.220272,0.865383,-0.450103,0.562568,-0.264258,-0.783381,59.504616,0.346722,0.018484,0.937786,87.361229,103.770302,-353.653839,1.520251,0.0,0.060493,-0.998165,-0.002692,-31.923582,170.598648,-92.983498,-0.884217,-6.179161,0.846756,84.512985,53.768356,0.499791,7.822097,-53.71973,170.040909,-157.197327
-0.80007,-0.418535,-0.429787,-0.221988,0.872117,-0.436043,0.557324,-0.253457,-0.790664,59.504616,0.352032,0.013734,0.935887,85.610329,106.36235,-354.974731,1.523425,0.0,0.062511,-0.998005,-0.008868,-31.977432,170.092438,-92.589516,2.485007,-4.925406,2.973926,84.512985,54.248161,0.49653,7.917396,-54.155605,169.9245,-156.691772
-0.795433,-0.437714,-0.419158,-0.233619,0.859639,-0.454359,0.559204,-0.263489,-0.786044,59.504616,0.354874,0.016605,0.934767,86.312096,103.749817,-353.39035,1.525361,0.0,0.067302,-0.997702,-0.007827,-31.589296,170.323578,-92.260735,7.478499,4.084687,7.122529,84.512985,53.838161,0.50212,8.012808,-53.925289,169.827698,-156.266083
-0.795281,-0.443371,-0.413461,-0.231067,0.852211,-0.469409,0.560479,-0.277775,-0.780195,59.504616,0.353669,0.01848,0.935188,87.135376,99.642418,-351.668091,1.522131,0.0,0.0608,-0.998145,-0.003269,-31.197325,170.025955,-91.993767,3.5289,-7.903811,4.370446,84.512985,53.083824,0.519603,8.108262,-53.421646,169.302841,-156.010376
-0.797979,-0.438726,-0.413218,-0.226099,0.853475,-0.469532,0.558667,-0.281248,-0.78025,59.504616,0.353855,0.018396,0.935119,86.790619,98.566429,-351.551697,1.51862,0.0,0.055525,-0.998456,-0.001369,-31.074516,169.814102,-91.864685,-0.592771,1.767124,-0.582209,84.512985,51.492584,0.540858,8.20447,-53.31213,169.098022,-155.880264
-0.789917,-0.45815,-0.40759,-0.238306,0.841785,-0.484363,0.565014,-0.285476,-0.774121,59.504616,0.352638,0.017415,0.935598,88.793594,97.900726,-350.207855,1.512794,0.0,0.063378,-0.997975,-0.005312,-30.785238,170.268463,-92.059784,-0.331865,8.634229,-2.772633,84.512985,48.847366,0.546911,8.298965,-52.900829,169.492432,-156.073593
-0.793657,-0.465729,-0.391413,-0.242005,0.831982,-0.499239,0.558159,-0.301501,-0.773017,59.504616,0.361859,0.016603,0.932085,86.911118,94.794922,-350.247437,1.508045,0.0,0.05572,-0.998439,-0.003847,-30.358721,171.265518,-92.623047,2.516092,6.001171,-4.063011,84.512985,52.805031,0.539959,8.394423,-53.064137,170.405411,-156.389832
-0.790029,-0.478518,-0.383243,-0.252971,0.823866,-0.507198,0.558444,-0.303751,-0.771929,59.504616,0.366223,0.015002,0.930406,87.004089,94.053871,-349.739532,1.504864,0.0,0.06087,-0.998115,-0.007866,-30.069183,171.067535,-92.515923,5.895825,-5.265363,4.033043,84.512985,55.26527,0.520247,8.489805,-53.042767,170.22876,-156.15477
-0.754037,-0.54445,-0.367427,-0.311663,0.78898,-0.529505,0.578182,-0.284754,-0.764605,59.504616,0.373069,-0.000354,0.927803,92.348221,98.057571,-346.948242,1.479274,0.0,0.106919,-0.993321,-0.043371,-29.363354,169.582916,-91.81752,6.610339,-13.936435,7.813269,84.512985,55.261204,0.50651,8.6025,-52.648357,169.46817,-155.200195
-0.701779,-0.621452,-0.348287,-0.369255,0.735412,-0.568173,0.609227,-0.270125,-0.745571,59.504616,0.376414,-0.019562,0.926245,100.326355,102.712761,-341.724976,1.407496,0.0,0.15463,-0.984427,-0.08363,-29.225595,169.706375,-91.576065,2.604834,2.561333,2.461279,84.512985,54.02388,0.511269,8.697875,-52.455711,170.454773,-154.750488
-0.700155,-0.625027,-0.345142,-0.378236,0.734689,-0.563178,0.605574,-0.263767,-0.750804,59.504616,0.377266,-0.02165,0.925852,99.371353,104.844177,-342.687561,1.398246,0.0,0.165969,-0.981961,-0.090591,-29.13538,170.13736,-91.245872,-0.737509,3.538157,4.341125,84.512985,54.203373,0.50506,8.793241,-52.494701,170.99173,-154.400558
-0.717706,-0.5979,-0.35695,-0.361387,0.757982,-0.543012,0.595229,-0.260726,-0.760082,59.504616,0.381305,-0.015888,0.924313,96.272377,105.838654,-344.973694,1.399775,0.0,0.148821,-0.985756,-0.078337,-29.319313,170.520126,-91.260117,-4.674461,3.401473,-0.301042,84.512985,54.633289,0.500693,8.889754,-52.999256,171.223572,-154.360001
-0.751245,-0.542606,-0.375778,-0.319205,0.797017,-0.51271,0.577702,-0.265221,-0.771958,59.504616,0.375648,-0.011664,0.926689,91.193832,104.601418,-348.023804,1.414759,0.0,0.11571,-0.991506,-0.059385,-30.210936,170.408905,-91.111984,-10.872423,-6.042959,2.212497,84.512985,55.591339,0.507807,8.984017,-53.682396,171.113617,-154.431976
-0.799147,-0.430936,-0.419116,-0.24165,0.868687,-0.432422,0.550427,-0.244289,-0.798344,59.504616,0.365912,-2.8e-05,0.930649,83.867798,108.156166,-354.730286,1.446971,0.0,0.0712,-0.997068,-0.028024,-31.06851,168.749496,-90.783928,-9.481499,-18.361477,0.519855,84.512985,55.366829,0.527452,9.079457,-54.168488,169.419006,-154.521286
-0.843831,-0.536598,-0.003488,-0.401162,0.635141,-0.660049,0.356396,-0.55557,-0.751214,59.504616,0.569675,-0.037179,0.821029,51.213882,36.153385,-362.680481,1.629255,0.0,-0.084228,-0.996357,0.013324,-1.576891,175.304291,-118.201157,0.641486,-16.808964,8.860818,84.512985,49.722652,0.648279,9.842543,-38.163345,175.479538,-174.290649
-0.842766,-0.537349,-0.031645,-0.401614,0.666849,-0.627709,0.358401,-0.516303,-0.777805,59.504616,0.567334,-0.044281,0.822297,51.495396,46.027546,-369.070465,1.686221,0.0,-0.058764,-0.998185,-0.013209,-1.85644,174.623398,-117.756599,-5.251712,3.091522,3.225526,84.512985,48.69231,0.772566,9.938449,-38.384544,175.506119,-174.012314
-0.83462,-0.548073,-0.054995,-0.410614,0.685611,-0.601111,0.367158,-0.479118,-0.797271,59.504616,0.562025,-0.047224,0.825771,53.467968,56.304585,-374.446198,1.664578,0.0,-0.025002,-0.998883,-0.040108,-2.353654,175.219513,-117.974358,-4.005175,7.582529,-2.981978,84.512985,48.887852,0.793433,10.033348,-38.608002,176.457947,-174.506271
-0.834645,-0.548055,-0.054809,-0.410204,0.684929,-0.602167,0.367561,-0.480112,-0.796487,59.504616,0.558907,-0.045708,0.82797,53.387001,55.860523,-374.306183,1.680864,0.0,-0.021645,-0.998944,-0.040536,-2.706906,175.145676,-117.900703,-6.550097,-7.75662,1.43893,84.512985,49.245441,0.778037,10.128714,-38.789986,176.263306,-174.562943
-0.833889,-0.547842,-0.067071,-0.410363,0.696669,-0.588434,0.369096,-0.463165,-0.805758,59.504616,0.566847,-0.051996,0.82218,53.119061,59.900562,-375.900269,1.704187,0.0,-0.024705,-0.99863,-0.046122,-2.934361,174.358917,-117.478531,-5.618577,-4.51602,5.03219,84.512985,49.540073,0.767101,10.224185,-39.442844,176.05336,-173.83194
-0.83793,-0.541013,-0.071952,-0.399988,0.698436,-0.593462,0.371324,-0.4685,-0.80164,59.504616,0.571849,-0.053845,0.81859,52.627678,59.225243,-374.610596,1.680185,0.0,-0.04571,-0.998385,-0.03374,-3.807316,174.819534,-117.415016,-7.322286,8.312095,0.222561,84.512985,49.787392,0.813998,10.321438,-40.49316,176.715744,-173.575073
-0.846594,-0.531389,-0.030062,-0.398814,0.670755,-0.625328,0.352457,-0.51741,-0.779783,59.504616,0.572883,-0.032121,0.819008,47.740879,46.533009,-369.179047,1.548077,0.0,-0.058418,-0.998291,0.001711,-3.736776,176.103973,-117.569565,-1.524323,7.667931,-1.174754,84.512985,49.209351,0.936892,10.414882,-40.64835,176.289246,-173.624817
-0.852283,-0.522447,-0.025728,-0.388556,0.665258,-0.63754,0.350196,-0.533368,-0.769988,59.504616,0.571396,-0.033182,0.820004,47.500816,42.721043,-366.701477,1.39083,0.0,-0.077338,-0.996913,0.01355,-3.549016,176.279083,-117.500862,0.938183,-4.890831,3.991056,84.512985,48.794922,0.922168,10.510377,-40.321587,176.479172,-173.603638
-0.85082,-0.52486,-0.025067,-0.389434,0.66188,-0.640512,0.35277,-0.535198,-0.767539,59.504616,0.57379,-0.036247,0.8182,48.283684,42.697018,-366.131714,1.399276,0.0,-0.0837,-0.996385,0.014557,-3.328564,176.52327,-117.650688,4.781214,4.764935,-2.01707,84.512985,48.968395,0.871755,10.605775,-40.184158,176.914215,-173.647995
-0.854822,-0.518565,-0.019216,-0.385317,0.659103,-0.645844,0.347577,-0.544678,-0.763228,59.504616,0.575366,-0.036874,0.817064,46.751377,40.585938,-364.795654,1.431369,0.0,-0.094456,-0.995295,0.021597,-3.455423,176.783554,-117.481758,-5.595098,3.567998,5.569047,84.512985,48.700054,0.820043,10.70209,-40.414234,177.180359,-173.393158
-0.856855,-0.514668,-0.030261,-0.379942,0.67005,-0.637712,0.348487,-0.53493,-0.76968,59.504616,0.56464,-0.044447,0.824139,46.712559,43.769981,-366.046631,1.452722,0.0,-0.085806,-0.996299,0.005056,-4.314542,177.023956,-116.664169,-12.74653,5.423917,4.007894,84.512985,48.88858,0.839791,10.813784,-40.681141,177.919815,-173.026031
-0.844075,-0.529047,-0.087445,-0.375794,0.699949,-0.607331,0.382513,-0.479772,-0.789622,59.504616,0.541415,-0.055224,0.83894,55.219879,58.75959,-372.042542,1.419653,0.0,-0.047225,-0.998263,-0.035235,-5.912119,177.194565,-116.601738,-15.368282,-3.77439,-3.135863,84.512985,49.930637,0.824441,10.909163,-40.706951,179.076874,-174.020859
-0.838106,-0.532521,-0.118322,-0.382701,0.728545,-0.568122,0.38874,-0.430864,-0.814394,59.504616,0.552502,-0.055087,0.831689,54.681301,70.337143,-378.142059,1.444014,0.0,-0.025159,-0.998461,-0.049419,-7.361137,176.109528,-116.83976,-13.767927,-6.995427,-6.119573,84.512985,50.72744,0.850014,11.004788,-42.807003,178.389359,-173.908035
-0.872112,-0.475537,-0.115261,-0.342871,0.761973,-0.549397,0.349084,-0.439616,-0.827573,59.504616,0.572986,-0.071283,0.816459,42.133953,69.387115,-380.904419,1.387175,0.0,-0.080917,-0.996263,-0.030194,-8.578228,176.064072,-117.212029,-11.392744,5.457753,1.802964,84.512985,50.957752,0.867002,11.100178,-45.409534,179.634247,-173.365265
-0.84927,-0.514504,-0.118431,-0.368677,0.738504,-0.564525,0.377912,-0.435772,-0.816876,59.504616,0.556199,-0.068044,0.828259,50.057262,70.456451,-378.486206,1.430846,0.0,-0.048322,-0.997604,-0.049506,-9.028661,176.587524,-116.767433,1.832872,4.419317,2.279455,84.512985,52.043827,0.85753,11.195353,-44.715614,179.739441,-173.629852
-0.870089,-0.485122,-0.087186,-0.342672,0.722513,-0.600459,0.354289,-0.492576,-0.794889,59.504616,0.555244,-0.050645,0.830144,45.574348,54.945366,-372.652954,1.411171,0.0,-0.087246,-0.996184,-0.00242,-7.542426,176.660904,-116.40799,21.823172,-14.236418,6.313853,84.512985,52.312607,0.854274,11.290757,-43.274338,178.473816,-173.310486
-0.849313,-0.521382,-0.082632,-0.377337,0.709076,-0.595674,0.369166,-0.474734,-0.798964,59.504616,0.549969,-0.050128,0.833679,50.936779,57.913483,-373.512634,1.436553,0.0,-0.043774,-0.998555,-0.031165,-6.191083,175.330429,-116.056847,6.748359,1.929487,0.186448,84.512985,52.055523,0.866974,11.387366,-41.642838,176.967407,-173.148056
-0.844005,-0.528653,-0.090448,-0.382819,0.711909,-0.588758,0.375639,-0.46229,-0.803233,59.504616,0.545526,-0.05455,0.836317,52.960316,61.298065,-374.809509,1.437754,0.0,-0.031081,-0.99851,-0.044856,-6.068954,175.295456,-116.104958,-2.648346,-0.163395,-1.539976,84.512985,53.816284,0.892398,11.4815,-41.242657,177.231232,-173.37442
-0.846021,-0.525525,-0.08985,-0.382303,0.715438,-0.584802,0.37161,-0.460404,-0.806185,59.504616,0.545601,-0.053384,0.836343,51.908092,61.581646,-375.44931,1.444962,0.0,-0.028341,-0.998574,-0.045251,-6.05077,175.164902,-116.004677,0.531719,-2.664275,2.303762,84.512985,53.852615,0.901282,11.576948,-41.284328,177.042007,-173.273972
-0.842697,-0.52983,-0.095615,-0.385722,0.718042,-0.57934,0.375607,-0.451327,-0.809458,59.504616,0.542909,-0.05763,0.837812,53.037159,64.102203,-376.393097,1.438406,0.0,-0.020614,-0.998257,-0.055308,-6.094112,175.121475,-116.024597,-1.690076,2.542675,-3.108567,84.512985,53.668571,0.894451,11.672338,-41.157822,177.286148,-173.396805
-0.834764,-0.541101,-0.101876,-0.392614,0.714678,-0.57887,0.386036,-0.443221,-0.809031,59.504616,0.542773,-0.054771,0.838092,55.328285,66.059029,-376.352783,1.451605,0.0,-0.011283,-0.998257,-0.057932,-6.507635,175.198807,-116.05777,-3.817579,0.344641,-0.836887,84.512985,53.820965,0.909721,11.767686,-41.481838,177.210266,-173.463669
-0.837436,-0.532215,-0.124294,-0.380322,0.730808,-0.566812,0.392501,-0.427396,-0.814417,59.504616,0.55361,-0.055353,0.830935,55.946888,69.799011,-377.195251,1.454371,0.0,-0.028004,-0.998462,-0.047855,-7.029855,174.626526,-115.91581,-6.197144,-11.646306,1.482392,84.512985,54.801777,0.909054,11.880399,-42.484623,176.981598,-172.955399
-0.848613,-0.513334,-0.127844,-0.365124,0.743225,-0.560626,0.382805,-0.429075,-0.818141,59.504616,0.559677,-0.058952,0.826611,53.165565,69.250496,-377.779938,1.434297,0.0,-0.047159,-0.998116,-0.039253,-7.001247,174.152527,-115.812874,0.069826,-4.762298,0.38019,84.512985,55.441685,0.876338,11.975812,-42.834423,176.854202,-172.606277
-0.853095,-0.505777,-0.128131,-0.359889,0.748223,-0.557353,0.377767,-0.429362,-0.820329,59.504616,0.559928,-0.063241,0.826124,51.996922,69.196022,-378.239319,1.434193,0.0,-0.052846,-0.997779,-0.040563,-6.859454,173.877563,-115.752831,0.971157,1.844499,-0.323276,84.512985,55.221859,0.872755,12.07118,-42.739677,176.871597,-172.51683
-0.857021,-0.500362,-0.123099,-0.357281,0.749171,-0.557757,0.371302,-0.434028,-0.820825,59.504616,0.556607,-0.062353,0.828432,50.455765,67.911629,-378.500793,1.435891,0.0,-0.051796,-0.997844,-0.040303,-6.89369,173.865601,-115.7649,0.038193,-1.221017,0.832052,84.512985,55.042362,0.878465,12.166577,-42.659565,176.757416,-172.653961
-0.858355,-0.492943,-0.142245,-0.35407,0.769791,-0.531089,0.371296,-0.405498,-0.835291,59.504616,0.562985,-0.079064,0.822677,49.447262,75.832802,-381.936798,1.41116,0.0,-0.053551,-0.996812,-0.059152,-7.543589,173.333435,-115.881599,-10.753042,-7.935466,-2.459983,84.512985,55.035927,0.869119,12.261977,-43.666382,177.523849,-172.462296
-0.885408,-0.436484,-0.159796,-0.319686,0.821403,-0.472332,0.337422,-0.367122,-0.866815,59.504616,0.574877,-0.1086,0.811001,39.088543,87.454338,-389.391876,1.368952,0.0,-0.076134,-0.993953,-0.079132,-8.454919,172.996811,-116.119514,-4.425977,-3.56413,1.522813,84.512985,54.034725,0.816311,12.357386,-45.5303,179.521317,-172.011765
-0.878162,-0.451781,-0.157242,-0.331903,0.812154,-0.47984,0.344487,-0.369189,-0.86315,59.504616,0.574226,-0.108859,0.811428,40.700779,86.684036,-388.098755,1.522005,0.0,-0.069749,-0.994022,-0.083995,-8.698287,172.815628,-115.727051,-0.675614,-4.31443,6.029449,84.512985,53.284588,0.807743,12.454184,-45.689816,179.269318,-171.637604
-0.808046,-0.555216,0.196969,-0.445782,0.357668,-0.82058,0.38515,-0.750872,-0.536518,59.504616,0.484808,0.203674,0.850575,72.903191,13.485846,-297.162994,1.737659,0.0,0.07018,-0.978431,0.194289,8.270553,219.188522,-106.135193,-2.452719,22.462749,-11.849291,84.512985,56.952415,0.933027,13.259245,-23.684898,201.789719,-162.614914
-0.816142,-0.563372,0.128549,-0.413687,0.414317,-0.810682,0.403455,-0.71481,-0.571201,59.504616,0.453449,0.18303,0.872286,79.034264,24.098227,-307.438751,1.77949,0.0,0.073801,-0.983037,0.167904,7.773536,219.102615,-105.99176,-6.03778,-3.072428,3.188674,84.512985,59.508255,0.904978,13.354659,-22.144327,203.358582,-164.192795
-0.831498,-0.53857,0.136211,-0.406297,0.422355,-0.810271,0.378858,-0.729081,-0.570007,59.504616,0.47718,0.184224,0.859279,71.296822,18.808372,-305.474518,1.747151,0.0,0.032021,-0.980776,0.19249,7.727649,217.281189,-105.135498,3.053439,-21.400007,5.847085,84.512985,57.647884,0.923221,13.450229,-23.713263,201.647568,-162.528
-0.817946,-0.555265,0.150484,-0.425717,0.408264,-0.807518,0.386949,-0.72457,-0.570323,59.504616,0.480906,0.189759,0.855991,73.381561,18.607388,-304.805756,1.711496,0.0,0.055875,-0.980947,0.186068,7.992748,216.412537,-104.651115,2.5634,-6.559044,4.850941,84.512985,55.594498,0.922395,13.545439,-23.657745,200.315308,-161.779892
-0.811082,-0.564541,0.153101,-0.425602,0.390024,-0.816544,0.401259,-0.727444,-0.556611,59.504616,0.473752,0.190904,0.859718,77.884796,17.860777,-301.767456,1.773492,0.0,0.058642,-0.980894,0.185496,8.335858,216.568237,-104.867355,1.202486,7.350781,-4.658583,84.512985,55.559673,0.891131,13.643549,-22.743141,200.289505,-162.180328
-0.816687,-0.559541,0.141196,-0.411561,0.393228,-0.822185,0.404525,-0.729579,-0.55143,59.504616,0.465179,0.185473,0.865568,79.244766,17.919962,-301.18927,1.762899,0.0,0.045527,-0.981522,0.185852,8.292273,216.791656,-105.191872,-0.155056,-6.088555,2.453602,84.512985,55.992325,0.88403,13.737765,-22.202084,200.883942,-162.901489
-0.815786,-0.56243,0.134778,-0.417588,0.411576,-0.810077,0.400141,-0.717132,-0.570622,59.504616,0.472048,0.182218,0.862536,77.173981,21.350218,-306.146851,1.749994,0.0,0.052719,-0.982489,0.178707,7.796497,216.768875,-105.440948,-7.932942,-6.003313,-0.987333,84.512985,55.98077,0.91373,13.832171,-23.173431,201.192734,-163.04599
-0.811483,-0.566999,0.141449,-0.444355,0.441493,-0.779508,0.379532,-0.695411,-0.610213,59.504616,0.500619,0.1546,0.851751,69.492081,27.779524,-315.283264,1.695717,0.0,0.060479,-0.987765,0.143741,7.211611,215.87912,-105.224258,-3.439679,-15.117139,3.002072,84.512985,55.985252,0.960633,13.926972,-25.687065,202.17482,-162.25386
-0.804621,-0.573138,0.155232,-0.459248,0.434953,-0.774537,0.376398,-0.694499,-0.613185,59.504616,0.514106,0.153677,0.843847,67.85804,27.436155,-315.189178,1.649389,0.0,0.063731,-0.987943,0.141092,7.195418,215.273499,-104.908524,-1.212786,-5.571443,2.792414,84.512985,56.037529,1.0,14.022432,-26.535162,201.602814,-161.414383
-0.80822,-0.563593,0.170715,-0.45805,0.419469,-0.783732,0.370096,-0.711624,-0.597177,59.504616,0.516965,0.157039,0.841478,65.865402,22.407448,-310.645721,1.680406,0.0,0.051609,-0.986958,0.152483,6.98481,214.865097,-104.628952,-1.507356,-0.818155,1.502131,84.512985,56.106983,1.0,14.135104,-26.94746,200.868774,-160.885529
-0.806086,-0.564789,0.176741,-0.461964,0.413861,-0.784416,0.369883,-0.713955,-0.59452,59.504616,0.516727,0.153511,0.842275,65.652115,21.515316,-309.794495,1.686085,0.0,0.054738,-0.987705,0.146435,6.827108,214.418213,-104.431183,-2.469267,-7.287705,3.897549,84.512985,56.162663,1.0,14.230502,-27.107395,200.561264,-160.700531
-0.800292,-0.572485,0.178308,-0.470881,0.415943,-0.777986,0.371219,-0.706578,-0.602448,59.504616,0.524694,0.142157,0.839337,65.168922,23.220234,-311.495209,1.669649,0.0,0.054789,-0.989554,0.133349,6.458348,213.540878,-104.294418,-4.619255,-8.89091,2.404146,84.512985,56.173878,1.0,14.326026,-27.925564,200.416107,-160.413025
-0.79959,-0.576306,0.168899,-0.472744,0.430579,-0.76884,0.370362,-0.694603,-0.616731,59.504616,0.529181,0.129941,0.838501,64.276161,26.691965,-315.030853,1.611144,0.0,0.052948,-0.991335,0.12021,6.042902,213.134399,-104.214371,-3.081293,-3.014717,-1.878079,84.512985,55.94685,1.0,14.421353,-28.603479,200.884872,-160.36673
-0.794568,-0.586012,0.158905,-0.477134,0.440776,-0.760302,0.375505,-0.679931,-0.629833,59.504616,0.530077,0.120856,0.839293,65.23999,30.942919,-318.428345,1.550394,0.0,0.060537,-0.992659,0.104707,5.733913,213.06279,-104.199303,-4.405279,-1.84762,1.308139,84.512985,56.165436,1.0,14.516675,-28.929371,201.456284,-160.478622
-0.789958,-0.595884,0.14453,-0.479157,0.452846,-0.751891,0.38259,-0.663215,-0.643251,59.504616,0.528303,0.116198,0.841067,66.786652,35.318325,-321.810211,1.563682,0.0,0.070702,-0.993171,0.092801,5.349676,212.848404,-104.015854,-6.337295,-2.725988,0.279111,84.512985,56.705017,1.0,14.61208,-29.159348,201.639526,-160.49556
-0.788561,-0.600681,0.131732,-0.477941,0.463843,-0.745937,0.386967,-0.651177,-0.652859,59.504616,0.529131,0.115793,0.840602,67.517326,37.91803,-324.023254,1.564589,0.0,0.072357,-0.993194,0.091266,4.981647,212.26413,-103.76873,-3.414855,-8.150111,1.534895,84.512985,56.409752,1.0,14.709475,-29.52651,201.220413,-160.299057
-0.789411,-0.60025,0.128571,-0.478566,0.4706,-0.741289,0.384453,-0.646712,-0.658756,59.504616,0.534108,0.116757,0.837315,66.314369,38.560497,-325.17514,1.560616,0.0,0.069905,-0.993125,0.093893,4.715965,211.75705,-103.612686,-2.219852,0.454278,-1.048638,84.512985,56.178619,1.0,14.805835,-30.098959,200.743118,-159.972046
-0.785991,-0.604531,0.129464,-0.481236,0.466791,-0.741969,0.388111,-0.645484,-0.657815,59.504616,0.531561,0.123553,0.83796,67.132523,38.566273,-324.932983,1.556621,0.0,0.079336,-0.992217,0.095971,4.456934,211.906342,-103.577805,-0.722907,3.181187,-2.704589,84.512985,56.30093,1.0,14.898221,-30.198021,200.440903,-159.965851
-0.785268,-0.605398,0.129796,-0.479518,0.462039,-0.746044,0.391683,-0.648084,-0.653124,59.504616,0.52365,0.130651,0.841856,68.276459,38.069748,-324.243927,1.560029,0.0,0.088413,-0.991169,0.09883,4.234066,212.573227,-103.850189,-3.018503,10.480117,-5.073223,84.512985,56.52367,1.0,14.993634,-29.950003,200.596558,-160.453262
-0.338787,-0.803391,-0.48968,-0.817237,0.509166,-0.269951,0.466205,0.308729,-0.829059,59.504616,0.564011,-0.225827,0.794288,75.448181,220.560333,-355.335266,1.760302,0.0,0.606323,-0.539741,-0.583996,-5.630096,129.121948,-92.089523,-15.486846,-14.28411,2.793573,84.512985,54.627563,0.931278,15.800137,-41.466854,143.137161,-147.423462
-0.60956,-0.64581,-0.459745,-0.654116,0.737379,-0.168537,0.447849,0.197993,-0.871912,59.504616,0.540626,-0.208962,0.814898,69.69902,193.325287,-367.916443,1.983285,0.0,0.399644,-0.788587,-0.467349,-7.581118,129.423676,-93.213432,-10.709204,1.186046,-9.390553,84.512985,53.016121,1.0,15.895475,-42.612743,143.672409,-149.258133
-0.861753,-0.471345,-0.187655,-0.477136,0.878685,-0.015935,0.172401,0.075805,-0.982106,59.504616,0.518162,-0.272233,0.810801,-1.44951,165.927414,-395.972748,2.168082,0.0,0.252064,-0.85728,-0.448926,-8.16545,129.160461,-94.122826,-4.852024,2.781926,2.950738,84.512985,53.360371,1.0,15.990882,-44.684208,146.916885,-149.679932
-0.744022,-0.609061,-0.274728,-0.609923,0.786993,-0.09293,0.272809,0.098421,-0.957021,59.504616,0.511553,-0.280902,0.812039,25.533581,172.803482,-388.902924,1.907186,0.0,0.376326,-0.77635,-0.505627,-7.620409,130.742157,-92.816505,-3.19434,7.56735,12.332038,84.512985,51.130283,1.0,16.087843,-42.881596,148.121307,-148.90097
-0.804948,-0.563357,-0.186249,-0.543159,0.825965,-0.150864,0.238825,-0.020275,-0.970851,59.504616,0.497378,-0.276829,0.82218,16.72603,142.352844,-391.843048,1.878908,0.0,0.298295,-0.835364,-0.461722,-8.420445,130.750046,-91.684242,-6.103804,3.260748,11.294931,84.512985,43.838997,0.916551,16.181643,-43.16671,147.437363,-148.372711
-0.815192,-0.537978,-0.214571,-0.513011,0.842636,-0.163661,0.268851,-0.023338,-0.962899,59.504616,0.490114,-0.283459,0.824281,24.604998,143.09935,-390.277802,2.399594,0.0,0.264708,-0.852585,-0.450586,-8.85364,131.554031,-91.988312,-2.015626,-19.288216,-17.742367,84.512985,37.164959,0.908006,16.294365,-42.817661,148.951965,-148.801666
-0.865541,-0.478666,-0.147368,-0.466352,0.877561,-0.111368,0.182632,-0.027669,-0.982792,59.504616,0.475147,-0.295837,0.828683,3.655341,143.499329,-395.78244,3.141593,1.0,0.236642,-0.864124,-0.444174,-8.199322,132.114243,-92.34993,5.076347,11.548875,0.004156,84.512985,22.228676,1.0,16.390308,-42.145267,150.43808,-149.317535
