0.216661,-0.911791,-0.348848,0.259836,0.398305,-0.879681,-0.941033,-0.099949,-0.323213,57.844364,0.355614,-0.028248,0.934206,-242.96669,185.212128,-220.353912,1.613969,0.0,-0.778735,-0.561676,0.279449,19.483643,213.365982,-75.234444,-14.553002,5.638481,-0.977794,84.840858,61.534485,0.907123,2.670986,-6.058506,210.374741,-138.983887
0.238154,-0.907732,-0.345407,0.233967,0.398786,-0.886696,-0.942625,-0.130356,-0.307352,57.844364,0.368844,-0.027171,0.929094,-245.364883,178.172195,-216.731674,1.632734,0.0,-0.768887,-0.570568,0.288556,18.336721,214.308533,-75.974266,-3.710074,-3.20389,-7.928611,84.840858,60.509323,0.888987,2.783647,-8.055923,210.989868,-139.354797
0.24013,-0.905434,-0.350038,0.235539,0.404158,-0.883843,-0.941732,-0.129789,-0.310316,57.844364,0.372609,-0.027258,0.927588,-245.633408,178.927765,-217.7099,1.61588,0.0,-0.76574,-0.573685,0.290737,18.039108,214.8797,-76.257072,-0.991106,1.959655,5.717671,84.840858,60.195938,0.868382,2.879296,-8.549309,211.602676,-139.586914
0.270564,-0.897911,-0.347204,0.234622,0.411283,-0.880795,-0.933674,-0.15685,-0.321947,57.844364,0.365704,-0.019464,0.930528,-242.422577,170.525223,-219.162766,1.607689,0.0,-0.754389,-0.591763,0.284102,18.592033,213.905548,-74.534958,7.958191,-7.567889,13.8409,84.840858,61.15398,0.88419,2.988213,-7.366953,210.012604,-138.11142
0.293993,-0.888599,-0.352079,0.233004,0.423874,-0.875237,-0.926972,-0.175277,-0.331663,57.844364,0.375863,-0.004675,0.926664,-239.128998,164.072754,-220.032135,1.615283,0.0,-0.734705,-0.610926,0.29492,20.613621,213.018661,-73.102219,28.223707,-1.474412,7.781292,84.840858,62.700851,0.907669,3.069822,-5.760695,208.199402,-136.534851
0.276512,-0.88736,-0.368963,0.25735,0.438282,-0.861208,-0.925912,-0.143182,-0.349552,57.844364,0.384186,-0.010374,0.923198,-238.025894,172.800323,-224.023682,1.629038,0.0,-0.738091,-0.604155,0.300365,21.911901,213.014847,-72.628197,6.153003,-6.309773,7.013999,84.840858,62.493664,0.90306,3.165324,-4.924589,208.846863,-136.022812
0.268947,-0.890438,-0.367135,0.268348,0.435361,-0.859331,-0.925017,-0.132595,-0.356036,57.844364,0.384256,-0.004376,0.923216,-237.455627,175.600708,-225.82431,1.635666,0.0,-0.740279,-0.598994,0.305275,22.235441,213.447388,-72.777008,1.99649,6.019919,-4.963077,84.840858,61.984028,0.895724,3.260638,-4.579509,208.981873,-136.190979
0.286446,-0.883145,-0.371489,0.261376,0.44506,-0.856507,-0.921754,-0.148245,-0.358319,57.844364,0.384738,-0.001489,0.923024,-236.523682,172.177933,-226.830124,1.629533,0.0,-0.728891,-0.614014,0.302828,22.274843,214.170776,-73.183624,-1.441931,8.558753,-4.778948,84.840858,62.372654,0.913075,3.356043,-4.468972,209.499069,-136.622223
0.304518,-0.876631,-0.37254,0.254384,0.451758,-0.855105,-0.917909,-0.165627,-0.360569,57.844364,0.386084,0.00613,0.922443,-235.920349,167.933136,-227.721405,1.632543,0.0,-0.716262,-0.628152,0.303963,21.882652,214.821594,-73.520882,-8.034923,1.730562,-1.115429,84.840858,62.694851,0.911995,3.451372,-4.833656,209.63031,-136.946915
0.30993,-0.873289,-0.375912,0.247302,0.455819,-0.855027,-0.918033,-0.172035,-0.357238,57.844364,0.384752,0.00581,0.923002,-236.19072,166.452423,-226.899567,1.621307,0.0,-0.710494,-0.636469,0.300175,21.547379,214.925232,-73.519547,-4.722285,-5.9862,2.951953,84.840858,63.504681,0.923384,3.546757,-5.072845,209.762726,-136.963638
0.312899,-0.869903,-0.381266,0.252294,0.463127,-0.849624,-0.915665,-0.169656,-0.364384,57.844364,0.382082,0.004245,0.924119,-235.684296,166.792023,-228.463394,1.608784,0.0,-0.708125,-0.641176,0.295723,21.230581,214.495285,-73.160988,-1.151092,-4.081315,2.861215,84.840858,64.110413,0.945735,3.643152,-5.162726,209.503403,-136.728622
0.313009,-0.871053,-0.37854,0.257853,0.461536,-0.848821,-0.914077,-0.168081,-0.369068,57.844364,0.3817,0.003928,0.924278,-235.218597,166.83287,-229.398117,1.613783,0.0,-0.711822,-0.63663,0.296668,21.256615,214.146301,-72.878151,-0.60865,1.503343,0.519329,84.840858,63.691032,0.947145,3.737568,-5.096609,209.147827,-136.483978
0.319941,-0.868229,-0.379231,0.257764,0.464939,-0.846988,-0.911699,-0.173234,-0.372551,57.844364,0.376336,0.004744,0.926471,-234.758835,165.295044,-230.082733,1.611152,0.0,-0.708365,-0.643054,0.291034,20.729704,213.949142,-72.540413,-12.119862,-3.9184,9.927125,84.840858,63.830475,0.953519,3.83363,-5.235513,208.907227,-136.291779
0.341046,-0.862927,-0.372886,0.248593,0.465336,-0.849508,-0.906581,-0.197025,-0.373219,57.844364,0.373818,0.017021,0.927346,-234.404327,158.281509,-229.790024,1.609846,0.0,-0.695435,-0.656417,0.292382,19.522659,213.802582,-72.046371,-9.099889,3.825286,-0.047111,84.840858,63.71851,0.962828,3.945653,-6.169573,207.883102,-135.830963
0.345442,-0.860875,-0.373582,0.244595,0.466923,-0.849798,-0.906004,-0.20218,-0.371861,57.844364,0.374363,0.00924,0.927236,-235.052094,157.302856,-229.486313,1.612431,0.0,-0.697799,-0.655729,0.288264,18.779055,213.710876,-72.073128,-5.3884,1.113975,-1.622396,84.840858,63.163105,0.958952,4.041058,-6.962638,208.202225,-135.869141
0.334814,-0.86448,-0.374932,0.247592,0.464627,-0.850188,-0.909174,-0.191825,-0.369602,57.844364,0.377883,0.009173,0.925808,-236.645889,159.657303,-228.574356,1.617722,0.0,-0.701272,-0.650045,0.292676,18.257021,213.397369,-71.830147,-1.267001,-7.200567,5.728832,84.840858,62.769531,0.944301,4.136445,-7.758279,207.949753,-135.525833
0.348448,-0.857854,-0.377716,0.248225,0.473037,-0.845352,-0.903863,-0.200803,-0.377769,57.844364,0.377087,0.020393,0.925953,-235.228165,155.826416,-229.76207,1.617979,0.0,-0.687584,-0.663643,0.294629,18.141964,212.467545,-70.907021,-1.110757,-9.648005,7.266311,84.840858,63.528996,0.945502,4.231861,-7.677674,206.379288,-134.657349
0.364374,-0.851633,-0.376765,0.252639,0.479806,-0.840214,-0.896328,-0.210967,-0.389985,57.844364,0.372703,0.018287,0.927771,-233.060257,152.55043,-232.834351,1.616135,0.0,-0.685546,-0.668396,0.288571,18.014921,211.679794,-70.702232,-0.749125,-9.502426,-2.625029,84.840858,63.65472,0.957498,4.327343,-7.406603,205.662048,-134.654373
-0.031109,-0.882495,-0.469292,0.314087,0.437104,-0.842786,-0.948884,0.173617,-0.263582,57.844364,0.275991,-0.193912,0.941396,-287.665802,222.552002,-204.883743,1.659544,0.0,-0.871269,-0.464047,0.159845,-27.239073,169.141083,-74.559265,-29.981108,5.271891,11.147664,84.840858,57.624722,0.855809,5.26381,-48.781055,178.843338,-138.52597
-0.040808,-0.89256,-0.449079,0.304583,0.416949,-0.856378,-0.951611,0.171729,-0.254844,57.844364,0.258893,-0.196233,0.945763,-288.867706,223.106293,-202.447769,1.714807,0.0,-0.884317,-0.442012,0.150361,-28.606829,170.184235,-74.15435,-1.181776,20.247576,-4.510934,84.840858,56.619232,0.864699,5.360983,-49.296467,179.872879,-138.29007
-0.04065,-0.895766,-0.442663,0.302402,0.411222,-0.859912,-0.952313,0.168818,-0.254165,57.844364,0.255409,-0.187568,0.948464,-288.894592,222.7108,-202.622986,1.954558,0.0,-0.882367,-0.446227,0.149365,-28.680546,171.06604,-74.381897,1.438898,10.366405,-6.273437,84.840858,56.283554,0.835438,5.454564,-49.146584,180.210327,-138.636078
-0.039648,-0.899228,-0.43568,0.305583,0.404221,-0.862105,-0.95134,0.167317,-0.258762,57.844364,0.256026,-0.178577,0.950032,-288.604492,222.520477,-204.195541,2.151761,0.0,-0.882236,-0.444861,0.154135,-28.622583,171.85585,-74.700066,-5.219381,11.576926,-5.478426,84.840858,56.930782,0.839744,5.549975,-49.101574,180.39798,-139.051361
-0.036574,-0.901696,-0.430821,0.309218,0.399741,-0.862897,-0.950288,0.164777,-0.264201,57.844364,0.250407,-0.171595,0.952812,-288.303192,223.019058,-206.207336,2.237381,0.0,-0.88157,-0.447202,0.151146,-28.973396,173.445755,-75.171875,-0.281737,18.808434,-2.622426,84.840858,57.460087,0.846744,5.645382,-49.065128,181.53595,-139.693954
-0.034276,-0.904263,-0.425597,0.310659,0.395112,-0.86451,-0.949903,0.161847,-0.267374,57.844364,0.249329,-0.162323,0.954718,-287.829285,222.825089,-207.330704,1.887817,0.0,-0.879243,-0.451165,0.152911,-28.700785,174.579895,-75.39357,3.687633,10.08082,-7.263363,84.840858,57.940311,0.866983,5.740816,-48.687984,182.079559,-140.018311
-0.02352,-0.90022,-0.434801,0.317553,0.40567,-0.857084,-0.947949,0.158231,-0.276326,57.844364,0.251057,-0.158356,0.954931,-286.943878,222.431595,-209.569702,1.798144,0.0,-0.871024,-0.467293,0.151506,-28.344839,175.274445,-75.307487,2.489043,5.659101,1.928734,84.840858,57.975727,0.903013,5.836552,-48.294659,182.596497,-140.003677
-0.007902,-0.895546,-0.444899,0.326767,0.418176,-0.847557,-0.945072,0.152076,-0.289331,57.844364,0.254742,-0.15844,0.953941,-286.211945,220.774612,-212.415894,1.676785,0.0,-0.86464,-0.479058,0.151329,-28.255833,175.155777,-74.829948,-2.262121,-6.391331,8.037707,84.840858,58.177967,0.917486,5.931538,-48.287006,182.489029,-139.575974
0.008346,-0.892479,-0.451013,0.324666,0.429012,-0.842936,-0.945792,0.139393,-0.293338,57.844364,0.255648,-0.163812,0.95279,-286.626892,216.714233,-211.96286,1.648711,0.0,-0.85988,-0.488978,0.14665,-28.483532,174.018524,-73.378586,1.247742,-13.580228,13.645772,84.840858,58.726456,0.924291,6.027098,-48.520641,181.621521,-138.114075
-0.012132,-0.891153,-0.453541,0.318411,0.42652,-0.846579,-0.947875,0.154683,-0.278578,57.844364,0.256013,-0.171181,0.951396,-286.30423,220.763901,-207.151245,1.658025,0.0,-0.864848,-0.480239,0.146316,-27.494207,173.636108,-72.457565,18.620152,9.375299,3.025852,84.840858,58.29126,0.887645,6.139669,-47.673531,181.821869,-137.018341
-0.007287,-0.890605,-0.454719,0.331396,0.426883,-0.841396,-0.943464,0.156823,-0.292032,57.844364,0.257624,-0.162338,0.952511,-284.293823,221.434586,-210.516022,1.663828,0.0,-0.862186,-0.483637,0.150767,-26.621576,174.290161,-72.29731,6.214044,5.626701,-4.384423,84.840858,57.784782,0.875074,6.23508,-46.773735,181.953766,-136.996017
0.001745,-0.894888,-0.446286,0.337179,0.420679,-0.842223,-0.941439,0.149009,-0.302471,57.844364,0.255424,-0.157015,0.953994,-283.409576,219.126328,-213.586899,2.054983,0.0,-0.864472,-0.47895,0.152626,-26.417704,174.418625,-72.594048,0.962905,4.793473,-5.086818,84.840858,57.264889,0.858608,6.33043,-46.399223,181.612793,-137.438721
-0.007786,-0.898463,-0.43898,0.332423,0.411701,-0.848527,-0.943098,0.152534,-0.295464,57.844364,0.256664,-0.1538,0.954185,-284.194641,220.481552,-212.532928,1.690772,0.0,-0.867659,-0.471595,0.157375,-26.629358,175.101639,-73.355904,-3.317912,6.639691,-8.133444,84.840858,57.434944,0.869067,6.426309,-46.766541,182.080658,-138.148865
-0.001809,-0.901363,-0.433061,0.327875,0.408588,-0.851794,-0.944719,0.143531,-0.294795,57.844364,0.25338,-0.147954,0.955985,-285.132965,218.882584,-213.321411,1.664976,0.0,-0.865015,-0.477062,0.155436,-27.36277,176.192093,-74.233643,-10.620176,11.638187,-8.93297,84.840858,57.992828,0.905526,6.521235,-47.296772,182.74826,-139.105667
0.011592,-0.90125,-0.433144,0.326308,0.412869,-0.85033,-0.945192,0.131481,-0.298871,57.844364,0.24607,-0.147324,0.95799,-285.487183,216.195129,-214.98497,1.650978,0.0,-0.860727,-0.487653,0.146093,-28.098078,176.626923,-74.73317,-3.74805,1.511503,-3.944362,84.840858,58.097404,0.917991,6.61661,-47.531914,183.094238,-139.743088
0.009181,-0.900163,-0.435457,0.321465,0.415016,-0.85113,-0.946877,0.13217,-0.293181,57.844364,0.245129,-0.150439,0.957747,-286.214508,216.737259,-213.594803,1.640832,0.0,-0.859838,-0.490106,0.143086,-28.427811,176.765854,-74.823341,-1.339388,3.980529,-1.511398,84.840858,58.120029,0.9151,6.712058,-47.835075,183.463104,-139.785583
0.002694,-0.899598,-0.43671,0.323241,0.414051,-0.850927,-0.946313,0.138871,-0.291903,57.844364,0.245108,-0.149532,0.957895,-286.013153,218.485886,-213.177872,1.632124,0.0,-0.860419,-0.488862,0.143851,-28.368818,176.817139,-74.735695,2.965322,-2.257995,1.976461,84.840858,58.289173,0.907682,6.807406,-47.775799,183.524704,-139.690414
0.012274,-0.901322,-0.432977,0.325456,0.413032,-0.850578,-0.945478,0.130475,-0.29841,57.844364,0.242588,-0.146555,0.958996,-285.504852,216.274246,-214.842728,1.632283,0.0,-0.859608,-0.490693,0.142458,-28.264151,176.991196,-74.660637,-0.791916,2.822007,0.096147,84.840858,58.112946,0.907862,6.902821,-47.477749,183.426773,-139.717072
0.005061,-0.904998,-0.425387,0.333093,0.402625,-0.852609,-0.94288,0.137378,-0.303486,57.844364,0.239245,-0.144155,0.960198,-284.481995,218.614334,-216.579956,1.633617,0.0,-0.867255,-0.476414,0.144563,-28.078995,177.781906,-75.031578,2.95717,12.087954,-7.833439,84.840858,58.031719,0.89527,6.998152,-47.108738,184.028915,-140.176376
-0.003929,-0.906644,-0.421879,0.33294,0.396627,-0.855475,-0.94294,0.143821,-0.300299,57.844364,0.239996,-0.141597,0.960392,-284.47345,221.022507,-216.515686,1.656,0.0,-0.86989,-0.470516,0.148009,-27.970882,178.699982,-75.79287,-2.156004,9.35742,-8.477438,84.840858,58.006359,0.891876,7.094376,-47.085197,184.815033,-140.914352
0.001612,-0.909527,-0.415642,0.329502,0.392914,-0.858514,-0.944153,0.135571,-0.300325,57.844364,0.237039,-0.138381,0.961594,-284.919159,219.428223,-217.331711,1.650151,0.0,-0.869444,-0.471834,0.146423,-28.279739,179.465851,-76.544632,-0.412935,-1.161824,-1.580837,84.840858,58.183784,0.895011,7.206305,-47.22543,185.297729,-141.723999
0.00458,-0.908108,-0.418711,0.330054,0.396623,-0.856595,-0.943951,0.134274,-0.301541,57.844364,0.239754,-0.140695,0.960585,-284.462036,219.103104,-217.643768,1.628285,0.0,-0.868604,-0.47304,0.147512,-27.721516,179.330658,-76.586449,15.441871,-1.532139,3.145243,84.840858,58.357002,0.888388,7.301658,-46.819271,185.299255,-141.729752
0.004828,-0.907248,-0.420568,0.34178,0.396743,-0.851928,-0.939768,0.139628,-0.311995,57.844364,0.243452,-0.140986,0.959611,-282.690826,220.168411,-219.614075,1.659581,0.0,-0.871702,-0.465625,0.15274,-26.833221,179.039871,-75.90107,4.140621,-4.566924,6.538302,84.840858,57.755806,0.872646,7.398645,-46.101219,185.016525,-141.06839
-0.011868,-0.908561,-0.417583,0.334407,0.38996,-0.857965,-0.942354,0.149825,-0.299201,57.844364,0.24609,-0.142362,0.958735,-283.255371,222.856171,-215.684769,1.670686,0.0,-0.875587,-0.456866,0.156908,-26.46706,179.016785,-75.334145,1.190269,2.836858,-0.267336,84.840858,57.500546,0.894319,7.493,-46.014679,185.137146,-140.359818
-0.029015,-0.911712,-0.409804,0.322916,0.379445,-0.867034,-0.945983,0.157489,-0.283396,57.844364,0.245087,-0.141039,0.959187,-283.977844,225.121735,-211.698715,1.75186,0.0,-0.879327,-0.449013,0.158658,-26.195593,179.392776,-75.428642,1.873623,2.069318,-0.409604,84.840858,57.772324,0.889451,7.587842,-45.823536,185.473312,-140.352737
-0.030505,-0.913448,-0.405811,0.318595,0.375937,-0.870154,-0.9474,0.155833,-0.279552,57.844364,0.244908,-0.139224,0.959498,-284.406525,224.737793,-210.782761,1.65693,0.0,-0.879627,-0.448125,0.159497,-26.24188,179.561462,-75.496872,-4.904069,2.594421,-1.521546,84.840858,58.032906,0.889275,7.683253,-45.895489,185.50621,-140.404572
-0.004547,-0.907619,-0.41977,0.324195,0.395764,-0.859225,-0.945979,0.139994,-0.292446,57.844364,0.246971,-0.142984,0.958416,-284.98114,221.241211,-214.323929,1.622781,0.0,-0.869658,-0.468975,0.154133,-27.216324,179.849594,-75.731651,-13.940001,6.013241,-5.614896,84.840858,58.123081,0.92333,7.779288,-46.827717,185.997177,-140.699646
0.017187,-0.905045,-0.424969,0.328055,0.406607,-0.852672,-0.944502,0.124759,-0.303893,57.844364,0.239939,-0.140275,0.9606,-285.306183,217.233658,-217.838318,1.632126,0.0,-0.860688,-0.488445,0.143656,-28.492012,179.870804,-76.165657,-12.155345,-3.081731,-2.217964,84.840858,58.036388,0.923281,7.874033,-47.524651,185.825241,-141.332245
0.018396,-0.906274,-0.42229,0.330965,0.40407,-0.852754,-0.943464,0.124076,-0.307378,57.844364,0.238087,-0.13571,0.961716,-285.392334,216.800095,-218.996887,1.628353,0.0,-0.860208,-0.489213,0.143923,-28.982218,179.899292,-76.375084,-1.642262,0.589781,-1.760429,84.840858,57.991745,0.912055,7.972814,-47.87225,185.563568,-141.613388
0.009681,-0.907133,-0.420733,0.331686,0.399845,-0.854464,-0.94334,0.131279,-0.304754,57.844364,0.238034,-0.135417,0.96177,-285.34201,218.817856,-218.522049,1.622632,0.0,-0.863253,-0.483316,0.145601,-28.931179,180.085098,-76.582191,3.113425,4.636283,-3.817555,84.840858,58.104172,0.914484,8.064834,-47.852974,185.76796,-141.79924
0.001632,-0.909198,-0.416361,0.326255,0.394063,-0.859227,-0.94528,0.134438,-0.297273,57.844364,0.238278,-0.137886,0.961359,-285.698364,220.266846,-216.99086,1.623111,0.0,-0.867583,-0.475103,0.146892,-28.69178,180.606308,-77.006424,3.457072,0.992018,-1.652509,84.840858,58.343361,0.906888,8.160273,-47.720932,186.421585,-142.151291
-0.001182,-0.907567,-0.419907,0.331429,0.395818,-0.856436,-0.943479,0.140182,-0.300326,57.844364,0.241503,-0.13976,0.960283,-285.186157,221.465759,-217.679199,1.625141,0.0,-0.869035,-0.471485,0.149935,-28.45462,180.210205,-76.957474,-0.283653,-8.0639,4.451505,84.840858,58.529408,0.898621,8.272942,-47.662094,186.17453,-142.071152
0.007073,-0.904449,-0.426524,0.338988,0.403447,-0.849893,-0.940764,0.138575,-0.309451,57.844364,0.241249,-0.137876,0.960619,-284.771942,220.480637,-219.859451,1.625046,0.0,-0.864349,-0.480593,0.148093,-28.852158,179.702255,-76.759186,-10.879646,-2.464334,0.770089,84.840858,58.540581,0.916065,8.368277,-47.931454,185.593918,-141.954193
0.241876,-0.793946,-0.557805,0.292457,0.607793,-0.73828,-0.925184,-0.015438,-0.379205,57.844364,0.419436,-0.101186,0.902128,-224.854904,172.602676,-239.216995,1.56064,0.0,-0.685836,-0.686382,0.241887,36.757172,172.81955,-80.934982,44.495583,11.082971,1.235485,84.840858,63.354534,1.0,9.183442,8.063152,176.489243,-143.750793
0.219206,-0.805353,-0.550777,0.274629,0.592612,-0.757225,-0.936231,-0.014728,-0.351078,57.844364,0.434998,-0.101806,0.894657,-227.334534,173.44548,-231.428009,1.650208,0.0,-0.691671,-0.673938,0.259613,38.274002,173.568024,-80.838661,0.250712,5.479274,2.752895,84.840858,64.078491,1.0,9.278884,8.364591,177.153397,-143.043045
0.205697,-0.812321,-0.545732,0.250686,0.582788,-0.772991,-0.945963,-0.022194,-0.323515,57.844364,0.441543,-0.088805,0.892835,-231.73349,170.377838,-223.322083,1.659101,0.0,-0.682559,-0.679125,0.270004,36.893967,173.210602,-80.00367,-26.95664,-3.522895,3.399667,84.840858,63.36882,1.0,9.391586,6.415749,175.965347,-141.876129
0.233919,-0.808314,-0.540287,0.264496,0.587652,-0.764661,-0.935587,-0.035965,-0.351259,57.844364,0.432571,-0.102808,0.895719,-231.237076,166.602295,-229.866516,1.639817,0.0,-0.692684,-0.673831,0.257179,34.063854,172.239822,-79.164162,-23.555542,-3.1041,4.071494,84.840858,62.984768,1.0,9.48702,4.300163,175.656647,-141.43602
0.218283,-0.804446,-0.552466,0.268561,0.593777,-0.758488,-0.938204,-0.017195,-0.345655,57.844364,0.433724,-0.107416,0.89462,-233.598648,172.56842,-228.554153,1.656846,0.0,-0.692378,-0.675119,0.254614,32.470669,172.975479,-79.363968,-8.748943,9.127839,-2.642323,84.840858,62.119171,1.0,9.583007,2.597376,176.897202,-141.534485
0.236575,-0.8064,-0.541988,0.288202,0.590959,-0.753463,-0.927885,-0.022049,-0.372213,57.844364,0.430344,-0.099901,0.89712,-230.964447,171.078735,-235.750092,1.637915,0.0,-0.69616,-0.66938,0.259404,32.115513,173.292892,-79.547462,-0.229387,4.079589,-3.157102,84.840858,62.476719,1.0,9.67779,2.633789,176.629532,-142.044281
0.254998,-0.795915,-0.549085,0.302671,0.605022,-0.736436,-0.91835,-0.021598,-0.39518,57.844364,0.432228,-0.099349,0.896275,-228.390503,171.282867,-241.883606,1.632632,0.0,-0.689944,-0.67642,0.257746,32.207626,173.343002,-79.757095,-0.291898,1.374746,-1.063101,84.840858,62.803806,1.0,9.773194,2.807063,176.720215,-142.395676
0.260993,-0.791153,-0.553136,0.308995,0.611316,-0.728571,-0.914552,-0.019235,-0.404012,57.844364,0.429283,-0.100398,0.897573,-227.21698,171.980804,-244.29068,1.631694,0.0,-0.687982,-0.680217,0.252956,32.162186,173.316223,-79.801857,-1.066285,0.519859,-0.386516,84.840858,62.726921,1.0,9.868557,3.02441,176.82338,-142.579453
0.260678,-0.792062,-0.551982,0.309081,0.610127,-0.72953,-0.914612,-0.019565,-0.403859,57.844364,0.42885,-0.10059,0.897758,-227.24678,172.04422,-244.388504,1.629946,0.0,-0.689017,-0.679136,0.253042,32.125996,173.465775,-79.929977,0.943064,1.120165,-0.971547,84.840858,62.634914,1.0,9.963907,3.009864,176.969849,-142.715775
0.262829,-0.784398,-0.56182,0.306557,0.620009,-0.722227,-0.914846,-0.017593,-0.403419,57.844364,0.436042,-0.098021,0.894572,-226.907425,173.061661,-244.986267,1.639196,0.0,-0.679123,-0.688073,0.255631,32.940201,174.030075,-80.805344,10.589675,8.413486,-11.85577,84.840858,62.748661,1.0,10.059878,3.408157,177.490677,-143.424255
0.270482,-0.771958,-0.575256,0.304263,0.635448,-0.709669,-0.91338,-0.016923,-0.406756,57.844364,0.441483,-0.094857,0.892242,-226.205109,173.896515,-246.486343,1.652079,0.0,-0.664741,-0.702485,0.254232,33.534519,174.72908,-81.556259,0.186596,4.907085,-4.965974,84.840858,63.001842,1.0,10.154726,3.741346,178.157028,-144.084198
0.281202,-0.772167,-0.56981,0.306455,0.634936,-0.709184,-0.909401,-0.024803,-0.41518,57.844364,0.438823,-0.096217,0.893408,-225.514267,171.793945,-248.382278,1.657524,0.0,-0.666724,-0.701431,0.251939,32.999809,174.622665,-81.199951,-10.298377,-1.185084,4.425663,84.840858,62.713509,1.0,10.250117,3.430444,178.038147,-143.859314
0.29938,-0.779747,-0.549879,0.295775,0.623766,-0.723487,-0.907132,-0.053957,-0.417372,57.844364,0.433597,-0.095251,0.896059,-225.808151,163.433273,-248.503738,1.644031,0.0,-0.671192,-0.69763,0.250627,31.803787,174.015152,-80.607079,-12.574614,-6.276447,4.459299,84.840858,62.417957,1.0,10.345509,2.565375,177.01709,-143.428848
0.297063,-0.787186,-0.540455,0.276528,0.612674,-0.74038,-0.91394,-0.070488,-0.399682,57.844364,0.427513,-0.09929,0.89854,-228.084778,158.749054,-243.527466,1.6371,0.0,-0.675542,-0.695585,0.244551,31.008175,173.440262,-80.084229,-2.906006,-1.02703,1.697353,84.840858,62.503403,1.0,10.44095,2.002565,176.494705,-142.906235
0.300239,-0.784545,-0.542536,0.280119,0.616218,-0.736076,-0.911806,-0.069024,-0.404779,57.844364,0.42891,-0.094657,0.898374,-227.710602,159.111908,-244.912796,1.645276,0.0,-0.671197,-0.698988,0.246801,30.87549,173.669342,-80.161896,-0.257158,5.51836,-2.623272,84.840858,62.594177,1.0,10.553626,1.839544,176.488861,-143.008438
0.302966,-0.783101,-0.543106,0.281385,0.617989,-0.734106,-0.910513,-0.069587,-0.407582,57.844364,0.427913,-0.092951,0.899027,-227.299698,159.03186,-245.6922,1.645179,0.0,-0.669206,-0.701165,0.24603,30.867729,173.819016,-80.181793,0.451103,0.937147,0.056986,84.840858,62.725216,1.0,10.651454,1.924993,176.550613,-143.082001
0.299948,-0.78479,-0.542343,0.282205,0.616071,-0.735402,-0.911258,-0.06753,-0.406261,57.844364,0.427842,-0.0933,0.899025,-227.474045,159.453293,-245.259048,1.646778,0.0,-0.67118,-0.698979,0.246872,30.894997,173.702988,-80.093246,-1.779413,-0.68263,0.456548,84.840858,62.63945,1.0,10.744512,1.938253,176.454269,-142.981537
0.29953,-0.784092,-0.543582,0.279358,0.616847,-0.735839,-0.912273,-0.068552,-0.403806,57.844364,0.42603,-0.093563,0.899858,-227.881058,159.592453,-244.83757,1.64381,0.0,-0.669707,-0.701346,0.244144,30.641996,174.067581,-80.264954,-3.158704,8.167386,-2.748331,84.840858,62.566628,1.0,10.839856,1.786569,176.850586,-143.17804
0.294939,-0.785115,-0.544615,0.26948,0.615179,-0.740902,-0.916729,-0.071758,-0.393013,57.844364,0.427065,-0.095987,0.899112,-229.167038,159.038742,-242.093567,1.64024,0.0,-0.668979,-0.702522,0.242756,30.623301,174.191605,-80.355309,1.823804,-0.563097,-0.486933,84.840858,62.484161,1.0,10.935184,1.622406,177.104141,-143.151169
0.274727,-0.789136,-0.549354,0.259719,0.611003,-0.747811,-0.925782,-0.062766,-0.372812,57.844364,0.427733,-0.097003,0.898685,-231.282806,161.290298,-236.803925,1.643509,0.0,-0.669294,-0.702222,0.242756,30.984989,174.021103,-80.336395,2.733557,-2.200537,1.061787,84.840858,62.886753,1.0,11.03056,1.785745,177.091965,-142.94722
0.277852,-0.78821,-0.549111,0.263404,0.612224,-0.745521,-0.923806,-0.062506,-0.377725,57.844364,0.429409,-0.096604,0.897928,-230.687241,161.356445,-237.987152,1.645944,0.0,-0.669511,-0.701332,0.244722,31.152803,174.054153,-80.283638,0.486752,-1.218704,1.601324,84.840858,63.084793,1.0,11.126559,1.883886,177.092636,-142.893692
0.278979,-0.791979,-0.543084,0.256204,0.606423,-0.752735,-0.925489,-0.070857,-0.372087,57.844364,0.429096,-0.094829,0.898267,-231.130356,159.46315,-236.668076,1.64345,0.0,-0.670184,-0.700162,0.246226,31.155596,174.476303,-80.410477,0.307459,5.958338,-1.065179,84.840858,63.132179,1.0,11.221406,1.864605,177.301529,-142.993835
0.273355,-0.793196,-0.544166,0.256076,0.605305,-0.753678,-0.927201,-0.066674,-0.368582,57.844364,0.430946,-0.094082,0.89746,-231.618393,160.897247,-235.919403,1.646374,0.0,-0.670583,-0.69889,0.248738,31.243603,174.872635,-80.617531,0.542427,1.124751,0.531584,84.840858,63.025017,1.0,11.316896,1.80757,177.682755,-143.127777
0.259581,-0.797581,-0.544502,0.2472,0.599921,-0.760912,-0.933547,-0.062918,-0.35289,57.844364,0.431914,-0.096901,0.896694,-233.132111,161.832657,-231.75563,1.652052,0.0,-0.673329,-0.696116,0.249099,31.516634,174.675659,-80.566544,4.10803,-4.568525,1.148265,84.840858,63.219353,1.0,11.41229,1.891447,177.672348,-142.914444
0.252725,-0.792398,-0.555189,0.252739,0.60796,-0.752667,-0.933945,-0.0499,-0.353916,57.844364,0.432344,-0.102228,0.895895,-233.10553,164.887024,-231.708282,1.652684,0.0,-0.672647,-0.698251,0.244933,31.664036,173.956528,-80.290382,-1.929894,-5.200441,3.609965,84.840858,63.193092,1.0,11.507547,2.018209,177.449417,-142.608673
0.252922,-0.795955,-0.549987,0.253313,0.603119,-0.756359,-0.933736,-0.051981,-0.354168,57.844364,0.434614,-0.099993,0.895049,-233.25061,163.654495,-231.096405,1.646742,0.0,-0.675214,-0.693836,0.250354,31.616917,173.458405,-79.661018,0.593599,-2.875165,3.160025,84.840858,63.116138,1.0,11.620555,1.820523,176.740845,-141.933472
0.238561,-0.802953,-0.54622,0.257705,0.594637,-0.761574,-0.93631,-0.040918,-0.348782,57.844364,0.436748,-0.09973,0.894039,-233.809448,166.876663,-229.842194,1.645003,0.0,-0.683123,-0.683409,0.257478,31.912817,173.904556,-79.868317,3.020732,8.612207,-5.251279,84.840858,63.100163,1.0,11.716456,1.909782,177.177948,-142.035309
0.186233,-0.885014,-0.426694,0.246191,0.462471,-0.851769,-0.951161,-0.053579,-0.30401,57.844364,0.396485,-0.081938,0.914377,-282.567322,187.371765,-273.878357,1.685025,0.0,-0.764604,-0.58074,0.279501,-14.899553,199.837936,-134.590439,-6.889079,5.044754,-6.746501,84.840858,55.18737,0.844834,12.882969,-43.109409,200.860352,-197.342819
0.190061,-0.887672,-0.419422,0.261375,0.457541,-0.849906,-0.94634,-0.051908,-0.318976,57.844364,0.402059,-0.093905,0.910786,-282.550781,188.752518,-277.67218,1.716428,0.0,-0.779846,-0.556356,0.286894,-15.736942,200.256073,-134.67627,-4.815258,-0.225292,1.82295,84.840858,55.273529,0.851652,12.973052,-44.30648,201.820465,-197.368973
0.197919,-0.887121,-0.416946,0.262067,0.457765,-0.849572,-0.944537,-0.058878,-0.323085,57.844364,0.406304,-0.095369,0.908748,-282.215973,186.386673,-278.010437,1.721845,0.0,-0.780482,-0.553386,0.290881,-15.610312,199.657806,-134.049835,5.819456,-11.00391,10.728567,84.840858,55.340767,0.843567,13.068516,-44.425777,201.209503,-196.672684
0.198075,-0.879192,-0.433345,0.240988,0.472215,-0.847902,-0.9501,-0.063517,-0.305409,57.844364,0.412241,-0.101318,0.905424,-283.121185,183.919662,-271.701782,1.691023,0.0,-0.768376,-0.572658,0.285763,-14.697651,197.866776,-132.466293,9.014174,-23.186869,22.239704,84.840858,55.981827,0.848248,13.163846,-43.930267,199.910385,-194.814011
0.153062,-0.890171,-0.429147,0.239687,0.454738,-0.857767,-0.958709,-0.028431,-0.282966,57.844364,0.400337,-0.117523,0.9088,-283.983063,192.93721,-264.670624,1.675777,0.0,-0.791202,-0.544665,0.278099,-13.81632,196.893921,-131.080643,5.88136,3.3598,2.367396,84.840858,55.938477,0.817615,13.259806,-42.625027,200.094727,-193.433014
0.151658,-0.893768,-0.422113,0.241721,0.447621,-0.860933,-0.958421,-0.028534,-0.283928,57.844364,0.39386,-0.101922,0.913502,-282.713654,192.220764,-265.099762,1.651488,0.0,-0.786883,-0.551044,0.277786,-13.07708,197.121826,-131.052261,8.938307,0.122579,0.163052,84.840858,56.046253,0.816098,13.354635,-41.427994,199.404221,-193.620056
0.178494,-0.881277,-0.437597,0.261013,0.471215,-0.842513,-0.94869,-0.036165,-0.314134,57.844364,0.389491,-0.092387,0.916385,-279.125336,189.878174,-273.073029,1.637394,0.0,-0.769893,-0.578765,0.268878,-12.554637,197.136078,-131.031403,2.176061,-1.953145,1.293971,84.840858,56.57737,0.848347,13.449995,-40.289616,198.982803,-193.988754
0.181386,-0.87918,-0.440615,0.271273,0.475395,-0.836905,-0.945257,-0.032276,-0.324728,57.844364,0.392237,-0.089844,0.915466,-278.229065,190.676422,-275.704803,1.642499,0.0,-0.768292,-0.579279,0.272329,-12.437233,197.067871,-130.969498,-1.635584,0.99644,-0.430139,84.840858,56.218761,0.843255,13.545538,-40.257595,198.801956,-193.953522
0.186327,-0.880035,-0.43683,0.25737,0.47281,-0.84274,-0.948179,-0.044598,-0.314592,57.844364,0.39206,-0.086341,0.915879,-279.624603,187.473465,-273.151825,1.659395,0.0,-0.763686,-0.585629,0.271703,-13.066709,197.261429,-131.024887,-9.628237,2.001142,-1.36491,84.840858,56.266384,0.854557,13.640905,-40.917484,198.701141,-193.952225
0.180336,-0.886644,-0.425841,0.236721,0.459337,-0.856138,-0.954695,-0.053587,-0.292722,57.844364,0.393441,-0.091318,0.914803,-282.146729,185.459641,-267.453033,1.678093,0.0,-0.770184,-0.576095,0.273735,-13.660739,197.385406,-131.050232,-7.268134,1.031566,-1.615195,84.840858,56.424889,0.873409,13.736178,-41.799194,198.950409,-193.759232
0.191394,-0.880822,-0.433037,0.224397,0.468777,-0.854339,-0.955518,-0.066343,-0.287375,57.844364,0.39843,-0.090086,0.912764,-283.290436,182.330276,-266.316162,1.676116,0.0,-0.758569,-0.591776,0.272717,-14.324267,197.542023,-131.391876,-10.301277,4.661716,-5.391457,84.840858,56.372204,0.894906,13.84894,-42.735695,199.032333,-193.968552
0.202206,-0.881643,-0.426403,0.22699,0.465732,-0.855318,-0.952674,-0.076161,-0.294298,57.844364,0.399416,-0.09426,0.911911,-283.467834,180.691727,-268.403809,1.696795,0.0,-0.764478,-0.583263,0.274551,-15.165672,198.303253,-131.717407,-1.479381,2.887018,-0.356985,84.840858,56.42696,0.87069,13.952483,-43.628906,199.865494,-194.313431
0.207123,-0.882422,-0.422411,0.226772,0.463319,-0.856685,-0.951669,-0.081648,-0.296073,57.844364,0.403564,-0.095163,0.909989,-283.42215,179.408417,-268.814423,1.709053,0.0,-0.766709,-0.577917,0.279586,-15.108811,198.455185,-131.767258,4.9244,5.939446,-4.816394,84.840858,56.470627,0.859433,14.039748,-43.836262,199.963684,-194.2771
0.193276,-0.882707,-0.428336,0.215092,0.464068,-0.859288,-0.957277,-0.073948,-0.279557,57.844364,0.407099,-0.097199,0.908198,-284.396698,181.502121,-264.414978,1.69683,0.0,-0.763877,-0.581366,0.280187,-14.348133,198.365677,-131.745758,12.84494,-1.085848,0.186254,84.840858,56.676208,0.858887,14.135171,-43.398983,200.118729,-194.035645
0.180633,-0.881985,-0.435286,0.220165,0.467594,-0.856086,-0.958592,-0.058803,-0.278645,57.844364,0.397671,-0.092935,0.91281,-283.236847,185.046753,-264.404175,1.666274,0.0,-0.759991,-0.590763,0.270948,-13.471976,198.107529,-131.740692,11.956945,-6.607404,2.035672,84.840858,56.820423,0.871181,14.23054,-41.908081,199.850616,-194.254349
0.182581,-0.878169,-0.442136,0.235048,0.475642,-0.847654,-0.954681,-0.050843,-0.293255,57.844364,0.39482,-0.089381,0.914401,-281.336639,186.347702,-267.799255,1.63073,0.0,-0.756535,-0.596352,0.268364,-12.860869,197.486465,-131.267914,0.150868,-4.070206,3.12519,84.840858,57.091644,0.849481,14.32635,-40.992447,199.147522,-193.971344
0.185605,-0.875933,-0.445301,0.242376,0.479983,-0.843131,-0.952263,-0.048559,-0.301392,57.844364,0.393568,-0.089969,0.914883,-280.55777,186.827576,-269.783386,1.646502,0.0,-0.756157,-0.597659,0.266513,-12.829382,197.317947,-131.112564,-0.075583,1.817057,-1.609151,84.840858,56.719818,0.846762,14.421259,-40.82246,199.052444,-193.906845
0.183491,-0.877892,-0.442309,0.241122,0.476397,-0.845521,-0.952991,-0.048495,-0.299094,57.844364,0.393717,-0.092606,0.914555,-280.7453,187.037338,-269.209137,1.653294,0.0,-0.760133,-0.592255,0.267267,-12.781842,197.396896,-131.149536,0.625121,0.27151,2.148045,84.840858,56.633591,0.854087,14.516779,-40.826771,199.246201,-193.91127
0.193945,-0.876151,-0.4413,0.244066,0.478791,-0.843321,-0.950167,-0.055851,-0.306698,57.844364,0.391925,-0.088508,0.91573,-279.753357,184.912491,-271.245819,1.644053,0.0,-0.756582,-0.597316,0.266079,-12.692657,197.414032,-131.154541,0.424138,-0.938109,0.624872,84.840858,56.67704,0.86041,14.612073,-40.545712,198.973236,-194.033615
0.194592,-0.875062,-0.443172,0.250192,0.481143,-0.840181,-0.94844,-0.052615,-0.31256,57.844364,0.392165,-0.087886,0.915687,-278.93512,185.823761,-272.757751,1.641928,0.0,-0.756458,-0.597218,0.266651,-12.336751,197.514908,-131.15007,2.819797,0.848696,-0.28026,84.840858,56.643356,0.866929,14.707448,-40.162331,199.069733,-194.069656
0.196336,-0.874404,-0.443701,0.261919,0.482834,-0.835625,-0.944908,-0.047849,-0.323821,57.844364,0.388644,-0.082984,0.917643,-277.665466,186.605316,-275.563904,1.637393,0.0,-0.75578,-0.598374,0.26598,-12.265037,197.338699,-130.946274,0.934877,-6.478479,3.271104,84.840858,56.301872,0.874104,14.802826,-39.781815,198.651489,-194.04097
0.208716,-0.871393,-0.443972,0.260338,0.487095,-0.833644,-0.942688,-0.058412,-0.328522,57.844364,0.388578,-0.075973,0.918278,-276.941986,183.334915,-276.648895,1.624666,0.0,-0.74757,-0.608596,0.26599,-12.192313,197.183441,-130.783905,-0.176885,-1.088377,1.738131,84.840858,56.128094,0.877417,14.915735,-39.617058,198.040253,-193.942474
0.195052,-0.878869,-0.435366,0.252683,0.473937,-0.843525,-0.947685,-0.054521,-0.314517,57.844364,0.388022,-0.079338,0.918229,-278.446014,184.531754,-272.978668,1.640054,0.0,-0.756773,-0.596083,0.268291,-12.314486,197.26593,-130.754868,-1.404179,-0.618995,-0.44495,84.840858,56.032478,0.854699,15.012001,-39.863266,198.257721,-193.797867
0.197182,-0.879596,-0.432932,0.246886,0.471922,-0.846367,-0.948771,-0.060003,-0.310215,57.844364,0.383398,-0.081344,0.919994,-278.576111,183.303955,-272.135803,1.644551,0.0,-0.757561,-0.597492,0.262877,-12.426748,197.340393,-130.927963,-0.985388,-0.806933,-2.496089,84.840858,56.39378,0.870084,15.10636,-39.719864,198.409851,-194.038223
0.194729,-0.881157,-0.430862,0.238331,0.468613,-0.850647,-0.951461,-0.062958,-0.30126,57.844364,0.384813,-0.081676,0.919374,-279.630798,182.660995,-269.878876,1.667912,0.0,-0.757344,-0.597303,0.26393,-12.652762,197.454849,-131.025604,-2.756139,-2.117549,1.02999,84.840858,56.676235,0.87168,15.20173,-40.097252,198.510818,-194.035751
0.187276,-0.882133,-0.432168,0.222851,0.466634,-0.855915,-0.956695,-0.063983,-0.283973,57.844364,0.38454,-0.084407,0.919241,-281.417511,182.839203,-265.462585,1.697883,0.0,-0.755269,-0.601321,0.260732,-13.028356,197.694,-131.091934,-4.13192,2.334584,-0.611636,84.840858,56.999481,0.880051,15.297253,-40.566372,198.947144,-193.971375
0.190117,-0.883523,-0.428068,0.217388,0.463082,-0.859242,-0.957391,-0.0703,-0.280107,57.844364,0.384361,-0.090405,0.918746,-282.120148,181.76445,-264.828033,1.7431,0.0,-0.760225,-0.59561,0.259435,-13.508176,197.959656,-131.471786,-2.535763,-1.640004,0.038961,84.840858,57.259811,0.898974,15.393897,-41.093754,199.462692,-194.310135
0.191139,-0.884235,-0.426139,0.215174,0.461329,-0.860741,-0.957688,-0.072827,-0.278442,57.844364,0.391091,-0.097583,0.915164,-283.34729,180.902481,-264.054413,1.717028,0.0,-0.766077,-0.585607,0.264936,-14.184697,197.40744,-131.304138,-5.80221,-3.671448,2.460128,84.840858,56.62225,0.912668,15.487914,-42.246201,199.236969,-193.955612
0.309795,-0.801769,-0.511071,0.167782,0.575179,-0.800637,-0.935883,-0.162285,-0.312709,57.844364,0.431143,-0.175968,0.884958,-259.440857,89.261314,-224.815353,1.828332,0.0,-0.719088,-0.65944,0.219207,6.257181,123.643738,-84.456772,-0.724202,15.255423,-21.93041,84.840858,55.099548,1.0,16.788666,-23.829268,130.116974,-146.089752
0.289745,-0.796363,-0.530899,0.229075,0.596273,-0.769405,-0.929286,-0.101315,-0.355194,57.844364,0.415436,-0.185688,0.890468,-256.254333,106.55426,-237.063873,1.796669,0.0,-0.729062,-0.653375,0.203887,6.570545,124.369705,-85.421967,4.730523,3.155145,-4.033991,84.840858,54.011475,1.0,16.884054,-22.303549,132.06076,-147.642578
0.289383,-0.789567,-0.541149,0.237869,0.606921,-0.75833,-0.927187,-0.090726,-0.363446,57.844364,0.416606,-0.18849,0.889332,-255.428635,109.152374,-238.858826,1.777136,0.0,-0.725335,-0.658647,0.200184,6.863955,123.956566,-85.138939,1.965361,-6.970178,5.599858,84.840858,54.631474,1.0,16.979452,-22.006245,131.992874,-147.360062
0.292342,-0.786556,-0.543935,0.231459,0.610068,-0.757789,-0.927881,-0.095635,-0.360404,57.844364,0.424064,-0.183855,0.886773,-255.846786,107.383148,-237.684952,1.812192,0.0,-0.717926,-0.66512,0.20542,7.073013,123.702423,-84.891693,1.412464,1.641032,-0.475558,84.840858,55.51088,1.0,17.092209,-22.249691,131.459549,-146.952133
0.297619,-0.785281,-0.542915,0.224117,0.610262,-0.759837,-0.928006,-0.104465,-0.35762,57.844364,0.416968,-0.184584,0.889981,-255.878525,105.992699,-237.451035,1.829277,0.0,-0.715418,-0.670615,0.196096,6.629823,124.524834,-85.208153,-7.858285,11.398796,-4.525447,84.840858,55.20961,1.0,17.188484,-22.24999,132.292145,-147.418961
0.308402,-0.785174,-0.537019,0.210525,0.606875,-0.766409,-0.927668,-0.123306,-0.35246,57.844364,0.409132,-0.188762,0.892737,-255.193298,102.186905,-236.817154,1.811904,0.0,-0.71568,-0.673311,0.185622,6.771945,125.372963,-85.749725,11.470949,11.813503,-8.503798,84.840858,54.506882,1.0,17.284924,-21.649899,133.229614,-148.084106
0.30379,-0.791605,-0.530163,0.22134,0.599877,-0.768867,-0.926672,-0.116228,-0.35745,57.844364,0.411803,-0.186811,0.891919,-254.187439,104.597923,-238.477203,1.858182,0.0,-0.724144,-0.661258,0.195841,7.702973,126.176949,-86.160767,12.137542,8.893665,-5.226304,84.840858,55.12286,1.0,17.378378,-20.894791,133.858582,-148.4879
0.298451,-0.781823,-0.54743,0.197596,0.611758,-0.765968,-0.933747,-0.120434,-0.337065,57.844364,0.422852,-0.186699,0.886758,-255.337494,104.116859,-232.812317,1.857773,0.0,-0.706751,-0.680411,0.193761,9.093575,126.602036,-86.06118,10.897124,8.26862,0.771579,84.840858,56.340031,1.0,17.473749,-20.263662,134.436401,-147.955109
0.302474,-0.783846,-0.542306,0.170698,0.604306,-0.778252,-0.937748,-0.14283,-0.316587,57.844364,0.418671,-0.195987,0.886737,-255.516617,99.291916,-227.355698,1.868766,0.0,-0.709208,-0.68044,0.18446,9.816381,127.06958,-85.890274,4.816044,7.737567,-3.06495,84.840858,56.612106,1.0,17.569313,-19.435385,135.249939,-147.653778
0.321466,-0.782671,-0.532998,0.149885,0.597836,-0.787481,-0.934984,-0.17326,-0.309494,57.844364,0.423499,-0.192779,0.885147,-254.973557,91.514763,-225.698288,1.819618,0.0,-0.704612,-0.684206,0.188106,9.973333,127.452736,-86.132416,-4.204106,2.108479,-2.992973,84.840858,56.612499,1.0,17.664518,-19.588366,135.133499,-147.782074
0.314505,-0.786911,-0.530902,0.135037,0.590683,-0.795524,-0.939602,-0.178504,-0.292035,57.844364,0.437066,-0.179225,0.881392,-258.094757,90.083481,-221.356445,1.797336,0.0,-0.696067,-0.68801,0.205265,8.935016,128.217285,-86.541328,-12.202263,10.1608,-2.672846,84.840858,56.718208,1.0,17.760044,-21.546867,135.022491,-147.835663
0.335856,-0.788697,-0.514935,0.113223,0.576531,-0.809193,-0.935083,-0.21347,-0.28293,57.844364,0.449711,-0.153186,0.87994,-258.942322,79.380722,-218.633682,1.795872,0.0,-0.680068,-0.697397,0.226154,7.671301,128.247574,-86.274391,-11.92059,-4.450594,2.800283,84.840858,57.177753,1.0,17.855314,-23.532,133.122513,-147.405029
0.35753,-0.783482,-0.50826,0.119904,0.578238,-0.807009,-0.926173,-0.227587,-0.30068,57.844364,0.44318,-0.15711,0.882558,-256.694061,75.63839,-223.649231,1.782295,0.0,-0.683686,-0.696011,0.219414,7.140145,127.983597,-86.517021,-2.021071,1.421167,-4.790581,84.840858,56.40221,1.0,17.950768,-23.527052,132.934235,-147.952072
0.355796,-0.781903,-0.511896,0.122484,0.582027,-0.803892,-0.926503,-0.223322,-0.302854,57.844364,0.436402,-0.158272,0.885722,-256.435699,77.123405,-224.604996,1.79698,0.0,-0.681275,-0.701145,0.21038,7.035147,128.217514,-86.746468,1.407724,9.752645,-5.487544,84.840858,56.182209,1.0,18.046083,-23.185598,133.345413,-148.360626
0.344409,-0.787449,-0.511181,0.141281,0.581766,-0.800992,-0.928128,-0.203649,-0.311617,57.844364,0.426485,-0.165214,0.889278,-255.720596,83.567184,-227.491058,1.80256,0.0,-0.693828,-0.690505,0.204464,7.56077,129.169113,-87.175819,8.56759,12.862918,-4.352804,84.840858,55.248459,1.0,18.141628,-22.061226,134.836411,-149.040512
