0.838325,-0.044251,-0.543371,0.216628,0.941674,0.257531,0.500283,-0.333605,0.799015,59.473801,-0.524342,0.155114,-0.83726,171.568939,44.704655,259.88147,0.681457,0.0,-0.122674,-0.986771,-0.105987,4.73602,136.504257,6.987446,6.803029,-31.632126,-27.869154,83.65686,69.311745,0.0,2.324114,47.378757,127.518654,61.534004
0.809993,-0.137585,-0.570071,0.30186,0.931238,0.20415,0.502784,-0.337441,0.795828,59.473801,-0.547855,0.211533,-0.809388,173.367859,42.089588,257.916595,0.521342,0.0,-0.230722,-0.968186,-0.096865,4.348819,138.913055,7.875385,-3.486458,40.599167,-1.546305,83.65686,79.129623,0.0,2.523618,48.55682,125.856033,60.360378
0.773439,-0.129238,-0.620556,0.31608,0.92723,0.200844,0.549441,-0.351486,0.758005,59.473801,-0.526256,0.35925,-0.77071,187.701004,44.995033,250.1577,0.462147,0.0,-0.322405,-0.922994,-0.210089,7.702978,154.442612,11.926842,7.678843,-2.561399,2.252882,83.65686,69.741096,0.0,4.648095,51.307808,132.247955,61.990494
0.736613,-0.125722,-0.664526,0.324248,0.927931,0.183867,0.593518,-0.35091,0.724292,59.473801,-0.499666,0.335575,-0.798576,198.319366,46.716335,243.153198,0.577805,0.0,-0.32552,-0.927081,-0.185898,8.383653,154.80452,11.832047,20.405466,-26.600023,34.281315,83.65686,57.056988,0.0,4.847476,50.984486,133.826263,63.355076
0.749127,-0.106345,-0.653834,0.338598,0.909817,0.239966,0.569351,-0.401152,0.717577,59.473801,-0.488138,0.356346,-0.796705,193.530746,35.191845,241.708847,0.478606,0.0,-0.323021,-0.921791,-0.21438,10.474747,157.410339,12.067285,12.452682,33.838383,-8.681703,83.65686,57.631481,0.0,5.029624,52.195133,134.773804,63.577579
0.715443,-0.280744,-0.639784,0.543601,0.798932,0.257305,0.438907,-0.531874,0.724203,58.968304,-0.545135,0.324891,-0.772835,170.78952,5.206263,246.234528,0.459267,0.0,-0.427182,-0.900848,-0.077385,17.355099,161.213043,15.990891,25.130106,-19.266487,0.079699,84.113037,76.465248,0.0,8.195016,61.248226,137.950058,65.489883
0.888994,0.103652,-0.446033,0.153996,0.849641,0.504377,0.431247,-0.517075,0.739364,58.906837,-0.545563,0.446205,-0.70941,165.618378,5.36837,244.363358,3.141593,1.0,-0.120019,-0.879353,-0.460797,14.601764,161.706329,11.757175,-3.869234,-82.862686,21.458994,84.139099,11.846555,0.454905,8.385628,57.948456,134.467072,59.765747
0.823864,0.052332,-0.564366,0.14258,0.944573,0.295725,0.548561,-0.324105,0.770738,58.906837,-0.631775,0.284262,-0.721149,195.744034,57.045551,254.06366,3.141593,1.0,-0.120646,-0.955054,-0.270769,9.553946,153.835754,14.116262,-4.647047,45.203499,-12.620392,84.139099,0.34588,0.602899,8.567735,58.784374,137.965057,61.632763
0.859418,0.031183,-0.510321,0.261349,0.831084,0.490914,0.439428,-0.555273,0.706099,58.990208,-0.555786,0.39949,-0.729047,172.943558,3.896213,237.464203,3.141593,1.0,-0.168718,-0.912923,-0.371625,18.159637,168.805222,11.590404,-47.509697,24.807581,70.634651,84.642143,10.046173,0.666525,9.981284,62.575233,143.360474,60.117874
0.710097,-0.39907,-0.580091,0.562808,0.816765,0.127052,0.423095,-0.416699,0.804582,58.990208,-0.632152,0.356488,-0.687968,172.482452,39.15255,264.476959,1.794132,0.0,-0.472196,-0.881201,-0.02273,17.524464,168.207672,17.778517,192.731033,-179.032654,-47.018845,84.642143,67.447746,1.0,10.163423,66.216278,143.812195,62.395229
0.722635,-0.274199,-0.634518,0.565167,0.762892,0.313979,0.397976,-0.585501,0.70626,59.143681,-0.511836,0.303685,-0.803616,166.162903,-7.032466,242.744156,0.56696,0.0,-0.427595,-0.901387,-0.068291,24.247208,162.878632,13.562799,43.986576,76.787971,21.886299,84.634186,55.664207,0.0,10.362943,66.215157,140.010193,65.373878
0.701789,-0.318453,-0.637244,0.568447,0.78948,0.231493,0.429372,-0.524699,0.735072,59.143681,-0.546276,0.338498,-0.76616,175.942337,6.056424,247.071213,0.81938,0.0,-0.459229,-0.886008,-0.064015,23.997631,162.243225,13.084597,-44.725456,-85.767212,-22.02556,84.634186,17.064352,1.0,10.544963,68.109932,137.829361,62.465202
0.712061,-0.346396,-0.61072,0.576382,0.7851,0.226722,0.40094,-0.513448,0.758695,59.143681,-0.564438,0.507202,-0.651272,168.494873,3.459113,250.701752,1.186326,0.0,-0.53567,-0.825342,-0.178516,23.101866,166.627411,17.73082,16.41073,11.722639,19.824009,84.634186,75.017075,1.0,10.727082,67.802689,132.406448,60.163097
0.642721,-0.363391,-0.674431,0.682281,0.671898,0.288176,0.348429,-0.645368,0.679778,59.143681,-0.536501,0.409607,-0.737827,153.66333,-24.127432,236.013519,2.298428,0.0,-0.545185,-0.835597,-0.06746,23.457285,168.486984,18.313795,99.384575,151.834229,46.959946,84.634186,42.680256,0.0,10.909198,66.158966,137.950317,65.294159
0.648456,-0.349806,-0.676122,0.641837,0.728806,0.23851,0.409329,-0.588623,0.697117,59.143681,-0.52162,0.470194,-0.71192,166.603119,-15.44184,240.663895,0.9264,0.0,-0.564832,-0.815701,-0.124888,21.417299,165.785706,20.027149,-116.037239,-63.817501,-28.096586,84.634186,17.138605,1.0,11.091221,63.804127,132.384933,65.589836
0.663603,-0.399977,-0.632178,0.585004,0.804167,0.105289,0.466263,-0.439697,0.767636,59.143681,-0.534876,0.578373,-0.615949,181.216904,17.475739,256.529541,1.155403,0.0,-0.63415,-0.756537,-0.159704,20.630081,166.363266,23.654215,72.132133,-97.706535,94.558029,84.634186,68.767487,1.0,11.273362,64.119492,127.901199,63.745403
0.66831,-0.248236,-0.701242,0.628851,0.692102,0.354318,0.397377,-0.677771,0.618642,59.143681,-0.547074,0.346171,-0.762152,162.533432,-37.644043,222.458191,2.018306,0.0,-0.457252,-0.886227,-0.07431,18.774689,159.069229,18.92841,-71.377098,-54.842266,-5.898822,84.634186,56.688278,0.0,11.472953,62.736259,132.571487,67.092461
0.752188,-0.227472,-0.618441,0.476083,0.836482,0.271373,0.455585,-0.498553,0.737487,59.143681,-0.6148,0.457922,-0.642129,174.039612,2.653753,244.191391,0.753985,0.0,-0.425999,-0.878002,-0.218262,11.524462,157.972977,17.13744,-77.543922,108.257423,-35.207909,84.634186,73.366646,0.662051,11.654901,59.623966,127.86039,58.978893
0.682998,-0.307541,-0.66252,0.590866,0.765871,0.253613,0.429408,-0.564678,0.704803,59.143681,-0.554466,0.472232,-0.685248,170.074448,-14.322036,243.796494,1.360165,0.0,-0.518475,-0.8401,-0.159425,17.770184,160.175552,22.764668,144.216599,21.749584,43.943157,84.634186,61.138878,0.948137,11.837153,62.232861,127.49118,66.792206
0.65898,-0.369062,-0.655392,0.671594,0.681059,0.291755,0.338685,-0.632418,0.696664,59.143681,-0.621294,0.318228,-0.716048,145.632675,-26.189415,240.782852,1.933146,0.0,-0.457301,-0.88931,0.001558,13.153169,157.145905,20.292549,8.331563,78.527107,-23.251659,84.634186,63.250675,0.0,12.019209,60.575378,132.635971,65.82267
0.717479,-0.098816,-0.689536,0.429408,0.842173,0.326119,0.548482,-0.530076,0.646674,59.328743,-0.553685,0.441993,-0.705744,199.970764,-6.910311,226.643066,0.432861,0.0,-0.378167,-0.888538,-0.259786,16.550833,155.490891,18.818083,100.637375,162.707214,-30.542978,84.632408,78.508743,0.0,12.20138,62.227802,126.210144,64.240845
0.534389,-0.396234,-0.74661,0.719332,0.677025,0.15556,0.443836,-0.62019,0.646818,59.328743,-0.519298,0.383537,-0.763694,173.965851,-30.070927,230.128601,0.0,0.0,-0.61539,-0.787894,0.022764,19.976013,155.373566,19.693335,-91.399872,-24.290117,80.412857,84.632408,63.806667,0.0,12.383438,62.503323,125.680389,67.690018
0.834421,-0.050658,-0.548794,0.290749,0.886388,0.360252,0.468195,-0.460163,0.75435,59.328743,-0.579513,0.506769,-0.63824,174.216324,8.477026,255.003601,2.02365,0.0,-0.320587,-0.861769,-0.393165,10.366923,155.613373,22.577848,-92.423294,46.462914,21.285055,84.632408,68.021797,0.238075,12.582849,56.636311,124.039925,65.560165
0.772415,-0.196049,-0.604102,0.393828,0.894068,0.213404,0.498271,-0.402749,0.767802,59.328743,-0.486382,0.509211,-0.710026,179.814545,21.23628,254.142975,0.908363,0.0,-0.451247,-0.842255,-0.294928,13.224279,155.004822,14.134528,-1.147994,-139.431259,-0.546389,84.632408,66.756767,0.471552,12.764917,54.681423,122.380447,61.321243
0.683518,-0.241362,-0.688874,0.519883,0.823433,0.227333,0.512372,-0.51352,0.688311,59.649719,-0.550369,-0.090251,-0.830029,192.824539,3.783347,239.996246,0.416353,0.0,-0.260437,-0.925981,0.273372,18.452316,131.676697,13.748851,-37.248734,-96.448784,61.549988,84.706367,72.212112,0.0,12.947032,64.037697,132.858795,66.986366
0.76247,-0.168423,-0.624719,0.446281,0.835989,0.319306,0.468479,-0.522261,0.71258,59.649719,-0.527138,0.515264,-0.675743,180.704163,-14.388674,238.877182,3.141593,1.0,-0.435688,-0.846605,-0.305674,19.504421,150.765335,15.360768,-40.87505,46.605297,28.189032,84.706367,32.758869,0.585247,13.129203,62.949875,116.883789,59.767147
0.726616,-0.263121,-0.634662,0.527949,0.804976,0.270711,0.439658,-0.531772,0.723823,59.649719,-0.536303,0.238611,-0.809595,173.92598,-13.010666,242.087784,0.442043,0.0,-0.380336,-0.92462,-0.020564,19.638412,138.882843,7.914113,-39.773788,-193.937653,-52.969452,84.706367,78.157806,0.186005,13.311386,63.416153,120.652481,60.151855
0.644516,-0.337921,-0.685864,0.597397,0.78242,0.175889,0.477197,-0.523096,0.706155,59.649719,-0.527319,0.121123,-0.84099,193.393875,-9.671375,240.699722,2.685829,0.136604,-0.433719,-0.889493,0.143842,29.672819,134.079269,9.285069,119.068581,-46.890709,5.973464,84.706367,52.281048,1.0,13.493487,73.448517,121.810966,63.204807
0.76282,-0.317725,-0.563167,0.50043,0.841639,0.20301,0.409482,-0.436686,0.801018,59.649719,-0.455627,0.461764,-0.761038,167.244278,7.938765,253.416946,1.359461,0.0,-0.503233,-0.838824,-0.207679,25.477245,148.625717,1.631919,-45.359299,-89.00248,36.829155,84.706367,73.912926,0.940372,13.692886,64.319183,117.701591,52.077717
0.79376,-0.286631,-0.536459,0.50358,0.804338,0.315353,0.341104,-0.520464,0.782793,59.649719,-0.529169,0.239865,-0.813907,152.044205,-6.845413,251.470688,1.070248,0.0,-0.348383,-0.936052,-0.049357,23.934412,141.852829,1.416546,83.707466,-66.918587,47.555901,84.706367,51.125824,0.0,13.874939,66.306183,123.975418,54.712349
0.687639,-0.268489,-0.674586,0.489651,0.857515,0.15783,0.536092,-0.438842,0.721126,59.73304,-0.54712,0.105058,-0.830435,205.922073,13.788763,238.955078,0.0,0.0,-0.337145,-0.935719,0.103745,25.851336,133.530899,4.455228,17.853046,52.974751,0.837328,84.686485,76.734688,0.0,14.057022,71.201584,124.07019,57.735256
0.812362,-0.080404,-0.577584,0.337186,0.872858,0.352738,0.475788,-0.481304,0.736188,60.129021,-0.302009,0.666651,-0.681444,189.915619,-1.812192,239.2173,3.141593,1.0,-0.421872,-0.73448,-0.531567,39.551132,162.201721,7.064911,10.543919,32.818844,-9.752637,84.673096,21.186869,0.603881,14.239162,70.371368,119.118073,54.246052
0.719379,-0.234978,-0.653666,0.464929,0.862047,0.201783,0.516076,-0.449067,0.729387,60.129021,-0.516001,0.240973,-0.821995,203.713898,13.918053,236.804855,0.697745,0.0,-0.370071,-0.928151,-0.039784,30.709263,144.119049,0.412401,6.230308,-120.15863,-33.821198,84.673096,42.68969,0.305065,14.421301,74.04702,126.748482,53.542435
0.835712,-0.141128,-0.530724,0.359256,0.871431,0.333981,0.415355,-0.469777,0.778967,60.129021,-0.537505,0.232331,-0.810623,177.191635,7.116,246.723145,3.141593,0.64492,-0.226645,-0.965727,-0.126502,29.484142,140.884689,-2.306191,-40.481411,4.174509,-51.577801,84.673096,27.799114,0.851047,14.603417,72.831314,125.150162,51.003502
0.755055,-0.129707,-0.642703,0.396986,0.870576,0.290689,0.521818,-0.47463,0.708825,60.129021,-0.452186,0.365945,-0.813396,201.32338,-3.938507,228.055725,0.549321,0.0,-0.35464,-0.910536,-0.212495,30.437191,139.885574,-3.279084,37.921028,20.925056,28.082384,84.673096,69.457382,0.127622,14.802855,70.21386,115.315002,49.95966
0.766318,-0.064791,-0.639186,0.476435,0.724758,0.497731,0.431007,-0.685951,0.586264,60.129021,-0.491368,0.320456,-0.809856,182.516205,-52.944614,201.101242,1.104136,0.0,-0.303453,-0.934577,-0.185692,33.025799,143.20636,1.932279,22.066633,116.046951,17.370687,84.673096,43.234695,0.0,14.984883,74.223427,119.404221,53.799271
0.856863,-0.087618,-0.508044,0.375488,0.781319,0.498548,0.353263,-0.617952,0.702383,60.129021,-0.415997,0.487336,-0.767756,157.953583,-36.354424,228.720383,0.029858,0.0,-0.313627,-0.869363,-0.381898,33.218708,151.628296,0.954496,-88.104301,54.977276,-18.592232,84.673096,72.608414,0.0,15.167003,69.194427,118.909279,52.242882
0.629302,-0.394834,-0.669391,0.68928,0.681429,0.246065,0.358988,-0.616247,0.700976,60.129021,-0.553131,0.449106,-0.701676,161.26268,-35.257221,232.806686,1.294058,0.0,-0.569955,-0.818296,-0.074453,27.425091,152.197388,11.935682,-49.794708,44.731079,13.791242,84.673096,55.988152,0.272528,15.368804,71.065094,119.578217,56.68259
0.736406,-0.217746,-0.64054,0.573046,0.704027,0.419482,0.359617,-0.675968,0.643228,60.129021,-0.44865,0.440701,-0.777493,161.38591,-54.10144,217.024612,1.1178,0.0,-0.468363,-0.856871,-0.215426,32.995819,147.676361,5.239292,69.493942,-13.755598,-31.44697,84.673096,45.974915,0.090372,15.557232,71.030205,115.739265,55.409962
0.795217,-0.22135,-0.564477,0.496693,0.771759,0.397093,0.347744,-0.596147,0.723659,60.129021,-0.449916,0.402719,-0.797116,159.190613,-40.368359,230.976517,0.575854,0.0,-0.404337,-0.887692,-0.22026,33.864796,137.77504,-3.186966,43.358028,69.582031,-2.587954,84.673096,76.900818,0.708596,15.756724,71.818146,109.416946,49.153172
0.745764,-0.176848,-0.642309,0.535701,0.732349,0.420345,0.396057,-0.657564,0.640897,60.129021,-0.577074,0.152632,-0.802302,174.016663,-47.539318,216.940323,1.224043,0.0,-0.268837,-0.963132,0.010138,28.767439,131.528885,4.760213,-24.176258,28.555302,39.213646,84.673096,62.036854,0.0,15.93881,74.505089,117.677193,55.911552
0.730906,-0.289706,-0.617938,0.536173,0.803942,0.257283,0.42225,-0.519372,0.742939,59.748333,-0.577245,0.273161,-0.769527,174.348328,-21.192577,241.958176,0.208336,0.0,-0.38635,-0.921596,-0.03733,22.460932,129.309387,5.663055,-87.129738,-99.96637,15.206833,84.654465,63.343967,0.0,16.120907,68.27153,109.283005,55.318443
0.77712,-0.209028,-0.593626,0.464002,0.827542,0.316033,0.425191,-0.521039,0.740089,59.329819,-0.513973,0.425134,-0.745046,172.028992,-22.229475,237.617615,1.098459,0.0,-0.404258,-0.886095,-0.22674,22.986599,137.252548,2.91409,6.221001,253.283768,-36.07394,84.63456,74.2519,0.866677,16.303055,65.246048,108.624832,51.750954
0.701852,-0.329336,-0.631618,0.632478,0.696021,0.339892,0.327681,-0.638039,0.696801,59.329819,-0.46919,0.457544,-0.755324,151.623154,-47.604939,231.068756,2.586617,1.0,-0.537257,-0.826709,-0.167054,30.572542,145.697784,7.265804,56.787365,99.093216,-11.697064,84.63456,46.608624,0.315406,16.485136,69.329056,112.632812,56.073296
0.736761,-0.307867,-0.601997,0.522871,0.823915,0.218563,0.428707,-0.475796,0.768003,59.329819,-0.602746,0.369504,-0.707223,173.501343,-2.865882,247.380768,0.999545,0.0,-0.429145,-0.897334,-0.103083,18.645777,141.831192,8.621763,-36.771431,43.688511,24.876297,84.63456,74.732323,0.986467,16.667252,65.835487,116.625954,54.503525
0.651598,-0.268402,-0.709493,0.594986,0.761017,0.258542,0.470543,-0.590604,0.655573,59.329819,-0.534853,0.284695,-0.795539,183.839767,-34.369946,225.079041,1.274179,0.0,-0.452542,-0.89162,-0.014828,21.67333,136.093124,9.918473,78.365829,93.248932,-17.504597,84.63456,37.914333,0.512835,16.866753,65.666962,113.954994,60.43771
0.735527,-0.300762,-0.607077,0.549851,0.788504,0.275547,0.395809,-0.536474,0.74534,59.329819,-0.518076,0.414495,-0.748192,165.518158,-24.875164,242.016418,0.991446,0.0,-0.47118,-0.868347,-0.154798,23.922485,138.705505,6.143353,-60.774784,75.499718,42.284439,84.63456,73.275696,0.47093,17.048828,66.114311,109.85553,54.830994
0.457927,-0.614544,-0.642369,0.81925,0.572271,0.036538,0.345155,-0.542993,0.765524,59.329819,-0.680905,0.200674,-0.704343,161.56601,-20.679319,253.808594,2.233381,0.0,-0.566135,-0.75433,0.332381,24.491386,134.867783,16.742193,35.547783,136.744339,-86.943069,84.63456,42.971497,0.453257,17.231045,74.883453,115.68856,61.554073
0.682981,-0.261323,-0.68209,0.555934,0.791675,0.253353,0.473787,-0.552233,0.685978,59.329819,-0.535753,0.340266,-0.772779,187.029648,-28.513065,228.239944,0.407302,0.0,-0.447181,-0.890663,-0.08215,24.043541,134.854965,6.52112,-92.588409,-112.145798,-14.537854,84.63456,40.30851,0.523017,17.413128,68.042336,110.175247,55.962734
0.715597,-0.432779,-0.548291,0.592407,0.791909,0.148102,0.370101,-0.430792,0.823069,59.54821,-0.634631,0.357053,-0.685388,155.529755,1.378319,265.462189,1.017253,0.0,-0.477984,-0.878242,-0.014933,14.258288,134.24437,14.084446,-14.351721,100.254379,-71.938553,84.63855,73.717041,0.773192,17.595186,62.577744,109.573021,58.745861
0.521248,-0.474927,-0.709044,0.76684,0.625262,0.144928,0.374508,-0.619267,0.69011,59.54821,-0.621491,0.160573,-0.766789,155.329681,-42.950813,237.851608,0.832161,0.0,-0.531339,-0.805645,0.261946,13.463943,129.572311,16.048557,-149.62616,-111.590591,78.959259,84.63855,52.26302,0.209918,17.777365,61.270893,112.579971,64.528427
0.725961,-0.31815,-0.609722,0.550555,0.800154,0.237998,0.412153,-0.508462,0.75604,59.54821,-0.606081,0.403356,-0.685543,162.397263,-20.470184,249.501053,1.061653,0.0,-0.451943,-0.883872,-0.12049,11.684358,134.841995,15.21066,28.926743,115.169647,-23.829334,84.63855,80.755188,0.634054,17.976765,58.883915,107.231651,59.619427
0.572132,-0.503058,-0.647763,0.685368,0.727058,0.040708,0.450483,-0.467247,0.760753,59.54821,-0.591002,0.391721,-0.705175,180.280243,-6.708476,250.600159,1.876188,0.0,-0.604074,-0.794268,0.065058,20.735147,139.080002,14.601452,23.652906,109.338539,58.829922,84.63855,48.45174,0.303926,18.159185,67.140121,110.641998,59.534763
0.667691,-0.322768,-0.670827,0.572989,0.798107,0.186302,0.475259,-0.508769,0.717832,59.54821,-0.490201,0.526778,-0.694412,181.621353,-10.406404,244.159271,2.771786,1.0,-0.578007,-0.792788,-0.193378,20.98654,153.225616,18.940931,12.538094,-45.14645,-51.590157,84.63855,40.897263,0.510671,18.340956,62.258625,117.37252,63.873676
0.614199,-0.273145,-0.740372,0.585822,0.786419,0.195853,0.528746,-0.554019,0.643032,59.54821,-0.457929,0.219257,-0.861526,196.209747,-19.207998,232.851532,0.291495,0.0,-0.481837,-0.875629,0.033266,23.055,138.415329,16.366756,100.313026,-53.701477,-11.790279,84.63855,80.089989,0.0,18.523039,63.413609,119.93557,71.352112
0.761166,-0.230074,-0.606376,0.384433,0.913061,0.13613,0.522338,-0.336728,0.783439,59.54821,-0.519577,0.433374,-0.736361,190.57991,32.948711,255.948685,1.947655,0.0,-0.436166,-0.875601,-0.207562,15.849796,145.02948,10.639669,-131.30368,134.678268,-10.83719,84.63855,73.421783,0.0,18.705153,59.393116,117.519028,59.185646
0.780002,-0.308784,-0.544288,0.447895,0.882901,0.14098,0.43702,-0.353748,0.826968,59.54821,-0.516714,0.403004,-0.755377,167.930038,25.878183,266.086273,0.665948,0.0,-0.457211,-0.875833,-0.154515,15.648459,140.94519,8.41822,75.013901,-145.667969,-20.540501,84.63855,68.660057,0.0,18.887375,58.171181,114.723114,58.390884
0.84246,-0.149661,-0.517555,0.269189,0.949066,0.163737,0.46669,-0.277263,0.839837,59.54821,-0.629187,0.248677,-0.736399,179.746979,52.834419,264.144592,2.405667,1.0,-0.235597,-0.963882,-0.124201,13.67152,137.072601,4.533174,41.65427,97.827446,-23.365614,84.63855,11.959703,1.0,19.086721,62.536526,122.469734,53.217022
0.806176,-0.17664,-0.564694,0.365056,0.89958,0.239772,0.465634,-0.399443,0.789703,59.54821,-0.566885,0.339987,-0.750367,181.762482,21.573202,256.608398,2.686233,1.0,-0.320182,-0.930182,-0.17957,19.280741,143.658691,8.868587,-45.455914,-14.701876,70.012093,84.63855,21.20797,1.0,19.268864,64.817085,121.894394,58.272209
0.699013,-0.394792,-0.596255,0.587296,0.792648,0.163682,0.408,-0.464594,0.785932,59.54821,-0.531967,0.488783,-0.691449,162.834045,9.856366,265.150787,2.052409,0.191616,-0.567406,-0.811895,-0.137392,17.433262,159.701141,22.618395,77.161789,-74.372879,-11.073506,84.63855,54.341396,0.865087,19.450922,60.363647,126.540527,67.761757
0.730382,-0.157663,-0.664593,0.429013,0.863015,0.266746,0.531498,-0.479945,0.69797,59.54821,-0.535283,0.136324,-0.8336,195.989197,17.389389,247.550919,0.946205,0.0,-0.265308,-0.96408,0.012702,17.957357,148.818512,18.692392,1.187491,-91.422401,-24.804752,84.63855,47.339947,0.040517,19.633036,62.501877,137.929092,72.253685
0.796189,-0.050841,-0.602908,0.203111,0.961098,0.187178,0.569938,-0.271487,0.775542,59.54821,-0.548999,0.022649,-0.835516,205.961746,63.163506,262.579193,1.858667,0.0,-0.070144,-0.997355,0.019054,17.721302,131.947311,13.481293,64.479156,-97.918068,-77.466255,84.63855,55.687054,0.369653,19.815159,62.820129,131.34816,67.799469
0.784789,0.050041,-0.617739,0.293851,0.847534,0.44197,0.545671,-0.528377,0.650431,59.702778,-0.453332,0.267341,-0.850305,200.867722,-3.338349,230.497833,1.3348,0.0,-0.172849,-0.962219,-0.210375,23.938776,147.431854,11.665226,60.994221,225.780502,-29.774292,84.653061,38.55846,0.527979,19.997393,63.797226,129.387772,67.112083
0.733012,-0.295417,-0.612717,0.515728,0.828704,0.217427,0.443529,-0.475372,0.759805,59.702778,-0.584649,0.390633,-0.71105,176.844513,12.038083,258.789276,0.577553,0.0,-0.442212,-0.888245,-0.124378,19.089191,157.95256,21.781097,22.316139,-64.564529,77.066162,84.653061,81.511383,0.10089,20.196728,65.431717,131.449524,67.929276
0.762986,-0.233185,-0.60289,0.466061,0.844729,0.263098,0.447928,-0.481724,0.753195,59.702778,-0.543147,0.151873,-0.825788,176.94017,17.589909,259.266022,2.475566,0.0,-0.29824,-0.954267,0.02066,20.25503,150.684418,16.544209,-25.738531,-15.960435,12.336134,84.653061,38.543819,0.219474,20.378872,64.422363,138.597015,70.066467
0.7636,-0.062217,-0.642685,0.239477,0.951647,0.192405,0.599638,-0.300828,0.741577,59.702778,-0.478104,-0.033086,-0.87768,212.31929,54.733208,260.335876,0.577887,0.0,-0.093711,-0.991664,0.088431,20.072636,128.275696,17.083834,8.433641,-197.674561,-56.005016,84.653061,26.932056,0.873584,20.561041,61.692577,130.300125,74.054695
0.820661,-0.151645,-0.550926,0.387078,0.856767,0.340764,0.42034,-0.492903,0.761814,59.702778,-0.471851,0.402612,-0.784385,169.306549,-4.365384,247.13031,0.580148,0.0,-0.339415,-0.904033,-0.259848,23.901073,146.072678,3.750671,-6.103813,101.685783,38.376896,84.653061,74.901749,0.712457,20.743093,63.718807,119.449936,55.765633
0.804143,0.076251,-0.589526,0.380439,0.696011,0.608962,0.45675,-0.713971,0.530684,60.16111,-0.452912,0.275261,-0.847999,182.623306,-47.246647,200.383713,1.466028,0.0,-0.178969,-0.959855,-0.215984,28.728298,152.777695,12.650528,-31.073236,50.413483,37.210091,84.65258,51.278656,0.0,20.925278,67.890091,132.098892,67.078827
0.802963,-0.094704,-0.588457,0.309278,0.91018,0.275536,0.509507,-0.403242,0.76013,60.16111,-0.510839,0.113012,-0.852216,192.496552,28.626278,259.735199,0.56673,0.0,-0.168396,-0.985271,-0.029715,21.818556,137.794693,13.173537,-42.720352,-196.30162,3.27071,84.65258,76.575356,0.594047,21.107397,64.511055,129.918549,68.794586
0.788071,-0.078404,-0.610571,0.236303,0.954398,0.182444,0.568423,-0.288059,0.77066,60.16111,-0.48531,0.07452,-0.871161,207.437515,66.178894,262.690582,3.141593,1.0,-0.14095,-0.989998,-0.006165,22.913645,142.824158,12.16843,137.115097,377.505707,-19.866745,84.65258,32.292072,0.713066,21.306721,64.652687,138.53772,69.104889
0.749537,-0.152973,-0.644045,0.444284,0.837497,0.318136,0.490719,-0.524593,0.695698,60.16111,-0.48257,0.344759,-0.80515,189.108521,3.134361,246.457275,0.725784,0.0,-0.362591,-0.915435,-0.174662,24.653091,158.807068,19.404572,-86.105507,-176.171661,0.901346,84.65258,17.496727,1.0,21.488894,65.842461,134.909393,71.701599
0.655804,-0.132255,-0.743256,0.337233,0.932166,0.131684,0.675422,-0.337009,0.655919,60.16111,-0.470475,0.057163,-0.88056,233.525452,54.576694,240.172653,0.567512,0.0,-0.23903,-0.968846,0.064818,21.474642,143.96637,18.982185,-80.216919,-53.173161,73.6343,84.657738,66.724915,0.0,21.67087,63.863117,139.231613,75.409294
0.80712,0.050728,-0.588204,0.212344,0.904686,0.369396,0.550878,-0.423049,0.719419,60.013397,-0.459849,0.22264,-0.859634,202.024063,23.355087,251.793442,2.254711,0.0,-0.116739,-0.974815,-0.190022,23.548855,143.552582,14.435846,2.806696,66.775787,-36.410633,84.671593,69.287247,0.039717,21.853111,63.615364,129.6465,71.038818
0.879043,-0.08576,-0.468965,0.342741,0.797433,0.496617,0.331379,-0.597282,0.730372,60.013397,-0.516981,0.346434,-0.78276,150.220215,-20.54763,241.955688,2.359197,0.0,-0.201635,-0.937997,-0.281968,25.636171,152.848541,6.515965,120.854347,-194.640823,-101.423119,84.671593,64.357788,1.0,22.03512,66.961021,129.520004,58.449066
0.820177,-0.172574,-0.545461,0.363838,0.893115,0.264515,0.441511,-0.415408,0.795301,60.013397,-0.562643,0.092479,-0.821511,185.853882,28.508465,259.726685,1.354826,0.0,-0.183776,-0.98285,0.015225,29.94849,139.890259,6.232095,133.016418,21.780792,117.437263,84.671593,34.791321,0.63246,22.21726,74.923759,132.880188,59.906471
0.78326,-0.235927,-0.575189,0.438325,0.865679,0.241808,0.44088,-0.441518,0.781464,60.013397,-0.600714,0.366164,-0.710681,179.544128,16.074324,254.233917,0.994066,0.0,-0.369927,-0.915365,-0.158937,21.556364,151.06813,11.336251,-98.575111,137.662018,116.621399,84.671593,84.303818,0.80603,22.416689,68.772575,127.006226,57.890221
0.817534,-0.101884,-0.566796,0.350032,0.869461,0.348589,0.457292,-0.48338,0.746477,60.013397,-0.575074,0.235864,-0.783363,180.272186,17.589535,256.101471,2.89844,1.0,-0.202656,-0.968765,-0.142915,19.566603,154.83873,17.376513,-22.60743,49.075054,2.662723,84.671593,32.215714,0.650602,22.598742,65.377121,139.039291,68.548424
0.830527,0.041868,-0.555403,0.285767,0.823889,0.489433,0.478082,-0.565203,0.672297,60.013397,-0.387197,0.349446,-0.853209,179.737274,-11.53942,236.101303,2.193564,0.575947,-0.19853,-0.935284,-0.292966,24.184414,153.959686,10.693212,-24.933084,-122.417099,-18.497801,84.671593,25.302128,0.916943,22.780865,59.61874,130.468369,67.185936
0.795367,-0.101382,-0.597589,0.26622,0.944157,0.194151,0.544534,-0.313512,0.777941,60.013397,-0.448961,0.10145,-0.887774,205.329437,48.056965,261.646942,1.223796,0.0,-0.181707,-0.98314,-0.020456,28.949602,133.257248,7.87641,73.062607,-9.723586,-50.817745,84.671593,64.374672,0.588796,22.963142,68.514626,126.827171,66.188416
0.727106,-0.32795,-0.60313,0.412424,0.91099,0.001851,0.548839,-0.250091,0.797641,60.013397,-0.576044,0.209916,-0.790006,206.344391,70.810822,273.397034,2.879383,1.0,-0.385326,-0.92208,0.035956,21.530617,147.418701,21.816385,67.176537,66.614731,102.627945,84.671593,52.867371,0.194498,23.145119,68.44812,133.646454,72.989021
0.725794,-0.154866,-0.670253,0.389207,0.895835,0.21447,0.567222,-0.416528,0.710467,60.013397,-0.537,0.245219,-0.807154,211.197266,27.891808,248.01329,0.507711,0.0,-0.306042,-0.948262,-0.084479,23.738438,149.169495,17.424679,26.261204,-13.379605,-57.464794,84.671593,71.241081,0.010231,23.327366,68.682152,132.544998,69.507759
0.67945,-0.301809,-0.668775,0.523627,0.837944,0.153833,0.513968,-0.45471,0.727376,60.013397,-0.553731,-0.04493,-0.831482,203.456009,29.991344,256.175934,0.845024,0.0,-0.304863,-0.918275,0.252645,28.673643,145.339127,19.958677,29.912176,50.162167,23.406048,84.671593,51.546535,0.0,23.526768,74.321053,144.237656,73.421982
0.710254,-0.205942,-0.673147,0.53296,0.782029,0.323086,0.459884,-0.588233,0.665198,61.285564,-0.480428,0.55299,-0.680728,184.048508,-12.225612,238.626389,2.999401,0.897401,-0.512533,-0.806864,-0.293734,27.810066,173.046402,27.351664,15.030231,267.50061,161.822311,84.665909,52.712688,0.198586,23.708792,68.510063,135.558716,71.505905
0.749166,-0.057527,-0.659879,0.413408,0.818982,0.397948,0.517536,-0.570929,0.637336,61.285564,-0.512148,0.389668,-0.765418,196.866974,1.210064,237.15625,1.439345,0.0,-0.318674,-0.913763,-0.251961,23.760107,171.081497,27.578838,83.533325,-112.774017,-72.258514,84.665909,65.131081,0.509544,23.891029,66.844185,144.646805,77.035759
0.658883,-0.385436,-0.645997,0.550894,0.832004,0.065465,0.51224,-0.39901,0.760527,61.285564,-0.606871,-0.05021,-0.793212,203.651718,45.492397,267.125427,1.936062,0.0,-0.322139,-0.896816,0.30323,26.461189,146.328949,25.118404,70.01059,4.84767,131.884415,84.665909,46.185219,0.740919,24.073132,74.959641,145.737244,76.054993
0.766616,-0.112656,-0.632146,0.412734,0.840622,0.350721,0.491885,-0.529776,0.690931,61.285564,-0.368893,0.520849,-0.769828,198.335754,0.731809,236.650757,1.646826,0.389347,-0.418535,-0.832605,-0.362765,39.979229,168.576431,11.93113,114.072372,117.873444,-5.622504,84.665909,30.268112,0.791141,24.255177,74.757378,133.829636,63.065186
0.679712,-0.282021,-0.677094,0.497117,0.855895,0.142545,0.53932,-0.433484,0.721959,60.797626,-0.659899,0.305834,-0.686294,211.208878,30.507681,252.896576,1.261276,0.0,-0.394163,-0.91854,-0.030326,24.309074,160.3423,27.825121,27.547224,53.752934,184.455246,84.677139,64.159294,0.212477,24.437344,75.695305,139.428207,71.491699
0.815078,-0.042873,-0.577763,0.338793,0.84424,0.415304,0.469965,-0.534247,0.702647,60.797626,-0.330037,0.743809,-0.581226,186.031296,0.3645,243.855148,2.673434,1.0,-0.446662,-0.665487,-0.598013,35.543491,182.72142,26.572973,-44.235062,-131.871201,-82.915054,84.677139,41.492184,0.560622,24.636654,67.944397,134.603424,67.302803
0.801423,-0.133197,-0.583078,0.366318,0.879954,0.302477,0.472792,-0.456004,0.754008,60.797626,-0.584281,-0.033087,-0.810877,189.34169,29.702742,264.558014,1.105869,0.0,-0.09276,-0.989897,0.107231,24.110086,144.010193,22.6087,-9.134977,-181.651917,-95.160973,84.677139,51.514534,0.308817,24.818758,70.54438,144.281708,75.10038
0.751104,-0.062567,-0.657212,0.30163,0.918044,0.257323,0.58725,-0.391511,0.708419,60.797626,-0.544909,0.204166,-0.813259,215.202103,40.035591,248.64888,2.942884,1.0,-0.203732,-0.973076,-0.107781,22.225092,151.539474,18.014145,-27.149374,50.80864,39.013866,84.677139,30.622854,0.777148,25.000925,67.64537,138.409607,70.646355
0.761674,-0.135341,-0.633669,0.449522,0.814701,0.366322,0.466672,-0.563866,0.681375,60.797626,-0.52622,0.375197,-0.763099,182.539383,-5.703197,240.580063,0.476308,0.0,-0.346557,-0.914113,-0.210467,21.896769,161.74118,19.911049,-61.093483,-64.902435,-7.373762,84.677139,65.940262,0.0,25.183046,65.2799,135.978073,69.372688
0.751339,-0.161474,-0.639856,0.436986,0.848301,0.299046,0.494503,-0.504293,0.707923,60.797626,-0.626944,0.126682,-0.768695,190.865448,13.416468,255.859039,1.247689,0.0,-0.205296,-0.978681,0.006152,17.440756,150.183121,28.758553,-130.755844,-98.245132,21.19739,84.677139,59.34584,0.509322,25.365229,66.612976,140.128922,77.980942
0.686938,-0.181416,-0.703707,0.434801,0.878498,0.197963,0.582291,-0.441961,0.682354,60.797626,-0.506252,0.200781,-0.838687,213.181549,25.317043,249.012939,2.704034,1.0,-0.336086,-0.941562,-0.02254,23.381065,151.123367,23.722857,70.229141,89.596184,-75.092224,84.677139,47.720722,0.292318,25.547308,66.870667,136.367538,77.559586
0.724421,-0.165785,-0.669126,0.429052,0.868164,0.249409,0.539563,-0.467767,0.700047,60.797626,-0.417275,0.387462,-0.822043,202.985916,14.284654,247.991394,0.984403,0.0,-0.409624,-0.887647,-0.210456,29.379303,158.122635,18.321276,-51.542042,5.315499,-37.004101,84.677139,62.25354,0.0,25.7467,67.411217,131.81926,72.0924
0.675011,-0.163677,-0.719423,0.356607,0.926,0.123917,0.645904,-0.340197,0.683428,60.797626,-0.547537,0.351065,-0.759576,225.679291,49.418747,249.42337,0.739392,0.0,-0.376398,-0.914047,-0.151135,17.035898,157.269119,28.877211,-65.174561,8.691538,89.787369,84.677139,65.762154,0.337912,25.928808,63.384716,134.8992,77.70005
0.535863,-0.435695,-0.723202,0.729102,0.670726,0.136154,0.425748,-0.600248,0.677083,60.797626,-0.579181,0.295997,-0.759562,170.665665,-16.474146,251.95787,1.890674,0.0,-0.571039,-0.812268,0.118893,17.901173,158.672867,34.006363,-5.649349,61.760319,-123.30162,84.677139,50.197609,0.43326,26.110971,63.68895,134.348602,81.829048
0.601913,-0.297959,-0.740892,0.694756,0.652822,0.30189,0.39372,-0.696451,0.599951,60.797626,-0.485699,0.378975,-0.787702,168.720001,-39.731129,226.447067,1.263736,0.0,-0.566853,-0.822522,-0.046204,29.380779,165.020111,26.080519,-5.622035,-47.123398,-36.91296,84.677139,28.102808,0.6399,26.293036,69.791016,135.264297,75.698959
0.70584,-0.225713,-0.671449,0.544332,0.779406,0.310207,0.453314,-0.584448,0.672999,60.797626,-0.577689,0.407148,-0.707465,183.063477,-13.675825,242.294464,0.577832,0.0,-0.429407,-0.88868,-0.1608,23.053638,161.587463,27.916006,-97.235527,-53.519108,54.231647,84.677139,68.036423,0.0,26.475245,69.160446,133.176849,73.191727
0.629341,-0.374813,-0.680768,0.635288,0.752673,0.172894,0.447593,-0.541293,0.711802,60.797626,-0.614099,0.316281,-0.723083,173.309464,-4.318036,257.159454,1.230106,0.0,-0.484082,-0.874556,0.028584,12.838196,155.382187,32.415024,31.79324,12.420594,-30.822458,84.677139,53.525806,0.529119,26.657387,60.84383,131.691284,78.306755
0.746553,-0.001341,-0.665324,0.464949,0.716339,0.52027,0.4759,-0.697751,0.535409,60.797626,-0.420567,0.413219,-0.807696,183.972137,-45.121258,209.213776,1.174883,0.0,-0.348781,-0.895482,-0.276521,26.721687,159.933563,22.90159,64.581902,29.157578,-73.819138,84.677139,38.44463,0.405647,26.856733,64.393982,130.200958,74.683022
0.783533,0.085761,-0.615403,0.291365,0.824073,0.485808,0.548801,-0.559954,0.620701,60.743744,-0.453094,0.393931,-0.799703,203.853424,-11.889771,228.511948,0.413328,0.0,-0.206611,-0.919046,-0.335658,25.95628,154.760193,20.035805,-75.475716,-87.009766,63.430687,84.720985,73.513397,0.0,27.038885,65.886299,128.881271,72.469223
0.621006,-0.230129,-0.749261,0.561404,0.797679,0.220305,0.546971,-0.557449,0.624558,60.314816,-0.578814,0.252858,-0.775266,200.525635,-9.374911,237.150833,0.624695,0.0,-0.409302,-0.912364,0.008011,15.761337,150.376068,31.372845,-23.27951,-100.367615,79.579773,84.726913,51.083977,0.114391,27.220884,63.008724,130.776184,80.127403
0.63811,-0.181404,-0.74827,0.56971,0.764984,0.300381,0.517925,-0.617974,0.591492,60.314816,-0.566385,0.348576,-0.746795,198.183563,-23.785641,222.423187,0.836362,0.0,-0.428094,-0.898746,-0.094825,21.727024,157.225266,26.824594,79.22979,29.752338,-70.660583,84.726913,61.109375,0.0,27.403111,67.969391,131.582306,73.713196
0.566996,-0.281865,-0.773995,0.510716,0.857522,0.061846,0.646286,-0.430358,0.630164,57.320206,-0.546142,0.178248,-0.818509,236.196045,27.039799,230.02449,0.0,0.0,-0.420837,-0.903229,0.084103,27.321928,149.505676,20.101921,-37.703671,-6.470795,43.830894,84.698875,91.710258,0.0,27.585274,73.761627,135.204056,71.641975
0.843718,-0.000394,-0.536787,0.100986,0.98226,0.15801,0.527202,-0.187524,0.82879,58.219391,-0.676823,0.130873,-0.724419,194.126678,95.591156,279.458405,2.662174,1.0,-0.064354,-0.990821,-0.118875,9.967268,148.295166,23.37886,-117.680496,26.202185,22.451096,84.704796,12.388718,1.0,27.767687,61.61459,142.725143,71.142494
0.745672,-0.078932,-0.661621,0.302355,0.924926,0.230421,0.593763,-0.371863,0.713557,59.371548,-0.556642,0.220791,-0.800875,209.987732,45.223774,259.029449,0.266296,0.0,-0.22209,-0.968498,-0.11264,14.621081,152.671097,27.902681,-18.831469,-84.114296,-18.084671,84.682518,72.323212,0.0,27.966669,60.779266,138.670395,79.717415
0.790431,0.084859,-0.606645,0.35043,0.749644,0.561456,0.502412,-0.656379,0.562804,59.554184,-0.520094,0.243223,-0.818746,186.155685,-22.185163,223.672989,1.427524,0.0,-0.125419,-0.969953,-0.208472,16.73461,160.294205,29.810072,11.585907,92.649231,14.312451,84.653297,38.347946,0.26738,28.148766,59.951382,142.695114,82.298424
0.75959,0.009729,-0.650329,0.452982,0.709597,0.539703,0.466723,-0.70454,0.534596,59.554184,-0.501588,0.412403,-0.760482,179.380524,-37.986332,214.483551,0.394137,0.0,-0.298243,-0.907604,-0.295475,20.082817,168.041367,31.659325,12.054387,-82.553276,-33.46405,84.653297,63.26717,0.0,28.330839,62.141308,138.991852,80.194725
0.667679,-0.236102,-0.706017,0.57318,0.768214,0.285153,0.475047,-0.595066,0.648249,59.025864,-0.490282,0.285889,-0.823341,185.923477,-9.55946,242.359772,1.110326,0.0,-0.448074,-0.89295,-0.04324,24.947899,162.212662,26.897816,-0.87368,-56.747833,-36.213829,84.682144,63.070847,0.0,28.512936,66.552635,139.970062,79.466179
0.706519,-0.086992,-0.702327,0.480638,0.787406,0.385977,0.519439,-0.610265,0.59813,59.249893,-0.493423,0.316097,-0.810319,198.586197,-19.96213,225.204147,0.247171,0.0,-0.348259,-0.925487,-0.14896,25.855469,156.500732,23.206606,22.933661,-73.950089,-73.134735,84.682442,60.999435,0.0,28.695127,68.060692,133.386246,74.905167
0.774064,0.053434,-0.630849,0.417217,0.706408,0.571767,0.476188,-0.705785,0.524511,59.526974,-0.469514,0.336004,-0.816491,187.167099,-45.322819,204.087753,1.220244,0.0,-0.240323,-0.938476,-0.248008,27.130457,156.49292,20.076105,-12.976214,5.266302,-0.32123,84.686607,34.215588,0.620957,28.877199,67.503052,132.037796,72.28035
0.773473,0.05542,-0.631401,0.314528,0.831303,0.458266,0.550283,-0.553049,0.62556,59.526974,-0.518769,0.432822,-0.737254,206.758026,-11.268364,226.094193,0.688538,0.0,-0.24371,-0.90146,-0.357736,24.824238,155.741913,20.721094,10.400796,-4.426076,-8.363947,84.686607,64.733269,0.0,29.076715,68.474319,127.71051,68.893822
0.674454,-0.144077,-0.724123,0.567611,0.72839,0.383752,0.472154,-0.669844,0.573045,59.526974,-0.464069,0.335387,-0.819851,186.267868,-40.966431,220.131027,1.337399,0.0,-0.437837,-0.891431,-0.116835,27.449621,153.126419,24.115623,-25.069191,-4.530696,11.323074,84.686607,59.27018,0.0,29.258745,67.617699,127.362305,76.127419
0.605634,-0.154481,-0.780604,0.608037,0.722651,0.328735,0.513321,-0.673729,0.531592,60.004726,-0.504179,0.302645,-0.808832,198.343307,-44.234646,208.32103,0.356307,0.0,-0.45939,-0.887066,-0.045561,26.427418,149.312515,24.174702,24.312897,13.914241,-2.025775,84.706863,64.392685,0.0,29.441067,69.323967,125.102028,74.709496
0.744809,-0.276979,-0.607077,0.487916,0.846675,0.212317,0.45519,-0.454338,0.765754,60.547253,-0.66633,0.369646,-0.647585,184.164658,10.667063,257.854156,0.966127,0.0,-0.39263,-0.912259,-0.116729,18.77478,149.412964,23.324881,-173.458954,-77.295349,-83.518349,84.722664,74.036842,0.825888,29.623056,69.72876,124.888855,65.341644
0.707118,-0.106203,-0.699075,0.494863,0.780513,0.381982,0.505069,-0.616052,0.604471,60.547253,-0.549559,0.355308,-0.756136,200.266449,-31.231569,220.561127,0.727733,0.0,-0.353586,-0.918921,-0.174815,28.132917,148.913727,20.505407,38.104267,44.322987,60.500977,84.722664,77.544334,0.0,29.805094,73.290718,123.645554,68.595673
0.692338,-0.213434,-0.689285,0.580922,0.731498,0.356989,0.428017,-0.647577,0.630432,60.547253,-0.48053,0.386233,-0.787346,175.002563,-34.710281,232.016388,1.290719,0.0,-0.465801,-0.873093,-0.14401,26.841383,156.63501,23.180393,-48.588596,27.563375,29.661974,84.722664,57.399021,0.0,29.987366,67.398003,128.092361,73.524071
0.731928,-0.101227,-0.673821,0.508488,0.739414,0.441256,0.453565,-0.665597,0.592671,60.547253,-0.544273,0.431227,-0.71959,178.210022,-31.916849,224.420944,1.847263,0.0,-0.373009,-0.892712,-0.252843,19.847164,165.576614,29.484957,-18.679581,-34.580807,12.38363,84.722664,52.244934,0.0,30.186701,64.182533,135.416077,75.42202
0.736786,0.14021,-0.661428,0.462124,0.609664,0.644012,0.493545,-0.780161,0.384398,60.547253,-0.5487,0.434377,-0.714314,188.924271,-62.635532,171.896576,1.143007,0.0,-0.241576,-0.900355,-0.361943,19.806416,164.116318,30.754322,44.185772,25.849882,-27.46192,84.722664,45.077446,0.291059,30.368734,64.845734,133.499023,75.258049
0.777894,0.085795,-0.622511,0.316097,0.802756,0.505634,0.543105,-0.590103,0.59734,60.458504,-0.516157,0.386508,-0.764326,204.727371,-16.657362,224.681747,1.101845,0.0,-0.198318,-0.92207,-0.33235,24.761158,157.204132,24.829638,43.204563,-118.927681,81.468819,84.730843,71.461845,0.0,30.55088,68.176208,131.71048,74.494469
0.795406,-0.007932,-0.606025,0.289084,0.883807,0.367853,0.532691,-0.467785,0.705279,59.966331,-0.547751,0.498923,-0.671599,200.043747,12.183838,252.928391,3.141593,1.0,-0.308754,-0.866615,-0.39198,20.939354,161.069931,30.869535,-129.769318,52.240337,109.474503,84.729324,24.429775,0.494849,30.733068,66.113297,129.795319,75.605621
0.649542,-0.368291,-0.665174,0.488778,0.87239,-0.00573,0.582401,-0.3214,0.746667,59.966331,-0.575298,0.002758,-0.817939,217.535675,55.448193,266.19931,0.171789,0.0,-0.344274,-0.907918,0.239084,23.725651,139.021301,26.067984,55.568657,-123.248474,-11.948817,84.729324,83.005226,0.0,30.915262,71.107048,136.255402,78.470665
0.687778,-0.167815,-0.706258,0.311111,0.947175,0.077911,0.655875,-0.27331,0.703655,59.371696,-0.486538,0.192689,-0.852145,236.390808,63.24305,251.928574,1.607977,0.14455,-0.294144,-0.95456,-0.047904,28.430105,144.142303,19.912182,64.696159,122.073364,-94.049759,84.728897,72.754333,0.0,31.097216,71.490089,131.958893,75.014954
