0.644609,-0.190456,-0.74041,0.604653,0.71966,0.341298,0.467841,-0.667694,0.579059,58.340332,-0.620916,0.318509,-0.716251,183.656555,-18.352831,185.973602,0.204263,0.0,-0.393335,-0.916966,-0.066784,18.156462,172.614532,-3.21469,0.432413,-6.366577,2.596869,84.258736,86.713257,0.0,1.864618,66.68441,148.587814,41.194107
0.714518,-0.031145,-0.698923,0.356972,0.87541,0.325927,0.601693,-0.482376,0.636615,58.677292,-0.569336,0.27315,-0.7754,216.849319,25.095474,202.689377,2.333152,0.284371,-0.239207,-0.957421,-0.161633,19.618172,163.812897,-5.836006,-49.305824,-61.776154,-44.328972,84.261749,62.297699,0.293395,2.064005,66.405029,145.70639,43.513527
0.794763,0.088438,-0.600442,0.32741,0.770547,0.546863,0.511032,-0.631217,0.583447,58.677292,-0.576048,0.35769,-0.735001,192.746811,-17.151201,185.323105,3.141593,1.0,-0.153822,-0.930547,-0.332297,18.868328,164.305359,-7.828955,1.853366,-32.92432,-20.957952,84.261749,13.62806,0.837937,2.246027,64.970894,140.675156,39.44101
0.733222,-0.00937,-0.679925,0.225082,0.946883,0.229677,0.641657,-0.321443,0.696384,58.677292,-0.766986,0.079721,-0.636692,223.253235,69.097946,218.147797,3.141593,1.0,-0.039602,-0.996242,-0.077034,5.555294,153.283493,3.832424,-14.023378,-94.46106,74.642319,84.261749,6.516704,0.903461,3.442767,62.816559,149.469788,44.027519
0.559219,-0.303333,-0.771533,0.51846,0.854167,0.039967,0.646895,-0.42236,0.634933,58.677292,-0.681235,-0.110382,-0.723695,227.014694,50.07901,214.066589,1.588534,0.538857,-0.220555,-0.911688,0.346671,11.594159,152.551468,10.605985,-9.321926,45.345146,12.976151,84.261749,52.586678,0.19528,3.624847,65.268478,155.68364,55.311272
0.606332,-0.160188,-0.778911,0.477087,0.856916,0.195151,0.6362,-0.489934,0.595998,56.987389,-0.67951,0.148492,-0.718482,220.786285,29.730318,201.839966,0.0,0.0,-0.263411,-0.963386,0.050016,8.606037,163.781921,8.746958,9.187498,50.891884,-31.214523,84.194557,93.918121,0.0,3.806969,61.821804,152.147964,52.920464
0.645153,-0.23513,-0.726974,0.562979,0.789557,0.244244,0.516558,-0.566846,0.641758,56.022316,-0.594784,0.387119,-0.704536,188.072586,4.525314,206.570236,0.0,0.0,-0.452524,-0.885599,-0.104577,13.284339,171.76532,3.948686,9.176262,-87.65564,7.873159,83.408737,81.400955,0.0,5.055683,60.2225,144.821716,47.732769
0.400384,-0.517319,-0.756355,0.745037,0.664321,-0.059978,0.53349,-0.539499,0.651405,56.022316,-0.581855,0.218487,-0.783396,193.205246,10.123051,213.061615,0.437055,0.0,-0.623015,-0.738905,0.256656,15.026462,163.616165,3.60151,6.373646,-61.743771,28.050207,83.408737,73.537209,0.0,5.237807,61.16444,143.650986,51.836365
0.40288,-0.583305,-0.705297,0.762838,0.639809,-0.093395,0.505733,-0.5004,0.702733,56.022316,-0.49447,0.247046,-0.833347,188.437851,13.245449,228.481827,2.164158,0.0,-0.699989,-0.681558,0.213294,22.413452,158.915527,2.344841,-6.520938,63.019604,-60.84127,83.408737,67.925308,0.0,5.437225,63.267097,137.096252,54.55275
0.289521,-0.755748,-0.587386,0.816615,0.515153,-0.260302,0.499316,-0.404305,0.766303,56.022316,-0.503675,0.210749,-0.837793,187.223709,43.034779,247.624588,2.079453,0.0,-0.776762,-0.534915,0.332425,23.007736,163.25473,4.867321,-12.40033,-8.099021,-3.375375,83.408737,63.576702,0.0,6.573275,63.641056,143.101746,57.96175
0.416696,-0.535055,-0.734902,0.788469,0.615074,-0.000744,0.452417,-0.579137,0.678173,56.022316,-0.593341,0.158181,-0.789256,175.338608,-0.399836,221.232285,1.876886,0.0,-0.612412,-0.725033,0.315085,17.282139,160.079941,4.320181,-35.154083,-39.29163,-22.429008,83.408737,68.947838,0.0,6.755383,63.36372,142.938736,53.38192
0.821632,0.107687,-0.559754,0.340919,0.694166,0.633962,0.456832,-0.711714,0.533637,56.022316,-0.533492,0.341474,-0.77381,175.298615,-29.966522,187.600922,1.800131,0.0,-0.120673,-0.93625,-0.329961,19.435354,169.50177,6.409867,52.613869,141.789352,64.363106,83.408737,62.638771,0.0,6.937814,62.231079,146.185242,55.523846
0.894592,0.446295,-0.022941,-0.107912,0.265555,0.958037,0.433659,-0.854577,0.285724,56.022316,-0.687681,0.524825,-0.50165,164.627945,-64.430893,123.610725,1.637706,0.0,0.302522,-0.420979,-0.855136,8.421597,180.270447,17.569408,-29.973551,-14.465642,111.211609,83.408737,77.815521,0.440859,7.119765,57.295757,147.080032,52.893013
0.827205,0.465716,-0.31439,0.10803,0.417261,0.902343,0.551418,-0.780386,0.294849,56.022316,-0.72011,0.422863,-0.550117,207.565903,-19.960884,139.717743,1.933913,0.0,0.19443,-0.638097,-0.745003,18.605785,199.352905,30.589396,-0.328656,-26.39291,-15.262259,83.408737,65.474747,0.605457,8.238337,71.087906,173.187454,66.741455
0.825774,0.41229,-0.384855,0.175422,0.460768,0.870012,0.536026,-0.785945,0.308166,56.022316,-0.716897,0.30188,-0.628433,200.855408,-12.197337,145.930084,2.259349,0.0,0.244693,-0.735102,-0.632259,16.087132,201.422043,29.479549,0.206909,13.541756,-1.621067,83.408737,53.581158,0.371109,8.420394,68.187012,182.327011,69.657967
0.825835,0.329287,-0.457785,0.274153,0.474965,0.836211,0.492785,-0.816075,0.301967,56.022316,-0.610554,0.40441,-0.680938,189.056625,-17.174189,146.010559,3.141593,1.0,0.069665,-0.82904,-0.554833,20.231985,211.453705,28.553766,31.590408,65.660973,15.583682,83.408737,0.457693,1.0,8.619812,67.090569,184.807434,71.272537
0.798726,0.356115,-0.484994,0.252811,0.532821,0.807581,0.546007,-0.767648,0.335548,56.022316,-0.509076,0.255038,-0.822069,208.508713,-6.550257,157.837677,3.141593,1.0,0.108065,-0.928596,-0.355008,31.463501,201.334274,23.546661,-18.625725,-97.355148,-60.641804,83.408737,2.328013,1.0,9.808088,73.370003,183.44548,74.788216
0.653874,0.262415,-0.709638,0.139394,0.88009,0.453885,0.743652,-0.395703,0.538889,56.022316,-0.558859,-0.003895,-0.829253,258.258453,90.358498,201.629395,2.479434,0.243896,0.130924,-0.987862,-0.083594,27.966381,187.127869,16.692156,-42.940762,-88.909409,-6.477742,83.408737,42.431576,0.636558,9.989945,74.201965,188.296448,68.252373
0.711923,0.38676,-0.586159,0.085986,0.78039,0.619353,0.696973,-0.491333,0.522322,56.022316,-0.595893,0.100543,-0.796745,245.538071,64.298607,197.830795,1.817568,0.0,0.216857,-0.935128,-0.280195,25.794525,190.847504,18.280516,15.838402,87.150436,33.166225,83.408737,70.1931,0.732283,10.172111,73.034607,185.90538,68.554291
0.809308,0.289454,-0.511114,0.266673,0.594245,0.758788,0.523361,-0.750393,0.403737,56.022316,-0.53145,0.405387,-0.743789,199.940659,-9.376975,165.693008,1.745644,0.0,-0.021962,-0.884351,-0.466305,27.332226,203.08905,18.738739,-8.861888,61.779568,-39.01865,83.408737,67.863022,0.720239,10.354206,70.40686,176.348007,65.766579
0.589019,-0.123744,-0.798589,0.572093,0.761803,0.303917,0.57076,-0.63588,0.51951,56.022316,-0.704221,0.228925,-0.672061,222.178329,19.620279,190.973953,0.733017,0.0,-0.296556,-0.954905,-0.014523,27.409962,194.666321,22.127783,59.707596,-8.291231,50.198856,83.408737,80.383537,0.0,11.542301,80.913216,177.002808,62.393349
0.525507,-0.171243,-0.833377,0.598075,0.771022,0.218701,0.605102,-0.613352,0.507594,58.186947,-0.697132,0.250155,-0.671885,228.347351,23.081858,188.158005,0.0,0.0,-0.365523,-0.93022,0.03292,24.968725,194.346939,22.494904,-15.376062,26.336355,-42.212555,83.487656,86.471939,0.0,11.724473,78.451897,175.020996,62.417049
0.605866,-0.016919,-0.795387,0.486634,0.798806,0.35369,0.629375,-0.601351,0.492203,57.338905,-0.603232,0.43659,-0.667458,232.847794,28.86463,180.174103,0.0,0.0,-0.383855,-0.892495,-0.23687,28.172941,207.221237,17.468853,29.507538,53.13369,9.2712,83.550514,94.793091,0.0,11.923752,76.813499,177.951324,58.147469
0.642053,-0.115783,-0.757867,0.553053,0.754545,0.353262,0.530943,-0.645954,0.548492,57.325134,-0.567693,0.522893,-0.635852,210.863876,11.640147,189.753998,0.0,0.0,-0.476249,-0.838608,-0.264431,33.508511,207.145142,14.431945,-26.741041,-152.915863,-32.110092,83.576538,91.468559,0.0,12.990497,79.189194,171.837723,53.727139
0.653374,-0.019832,-0.756775,0.530232,0.725488,0.438773,0.54033,-0.687949,0.484531,57.352627,-0.651472,0.053392,-0.756791,217.024536,5.463965,176.404892,0.331778,0.0,-0.148296,-0.98724,0.058008,32.418018,183.585129,10.462347,-9.942757,-144.489838,-12.976926,83.515564,68.979912,0.0,13.189865,83.113892,175.959351,56.322964
0.728245,0.016378,-0.685122,0.282876,0.903393,0.322276,0.624212,-0.4285,0.653258,57.820122,-0.724024,-0.000224,-0.689775,232.478439,67.735641,211.674088,2.222093,0.711227,0.029317,-0.999106,-0.030449,23.512564,174.000549,6.905934,-37.611671,-2.542302,18.368872,83.507118,11.549996,1.0,13.372017,77.801346,173.916061,49.799522
