-0.243932,-0.618669,0.746824,0.079299,-0.780232,-0.620443,0.966545,-0.092124,0.239384,57.826035,-0.777212,0.099355,-0.621345,231.558273,84.301262,66.525177,0.168734,0.0,-0.279381,0.8303,0.482233,-68.382935,122.012169,-37.169025,-1.687928,6.455322,-2.489681,85.521233,52.41832,0.0,3.978549,-13.723926,107.679741,5.776289
-0.245031,-0.627534,0.739027,0.083519,-0.773094,-0.628769,0.965911,-0.092345,0.241842,57.826035,-0.774571,0.101649,-0.624266,231.297653,84.399292,67.093277,0.187436,0.0,-0.285589,0.824448,0.488594,-68.338898,122.34523,-37.347279,3.248023,6.169436,-2.910309,85.521233,52.198376,0.0,4.091781,-13.823792,107.833939,5.720382
-0.238815,-0.671659,0.701314,0.098459,-0.735238,-0.67062,0.966061,-0.091103,0.241716,57.826035,-0.764072,0.113734,-0.635027,231.128098,84.488297,66.91584,0.237399,0.0,-0.31387,0.794449,0.519938,-68.056702,123.012527,-37.763771,3.998809,4.945761,-5.757261,85.521233,53.028748,0.0,4.186634,-14.031277,107.607826,5.574926
-0.247176,-0.685967,0.684363,0.098054,-0.72036,-0.686634,0.963997,-0.102615,0.245317,57.826035,-0.760811,0.119403,-0.637895,230.658539,81.243073,67.548035,0.26304,0.0,-0.321717,0.784257,0.530509,-67.812729,123.201431,-38.121407,-0.764191,3.117778,-2.515676,85.521233,53.871159,0.0,4.282033,-13.977022,107.283829,5.293278
-0.258804,-0.658016,0.707132,0.074149,-0.743448,-0.664671,0.96308,-0.119586,0.241198,57.826035,-0.771762,0.119869,-0.624512,230.858307,75.866982,66.047119,0.192363,0.0,-0.292317,0.80529,0.515808,-67.884331,122.216667,-37.962894,0.180838,-19.890808,5.653591,85.521233,54.36937,0.0,4.377405,-13.544574,106.214561,4.837724
-0.240248,-0.62444,0.743207,0.069412,-0.774722,-0.62848,0.968227,-0.099403,0.229469,57.826035,-0.782786,0.11757,-0.611084,232.396805,80.153954,62.970497,0.113612,0.0,-0.263835,0.826661,0.497013,-68.264496,120.899933,-37.405109,-7.978854,-5.618027,2.462093,85.521233,54.075272,0.0,4.472968,-13.312203,105.379784,4.737524
-0.236788,-0.616461,0.750937,0.084099,-0.783022,-0.616282,0.967915,-0.082776,0.237254,57.826035,-0.787663,0.132025,-0.601794,232.539383,83.485435,64.147171,0.101863,0.0,-0.247687,0.826504,0.505511,-68.238487,120.696655,-37.683949,18.158169,-6.476454,-13.049183,85.521233,53.548584,0.0,4.568259,-13.090452,104.491562,3.938687
-0.224166,-0.736482,0.638235,0.091586,-0.667923,-0.738573,0.970238,-0.10711,0.217177,57.826035,-0.730748,0.141928,-0.667731,234.542007,77.517426,58.27232,0.365584,0.0,-0.353786,0.7578,0.548247,-63.880161,122.157104,-41.40456,18.955477,131.909195,-65.269203,85.521233,54.764862,0.028933,4.663577,-11.677442,104.698921,3.158904
-0.157394,-0.720961,0.674864,0.311727,-0.684714,-0.658782,0.937045,0.106685,0.332513,57.826035,-0.735907,0.213694,-0.642476,226.787735,135.550522,76.40802,1.151151,0.0,-0.347097,0.695657,0.628955,-63.116692,128.181396,-51.372448,14.62644,20.976124,-102.055443,85.521233,51.741623,0.190455,4.760821,-11.008292,108.476753,-7.974426
-0.294843,-0.541039,0.78762,0.297963,-0.835221,-0.462195,0.907902,0.098407,0.407469,57.826035,-0.667762,0.114623,-0.735497,229.081238,142.070633,93.513565,0.982077,0.0,-0.328509,0.841267,0.429362,-48.191986,130.285614,-61.15229,197.774261,-2.828189,-139.388443,85.521233,39.17577,0.552423,4.854371,-1.318976,117.097771,-9.890645
-0.199131,-0.739925,0.64254,0.358229,-0.665255,-0.655064,0.912151,0.099733,0.397535,57.826035,-0.544468,0.231665,-0.806155,229.008606,143.811752,79.670967,2.576412,1.0,-0.463119,0.718296,0.519203,-42.585838,139.291245,-74.954536,51.839703,70.549301,-113.411873,85.521233,48.057384,0.333078,4.949755,-2.469905,118.502396,-21.212492
-0.14648,-0.840849,0.521073,0.249279,-0.541131,-0.803142,0.95729,0.012248,0.288871,57.826035,-0.303565,0.284331,-0.909398,237.395432,124.734421,49.513031,2.692147,0.990464,-0.463662,0.789724,0.401689,-31.403572,146.295868,-82.910034,119.804886,135.275391,-43.28524,85.521233,59.843021,0.0,5.045147,-5.538087,121.626129,-23.794386
-0.891127,0.103776,0.441728,-0.34448,-0.788357,-0.509732,0.295341,-0.606403,0.738274,57.826035,0.60905,0.584951,-0.535622,16.463228,-38.62706,131.875412,1.252043,0.030872,0.111313,0.605599,0.787946,-17.902191,157.191589,-91.881577,21.457355,59.417992,-3.339077,85.521233,53.353516,0.195778,5.14103,-58.486198,115.261124,-55.478119
-0.340896,0.901191,0.267666,-0.743173,-0.432705,0.510353,0.575746,-0.024945,0.817248,57.826035,0.751662,0.515391,-0.411554,83.876839,124.882126,146.053391,1.0046,0.0,0.017256,0.608412,0.793434,-16.649427,163.620132,-94.222092,-39.04203,33.997261,-56.75539,85.521233,54.523693,0.103835,5.253287,-62.231449,131.212418,-61.34148
-0.714337,0.422212,0.558086,-0.528852,-0.847976,-0.035395,0.458299,-0.320429,0.829028,57.826035,0.586536,0.629282,-0.509882,60.174057,30.438574,151.61142,2.313655,0.212729,0.078924,0.58214,0.809249,-18.683506,154.078003,-95.784019,-1.8359,-1.426811,7.14742,85.521233,51.395065,0.432985,7.247786,-56.12957,111.754509,-58.772812
-0.660283,0.489381,0.569677,-0.570861,-0.819935,0.042711,0.488,-0.297005,0.820758,57.826035,0.600317,0.635585,-0.48544,67.025909,37.731983,150.830429,2.265575,0.393323,0.085416,0.552555,0.829088,-18.884924,155.510849,-93.221779,-15.768282,38.680515,18.52817,85.521233,46.250031,0.452872,7.343221,-56.81498,113.103577,-57.455173
-0.347811,0.676296,0.649347,-0.604216,-0.691269,0.396321,0.716904,-0.254501,0.64906,57.826035,0.580732,0.650578,-0.489387,126.481537,52.751087,113.182335,1.974977,0.318204,0.255881,0.424807,0.868369,-21.290504,160.149719,-88.091209,-44.249924,58.516804,69.916435,85.521233,35.208012,0.666193,7.456064,-55.448704,117.336357,-51.530945
-0.25385,0.516425,0.817842,-0.576711,-0.759614,0.300652,0.776508,-0.395338,0.490656,57.826035,0.514302,0.717741,-0.469405,139.475998,16.286465,79.449059,2.067729,0.0,0.386993,0.29422,0.873883,-27.987684,164.848282,-79.301559,-144.345459,66.272957,171.956467,85.521233,31.815224,0.75415,7.551782,-57.580212,116.612267,-45.065693
-0.039629,0.236668,0.970782,-0.643946,-0.748935,0.156297,0.764044,-0.618938,0.182081,57.826035,0.574106,0.774009,-0.267043,125.31395,-37.174686,1.728677,1.310491,0.0,0.563422,-0.136803,0.814764,-35.509251,173.355713,-64.58918,-48.065948,23.500284,234.241135,85.521233,47.648216,0.131309,7.646798,-68.579079,119.894508,-44.478458
-0.119091,0.055612,0.991325,-0.60245,-0.797678,-0.027626,0.789222,-0.600514,0.1285,57.826035,0.670242,0.737308,0.084577,116.051231,-30.489145,-16.146217,0.811415,0.0,0.597554,-0.603729,0.527675,-46.431488,174.914215,-49.039982,-151.301682,37.489952,96.533363,85.521233,61.503559,0.0,7.743032,-84.231316,121.904587,-48.755898
-0.318884,0.003739,0.947786,-0.618241,-0.75878,-0.205015,0.718395,-0.651336,0.244274,57.826035,0.697642,0.669753,0.254412,86.132271,-37.489666,16.832861,1.059086,0.0,0.571124,-0.734288,0.36693,-55.668629,178.318588,-37.009727,-49.259155,45.674797,93.944427,85.521233,53.862095,0.138636,7.83748,-96.176331,127.80143,-45.157169
0.469312,0.010362,-0.882971,-0.465183,0.85283,-0.237244,-0.750567,-0.522085,-0.405064,57.930092,0.784423,0.268453,0.559118,-297.770172,45.072426,-154.393036,0.371568,0.0,0.264194,-0.960225,0.090385,-54.476547,194.976227,-6.931883,-49.373245,65.89856,143.225571,85.604263,21.986887,0.061344,0.069409,-107.142754,177.670547,-51.515709
0.563688,-0.017941,-0.825793,-0.437693,0.84137,-0.31705,-0.700486,-0.540161,-0.466418,57.223412,0.77028,0.296157,0.564765,-292.371399,41.781269,-162.388641,0.354268,0.0,0.240749,-0.955134,0.172506,-63.059753,198.995438,2.144258,-101.939461,52.936348,72.260384,85.774689,22.582054,0.075546,0.164939,-114.113052,179.240585,-43.695393
0.583256,-0.023274,-0.811955,-0.429893,0.839281,-0.332865,-0.689206,-0.543199,-0.47951,56.94315,0.760664,0.315607,0.567259,-295.719788,43.495117,-160.006943,0.366978,0.0,0.246912,-0.948841,0.196814,-69.593651,203.12944,8.51543,-66.936813,-11.10961,42.415241,85.946518,20.945538,0.161893,0.26107,-119.980118,182.004791,-37.737156
-0.435913,0.70256,-0.562485,-0.617748,0.22094,0.754701,-0.654498,-0.676458,-0.337694,57.83049,0.838574,0.020201,0.544414,-295.955963,5.447667,-126.465157,0.207947,0.0,0.534457,-0.2242,-0.814918,-62.756111,183.081085,-1.741534,0.346273,80.650948,-61.408333,88.133568,83.563652,0.813075,2.413596,-124.789032,182.357498,-38.150013
-0.432361,0.661165,-0.613127,-0.632266,0.262502,0.728926,-0.642887,-0.702818,-0.304537,57.83049,0.822739,0.010084,0.56833,-289.612213,-5.186434,-119.368637,0.467109,0.0,0.550242,-0.26496,-0.791852,-60.613628,178.984344,-1.783951,37.178226,-69.190086,-30.06546,88.133568,77.829407,0.586765,2.506156,-121.481789,178.617355,-39.725033
-0.607048,0.706032,-0.364708,-0.511997,0.003499,0.85898,-0.607743,-0.708171,-0.359362,57.83049,0.840581,-0.004235,0.541669,-276.674316,-13.734467,-134.559479,0.510593,0.0,0.541658,-0.003649,-0.840591,-55.121548,171.83049,-5.541379,77.801598,-173.317017,-23.567146,88.133568,82.430092,0.269265,2.601584,-117.734856,171.469299,-40.577644
0.214755,0.143533,-0.966063,-0.555079,0.831797,0.000191,-0.803596,-0.536201,-0.258305,57.83049,0.798099,-0.00762,0.602478,-316.001129,19.74828,-117.755035,0.067515,0.0,0.219997,-0.927199,-0.303155,-49.621437,158.774384,-4.996248,80.804581,-161.607391,-19.680309,88.128944,51.50869,0.120348,2.705586,-105.841415,159.977615,-50.202087
-0.17184,0.475989,-0.8625,-0.576943,0.661039,0.479755,-0.798504,-0.580054,-0.161026,58.833546,0.813283,-0.018363,0.581579,-307.636963,1.377888,-95.628609,0.02754,0.0,0.421093,-0.671207,-0.610051,-39.384449,150.133652,-13.338109,80.073036,-204.485443,-34.275784,88.124619,39.271645,0.186253,2.800999,-98.830383,153.060516,-53.520855
-0.202758,0.3331,-0.920833,-0.463838,0.795509,0.389898,-0.862406,-0.506172,0.006792,58.833546,0.823579,0.045528,0.565372,-313.445587,4.830778,-59.625179,0.45599,0.0,0.363468,-0.807586,-0.464431,-27.585615,138.060471,-22.460136,39.446255,-97.011597,15.912477,88.124619,49.008114,0.120439,2.920568,-87.928787,137.193527,-61.401184
-0.141064,0.409308,-0.901426,-0.500761,0.75596,0.42162,-0.854014,-0.510874,-0.098327,58.833546,0.795167,0.086977,0.60012,-301.029114,-13.634325,-93.898933,0.484398,0.0,0.438999,-0.765284,-0.470766,-19.099176,123.220169,-26.257515,86.998367,-155.904343,18.917391,88.124619,67.554192,0.0,3.009119,-77.706749,119.957893,-68.18679
-0.560901,-0.089303,0.823052,0.241357,-0.968618,0.059385,-0.79192,-0.231959,-0.564852,59.802795,0.861978,0.090854,0.498738,-281.07959,38.313808,-202.856689,0.269964,0.0,-0.113633,0.993403,0.01543,-8.355444,111.790253,-24.217909,225.944778,-176.971085,91.674416,88.133141,74.182167,0.0,3.105719,-73.977058,98.975647,-55.1367
-0.657868,0.013651,0.753009,0.095207,-0.990307,0.10113,-0.747091,-0.138222,-0.650192,60.435345,0.862643,0.062195,0.501975,-262.475739,56.250896,-229.421356,0.385007,0.0,-0.033785,0.99728,-0.065505,-1.4262,101.646942,-27.623869,-69.799423,-165.274048,-166.154526,88.145912,85.340385,0.0,3.199904,-67.066948,92.40416,-59.35751
-0.679706,0.24632,0.690888,0.018602,-0.935834,0.351951,-0.733248,-0.252076,-0.63151,60.955971,0.91141,0.095531,0.400257,-257.350616,19.197681,-223.790665,0.199556,0.0,0.043863,0.944584,-0.325326,2.7843,95.454239,-34.405075,2.41138,-51.443935,-131.468521,88.153229,41.966404,0.264123,3.295474,-65.550537,85.134605,-58.60289
0.019949,-0.094965,-0.995281,-0.601822,0.793789,-0.087802,-0.798381,-0.600733,0.041317,61.045235,0.881943,0.313108,0.352335,-272.574921,-80.329521,-62.122395,0.688075,0.0,0.342874,-0.939082,-0.023731,-0.376994,98.09903,-44.327065,-61.59584,-33.071106,59.304024,88.160858,58.907173,0.0,5.777622,-63.714439,76.825188,-72.93103
0.094101,-0.186914,-0.977859,-0.562711,0.800285,-0.207122,-0.82128,-0.569743,0.029871,61.045235,0.869721,0.314654,0.380234,-280.588501,-70.120583,-63.614048,0.660055,0.0,0.303149,-0.948536,0.091539,-3.600289,100.696083,-40.574306,-29.079222,57.709801,75.953529,88.160858,54.993484,0.133801,5.871055,-65.737625,78.926949,-71.428391
0.120726,-0.047481,-0.99155,-0.423469,0.900947,-0.094702,-0.89783,-0.431323,-0.088661,61.384563,0.898329,0.218975,0.380862,-306.670471,-23.9032,-88.926537,0.797882,0.0,0.232204,-0.972599,0.011497,-7.446205,102.668831,-33.929737,-44.418251,-10.837926,18.926039,88.166428,42.841286,0.501625,5.972979,-71.778786,88.940254,-65.730827
-0.007966,0.062806,-0.997994,-0.424056,0.903629,0.060252,-0.905601,-0.423685,-0.019435,61.384563,0.913671,0.116798,0.389313,-316.634949,-13.57794,-67.512627,0.56543,0.0,0.194528,-0.966658,-0.166527,-14.111562,103.475883,-31.656685,-154.098419,-27.493793,101.824051,88.166428,53.309967,0.13258,6.062959,-79.71032,97.267227,-62.428127
-0.30706,0.149085,-0.93994,-0.467366,0.836731,0.285394,-0.829025,-0.52693,0.18725,61.384563,0.898392,0.126416,0.420607,-306.59256,-38.346207,-4.343064,0.656708,0.0,0.2987,-0.877955,-0.374131,-24.400021,106.384575,-24.161259,-79.56517,47.368393,102.57737,88.166428,52.277718,0.0,6.174365,-89.701782,99.509857,-53.331589
-0.102552,-0.214964,-0.971223,-0.568281,0.814013,-0.120163,-0.816419,-0.539604,0.205638,61.384563,0.84882,0.118528,0.515225,-311.391571,-33.900455,1.112034,0.794141,0.0,0.210464,-0.969751,-0.123641,-36.90601,115.418343,-16.416182,-243.129242,214.137619,45.955025,88.166428,53.053234,0.017991,6.273305,-97.798805,107.271553,-52.687347
0.299192,-0.21628,-0.929358,-0.538083,0.766097,-0.351513,-0.788004,-0.605242,-0.112834,62.334782,0.807329,0.189256,0.55893,-310.256653,-43.612144,-79.653091,0.652071,0.0,0.166825,-0.981736,0.091455,-47.825409,129.100311,-7.040868,-113.093018,134.873291,83.9058,88.16008,52.005939,0.119645,6.366409,-104.11274,114.720802,-50.135529
0.3941,-0.125881,-0.910406,-0.363265,0.88858,-0.280114,-0.84423,-0.441112,-0.304461,62.429474,0.799306,0.229577,0.555342,-333.355194,11.307006,-122.990166,0.497139,0.0,0.175097,-0.973022,0.150228,-56.676559,141.964508,1.542242,-118.27446,124.208244,44.379192,88.189774,45.990669,0.266942,6.461631,-112.438896,126.736153,-43.319321
0.518756,-0.057167,-0.853009,-0.236033,0.949404,-0.207171,-0.821694,-0.30881,-0.479016,62.238689,0.799079,0.206973,0.564477,-337.923157,58.853676,-164.771912,0.271846,0.0,0.149786,-0.977807,0.146487,-67.591721,152.10791,7.784441,-149.968689,60.657009,100.434181,88.244583,43.08712,0.124658,6.555892,-122.774269,139.711105,-39.348297
0.56737,0.013941,-0.823345,-0.287004,0.94051,-0.181851,-0.771829,-0.339481,-0.537618,61.478657,0.759982,0.243274,0.602698,-330.03067,57.640423,-177.664871,0.27842,0.0,0.212873,-0.969328,0.122836,-75.500824,161.150803,13.133067,-47.022621,95.593819,41.061634,88.320221,34.695438,0.0,6.65134,-127.766312,146.604202,-36.777477
0.49295,0.120248,-0.861708,-0.360336,0.929689,-0.0764,-0.791933,-0.348166,-0.50162,60.886795,0.763719,0.145959,0.628832,-337.534271,59.310551,-179.0569,0.119059,0.0,0.221028,-0.97435,-0.042283,-72.286049,159.893768,6.226812,1.402513,92.121872,-53.516651,89.954346,48.367466,0.0,9.183481,-126.158714,152.239838,-45.168995
0.450564,0.03816,-0.891928,-0.379497,0.91251,-0.152665,-0.808068,-0.40727,-0.425626,61.088871,0.786249,0.185197,0.589504,-340.543945,52.182449,-161.63269,0.28403,0.0,0.212178,-0.976938,0.023922,-69.000908,172.262314,0.671374,-46.084999,230.897446,-74.061798,90.010048,47.997707,0.0,9.279225,-124.727341,160.955002,-47.957687
0.501805,-0.06334,-0.862659,-0.377661,0.881191,-0.284384,-0.77818,-0.468498,-0.418265,61.10532,0.806982,0.254541,0.532906,-332.235657,47.562744,-164.507553,0.527132,0.0,0.195769,-0.966626,0.165251,-67.460426,190.229477,-7.049184,-36.267258,296.757904,-38.059868,90.057487,28.57235,0.044949,9.374268,-124.293015,172.753082,-52.74025
0.51574,-0.130056,-0.846816,-0.448042,0.801537,-0.395976,-0.730253,-0.58363,-0.355114,60.600555,0.773127,0.304015,0.556641,-316.959503,29.352657,-156.212448,0.409073,0.0,0.209458,-0.950778,0.228358,-67.594948,207.730484,-14.55154,-5.842404,167.390686,-53.192993,90.138893,27.396091,0.0,9.486991,-121.655983,185.442322,-61.238457
-0.783259,0.236064,0.575134,0.341694,-0.609388,0.715466,-0.519376,-0.756915,-0.396647,60.318508,0.85685,0.164146,0.488738,-271.789368,-0.944892,-155.113724,0.328022,0.0,0.146511,0.831357,-0.536079,-66.783722,220.55899,-20.14234,359.924316,286.301849,-375.78006,90.229965,51.501629,0.382145,9.582409,-132.729248,201.714996,-48.913502
-0.660998,-0.077464,0.746379,0.630348,-0.596963,0.496284,-0.407116,-0.798521,-0.44342,60.448868,0.888461,0.0779,0.452293,-244.409912,6.452237,-174.246521,0.0,0.0,0.037549,0.969849,-0.240798,-68.804344,237.262924,-28.172281,-40.785961,444.599152,-210.110291,90.236053,61.196362,0.299945,9.67847,-135.399292,220.266296,-55.515167
0.387175,0.053468,-0.920455,-0.63573,0.738541,-0.224509,-0.66779,-0.672085,-0.319936,60.705803,0.802726,0.307498,0.510956,-303.361969,45.82243,-161.784531,0.423574,0.0,0.344773,-0.938402,0.023091,-67.580902,247.828781,-33.015629,-2.962497,221.19371,-36.929848,90.25605,37.856297,0.00954,9.773158,-124.51313,225.821594,-76.09864
0.198377,0.233491,-0.951908,-0.712533,0.701244,0.023515,-0.673011,-0.673601,-0.30548,60.71944,0.805966,0.3068,0.506254,-303.122986,54.433128,-164.046021,0.260317,0.0,0.461384,-0.86137,-0.212525,-64.22274,255.34317,-40.756527,13.106641,84.646553,-70.868568,90.282288,44.410305,0.0,9.868574,-122.823486,234.890869,-82.207832
-0.460607,0.477223,-0.748397,-0.717481,0.29621,0.630461,-0.522554,-0.827356,-0.205962,61.123482,0.710551,0.34551,0.612977,-258.612488,18.197006,-144.144958,0.267874,0.0,0.702711,-0.303535,-0.643478,-63.251675,263.672729,-46.112705,-32.064289,133.060699,71.738907,90.290459,43.631165,0.212024,9.96394,-118.60775,239.865616,-88.962685
-0.841127,0.533278,-0.090112,-0.244463,-0.226257,0.942892,-0.482435,-0.815121,-0.320677,61.123482,0.766891,0.211013,0.606095,-251.581558,30.922579,-173.760651,0.140327,0.0,0.533401,0.31559,-0.784785,-61.876007,266.777863,-49.049843,8.723257,9.261902,-2.963941,90.290459,45.189144,0.080899,10.059462,-122.325447,249.313248,-87.843468
0.385346,-0.013295,-0.922676,-0.604855,0.751499,-0.26344,-0.696892,-0.659601,-0.281545,60.16304,0.791664,0.378461,0.47962,-302.915314,46.774891,-164.836197,0.543941,0.0,0.370483,-0.921605,0.115701,-58.096451,251.785721,-47.591629,22.671757,-67.144997,-8.173928,90.876923,50.105507,0.096411,12.123218,-115.005836,224.629028,-88.92057
0.44485,-0.099371,-0.890075,-0.564194,0.74074,-0.364677,-0.695552,-0.664402,-0.273454,60.454952,0.802838,0.436975,0.405592,-300.960541,28.175043,-156.988739,0.928609,0.0,0.355596,-0.897008,0.262541,-55.698154,239.699905,-46.094559,27.017057,-257.686737,37.41069,90.943031,27.529476,0.40977,12.218612,-113.258362,207.470963,-83.194336
0.136271,0.187884,-0.972692,-0.685158,0.727037,0.044445,-0.715534,-0.660391,-0.227804,61.086319,0.819407,0.26262,0.509512,-303.169586,13.189703,-145.595749,0.468451,0.0,0.426784,-0.872898,-0.23644,-49.80513,208.970596,-43.116604,1079.371826,-2988.307373,-415.589691,90.946289,61.952171,0.262972,12.32411,-110.068275,191.409668,-84.118095
-0.233669,0.106965,-0.966415,-0.586567,0.77719,0.227847,-0.77546,-0.620108,0.118863,61.086319,0.854246,0.113712,0.507281,-320.94043,10.949764,-50.543064,0.362564,0.0,0.348496,-0.84933,-0.396471,-47.757183,185.503159,-46.537853,44.470261,-241.784485,6.805091,90.946289,58.295048,0.277992,12.411097,-111.66687,178.298416,-82.620636
-0.073951,0.002787,-0.997258,-0.573239,0.818163,0.044795,-0.816044,-0.57498,0.058906,61.086319,0.87463,0.142695,0.463314,-328.266876,4.237621,-62.291454,0.565618,0.0,0.273753,-0.93412,-0.229085,-43.291428,168.821671,-43.00584,46.107986,-158.106781,62.370255,90.946289,52.585926,0.436808,12.504785,-108.040764,159.407578,-78.188545
0.097975,-0.076165,-0.99227,-0.521503,0.845276,-0.116374,-0.847606,-0.528873,-0.043096,62.608334,0.885358,0.183235,0.427277,-333.775604,0.809089,-81.204819,0.745102,0.0,0.220302,-0.974671,-0.038505,-40.096363,156.172546,-34.547623,6.0378,-146.302689,87.468369,90.930473,55.87323,0.0,12.60019,-105.071762,143.511505,-69.576569
0.010061,-0.151098,-0.988468,-0.596056,0.792795,-0.127254,-0.80288,-0.590462,0.082086,62.60833,0.889095,0.150617,0.432232,-322.840546,-30.673933,-42.65274,0.926038,0.0,0.205805,-0.975017,-0.083579,-41.024536,139.830246,-30.977015,25.4741,-172.018845,11.468336,90.930473,56.801846,0.067579,12.695663,-106.20475,128.64653,-64.801537
-0.074762,-0.153143,-0.985372,-0.584021,0.807666,-0.081214,-0.808288,-0.569406,0.149822,62.60833,0.90188,0.118675,0.415366,-320.374023,-41.192959,-20.068586,0.753862,0.0,0.18634,-0.974345,-0.126214,-35.952602,121.162247,-28.683649,105.609993,-181.827576,19.988886,90.930473,71.270782,0.147112,12.808298,-102.278961,112.446136,-60.494053
-0.26999,-0.010981,-0.9628,-0.503873,0.8537,0.13156,-0.820498,-0.520649,0.236024,62.60833,0.867096,0.134291,0.479698,-317.055359,-36.01408,-0.458093,0.911499,0.0,0.289037,-0.91993,-0.264926,-30.772345,112.678528,-30.147924,52.433655,-30.190109,-62.061424,90.930473,61.606827,0.42821,12.90369,-95.665771,104.469223,-64.142792
-0.257977,-0.106177,-0.960299,-0.373781,0.927514,-0.002139,-0.890918,-0.35839,0.278965,62.60833,0.899034,0.103072,0.425575,-333.455902,4.86833,10.741968,0.82429,0.0,0.161575,-0.981403,-0.103638,-26.115015,107.033981,-33.455742,42.56485,-34.739971,-33.576187,90.930473,62.842842,0.813093,12.999414,-93.065331,101.570297,-64.529182
-0.737612,-0.055685,0.672925,0.444068,-0.790754,0.421321,-0.508657,-0.609596,-0.607997,61.798325,0.769158,0.262337,0.582731,-228.285385,-58.935349,-227.969193,0.027639,0.0,-0.164377,0.962392,-0.21629,-32.712086,131.690811,-27.543194,-4.309808,8.078677,-1.737196,90.320869,74.075241,0.0,15.948496,-91.948105,104.457153,-65.005264
-0.726846,-0.013135,0.686675,0.431999,-0.786004,0.442237,-0.53392,-0.618082,-0.576979,61.817944,0.79492,0.237263,0.558398,-236.179642,-59.153061,-218.844589,0.044193,0.0,-0.121296,0.963932,-0.236902,-31.991905,131.734146,-28.926323,-2.444743,-7.172597,-30.264088,90.252991,72.052856,0.0,16.071798,-93.179779,106.387726,-64.312424
-0.779093,0.559712,0.282376,-0.031669,-0.48499,0.873946,-0.626108,-0.671943,-0.395578,62.159687,0.903307,0.018633,0.42859,-276.585114,-54.966911,-164.528427,0.089236,0.0,0.356878,0.521774,-0.774848,-39.771564,129.604782,-33.078671,715.733704,-2319.443604,-2701.372314,90.212624,70.777763,0.0,16.164927,-108.980286,124.907692,-58.634945
-0.25585,0.55743,-0.789818,-0.689321,0.467618,0.553326,-0.677774,-0.686007,-0.264609,62.159687,0.795548,0.301122,0.525765,-282.142426,-71.570816,-142.843994,0.28105,0.0,0.600615,-0.506202,-0.618887,-39.894405,130.802322,-33.383926,61.395767,-150.628403,-71.757607,90.212624,25.962463,0.282715,16.259701,-100.706963,112.068497,-72.010017
0.550642,-0.427954,-0.716692,-0.110712,0.813553,-0.570854,-0.827367,-0.393682,-0.400598,63.450993,0.890322,0.329614,0.314136,-322.014557,3.845321,-174.395172,0.578996,0.0,0.102049,-0.816801,0.567822,-37.347843,134.722046,-34.485321,108.806541,77.380791,-51.871468,90.217461,53.583393,0.764918,16.358229,-100.527985,109.234291,-67.154976
0.385861,-0.727079,-0.567862,0.042738,0.628958,-0.776264,-0.921567,-0.27526,-0.273764,63.957474,0.914611,0.347759,0.206277,-338.133545,33.646797,-136.971954,2.82536,1.0,0.046834,-0.597845,0.800243,-25.601692,135.533356,-39.808578,56.323303,-9.08195,-17.341137,90.217461,16.708801,0.840106,16.453657,-91.423172,107.336044,-63.683224
0.254888,-0.760458,-0.597274,-0.044864,0.60771,-0.792891,-0.965929,-0.228895,-0.120781,63.957474,0.895342,0.40372,0.188077,-343.396973,42.493454,-92.822433,3.125894,1.0,0.095199,-0.586002,0.804698,-19.721373,134.994522,-39.391819,43.431786,-57.717884,19.509293,90.217461,41.952511,0.0,16.588051,-84.810371,103.770256,-60.48851
0.355543,-0.741157,-0.569452,-0.053088,0.592264,-0.803993,-0.933151,-0.316085,-0.171229,63.957474,0.89134,0.38398,0.240984,-335.572571,16.210026,-110.725761,3.141593,1.0,0.040923,-0.597562,0.800778,-21.709677,131.654938,-39.989086,-24.23098,-13.652521,-8.76941,90.217461,46.274906,0.0,16.680683,-85.760963,100.828468,-64.886452
0.447971,-0.653294,-0.610351,0.076492,0.708186,-0.70187,-0.89077,-0.267731,-0.367219,63.957474,0.831462,0.461932,0.30869,-319.750519,24.548822,-169.06781,3.141593,1.0,0.069302,-0.637509,0.76732,-22.09042,130.74205,-39.419426,-4.912889,-14.276075,-8.348546,90.217461,41.794048,0.0,16.782215,-81.284683,96.222397,-70.760628
0.258092,-0.762601,-0.593151,-0.013197,0.611111,-0.791435,-0.96603,-0.212091,-0.147659,63.957474,0.83038,0.508681,0.227405,-337.614685,38.216053,-107.894409,3.141593,1.0,0.113601,-0.554106,0.824658,-18.664127,132.666199,-44.668598,22.522535,32.270504,-10.597262,90.217461,40.63047,0.0,18.826557,-79.001068,94.994347,-68.364922
0.332689,-0.730408,-0.596508,-0.02557,0.625321,-0.779949,-0.94269,-0.274733,-0.189361,63.957474,0.838725,0.484371,0.24885,-329.214508,31.189939,-122.205841,3.141593,1.0,0.099212,-0.585247,0.804762,-16.348072,141.268524,-45.941452,35.808044,153.49588,-16.991526,90.217461,41.37215,0.0,18.921967,-76.849213,104.737915,-71.512497
0.430018,-0.685622,-0.587374,0.036898,0.663402,-0.747353,-0.902066,-0.299702,-0.310573,63.957474,0.842878,0.452976,0.290465,-315.192352,41.21685,-161.038132,3.141593,1.0,0.060028,-0.615574,0.785789,-13.608218,156.027374,-48.392487,10.123759,134.670654,-31.115658,90.217461,37.649593,0.0,19.026827,-73.702385,121.449303,-77.895462
0.501618,-0.674366,-0.541858,0.035061,0.641694,-0.766159,-0.864378,-0.365321,-0.34553,63.957474,0.824692,0.52133,0.219312,-301.71637,36.806564,-170.835342,3.141593,1.0,0.12858,-0.550428,0.824922,-11.590006,174.634125,-53.040909,9.5216,199.462662,-50.877148,90.217461,33.22538,0.0,19.113867,-70.31572,134.605743,-78.334457
0.530894,-0.683584,-0.500864,0.036959,0.609147,-0.792195,-0.846632,-0.40206,-0.348657,63.957474,0.807695,0.568271,0.157153,-294.850861,43.336796,-174.251801,3.141593,1.0,0.171709,-0.481703,0.859347,-10.62076,194.853271,-59.67897,-9.212556,230.133118,-103.638351,90.217461,31.593737,0.007105,19.208136,-68.201019,150.971329,-80.913605
0.575165,-0.671527,-0.467158,-0.041243,0.546541,-0.836416,-0.816997,-0.500345,-0.286655,63.957474,0.794361,0.595615,0.119305,-285.904358,33.661686,-161.804703,3.141593,1.0,0.198264,-0.439869,0.875904,-10.810663,214.485153,-67.024208,-8.28746,149.989166,-79.622749,90.217461,33.31414,0.0,19.303532,-67.188072,167.607727,-85.064865
0.632924,-0.597725,-0.49207,-0.127274,0.546598,-0.827667,-0.763681,-0.586477,-0.26988,63.957474,0.723988,0.68395,0.089743,-269.730408,25.277042,-162.878906,3.141593,1.0,0.283615,-0.413728,0.865096,-14.043725,235.349213,-74.517357,-28.559658,124.255966,-34.799446,90.217461,13.227274,0.745796,19.416271,-65.287178,182.281494,-90.629868
0.638183,-0.607132,-0.473406,-0.092825,0.549739,-0.830163,-0.764268,-0.57374,-0.294477,63.957474,0.709197,0.701312,0.072119,-270.743988,39.38184,-171.660431,3.141593,1.0,0.286957,-0.380585,0.879097,-15.89443,247.223694,-77.679138,-24.133965,111.506302,-29.833395,90.217461,12.382584,0.908989,19.511951,-66.143585,192.976364,-92.826744
0.645607,-0.610427,-0.458879,-0.089387,0.536353,-0.839247,-0.758421,-0.582841,-0.291709,63.957474,0.713255,0.697498,0.069021,-270.609314,44.170021,-172.496841,3.141593,1.0,0.278446,-0.372346,0.88534,-17.166065,254.401382,-79.54689,-5.263138,39.676636,-7.623867,90.217461,11.621565,1.0,19.607037,-67.574318,200.20108,-94.404182
0.626197,-0.587299,-0.512793,-0.1399,0.562396,-0.814947,-0.767011,-0.582057,-0.270007,63.957474,0.730127,0.677721,0.087232,-275.959839,30.13892,-161.752426,3.141593,1.0,0.29822,-0.430905,0.851696,-18.781912,238.468628,-73.398804,-22.04529,-6.605781,-2.879204,90.217461,24.218611,0.932883,21.818434,-70.625229,185.960052,-89.46946
0.625358,-0.63212,-0.45755,-0.054797,0.549328,-0.833808,-0.778412,-0.546501,-0.308888,63.957474,0.806716,0.584086,0.089738,-284.363617,44.618847,-173.072708,3.004045,1.0,0.222184,-0.440509,0.869819,-18.889292,237.643402,-73.888245,12.2432,-26.872814,23.32918,90.217461,38.376312,0.429545,21.914919,-75.976799,190.921219,-90.381035
0.623429,-0.608795,-0.490617,-0.021536,0.613875,-0.789109,-0.781583,-0.50252,-0.369596,63.957474,0.821708,0.558986,0.111042,-285.674835,58.882977,-187.493271,2.328106,0.0,0.223369,-0.49514,0.839608,-18.125175,237.716522,-69.795532,23.454147,16.414883,23.414715,90.217461,43.921429,0.285781,22.009129,-76.439079,193.411377,-88.549522
0.599626,-0.502276,-0.623031,-0.188702,0.667824,-0.720002,-0.777715,-0.549299,-0.305664,63.957474,0.838162,0.501111,0.215342,-289.295349,50.570988,-173.459351,1.624699,0.0,0.206724,-0.657229,0.724786,-21.814014,237.160568,-66.461258,-110.186592,-1.970646,25.494658,90.217461,65.247551,1.0,22.105869,-81.095177,197.622467,-91.630836
0.660455,-0.510357,-0.550759,-0.143793,0.633956,-0.759884,-0.736969,-0.581064,-0.345313,63.957474,0.849364,0.425676,0.312059,-281.01944,41.948357,-188.455597,1.75523,0.0,0.068132,-0.674714,0.734928,-24.847057,232.794067,-64.533104,4.869757,-22.113453,4.301954,90.217461,64.72242,1.0,22.200048,-83.727264,197.503632,-96.012589
0.631621,-0.582691,-0.511396,-0.077261,0.609037,-0.78937,-0.771418,-0.538093,-0.339662,63.957474,0.829444,0.490813,0.266694,-288.626526,49.628071,-185.037582,1.799698,0.0,0.097461,-0.597277,0.796091,-24.276094,233.227402,-65.810631,17.085938,-1.938377,-19.930384,90.217461,67.079597,0.919792,22.295635,-82.112137,193.679749,-94.107513
0.599078,-0.634949,-0.487797,-0.102817,0.543173,-0.833302,-0.794062,-0.549367,-0.260119,63.957474,0.823437,0.512135,0.244274,-292.342621,43.1492,-162.224091,1.821346,0.0,0.094555,-0.548342,0.830891,-22.175608,231.657593,-66.768936,38.433559,-13.473679,-10.45266,90.217461,68.238129,0.899977,22.391836,-79.766235,190.218857,-92.588211
0.605034,-0.609646,-0.512118,-0.152772,0.542361,-0.826139,-0.781405,-0.578079,-0.23501,63.957474,0.816801,0.518949,0.252046,-287.023651,34.784077,-155.867722,1.821718,0.0,0.110812,-0.569871,0.814228,-20.782364,231.45488,-66.799591,8.917738,-2.285925,-1.121187,90.217461,68.397644,0.922558,22.486088,-77.835487,189.540298,-92.953636
0.576189,-0.518406,-0.631872,-0.237794,0.633331,-0.736442,-0.781959,-0.574585,-0.241644,63.957474,0.84873,0.473762,0.234961,-288.507599,30.582081,-156.215134,1.817199,0.0,0.17479,-0.670652,0.720884,-19.258343,222.456589,-65.816284,42.59507,-7.062879,-59.03529,90.217461,63.572067,0.87317,25.313202,-79.171112,184.402756,-91.525169
0.44439,-0.265698,-0.855525,-0.405077,0.792196,-0.456442,-0.799019,-0.549391,-0.244415,63.957474,0.894073,0.417942,0.161117,-297.700104,42.263084,-155.711899,1.929815,0.0,0.313261,-0.840532,0.442012,-18.798735,221.123383,-68.73027,-90.06955,-67.569611,-68.837379,90.217461,65.346809,0.759545,25.40847,-83.796745,189.339203,-90.280067
-0.008768,0.215304,-0.976508,-0.704524,0.691678,0.158829,-0.709626,-0.689366,-0.145622,63.957474,0.902898,0.25195,0.348275,-291.305206,13.3412,-138.709152,1.021161,0.0,0.369369,-0.869167,-0.32881,-35.189182,214.878403,-70.374809,7.218526,-101.556824,18.771221,90.217461,47.100967,0.159613,25.503881,-101.33297,197.889664,-99.724976
-0.030311,0.242348,-0.969716,-0.746429,0.639747,0.183215,-0.664774,-0.729377,-0.161504,63.957474,0.92132,0.190314,0.339044,-276.657318,6.869182,-141.630081,0.841679,0.0,0.326742,-0.85162,-0.409856,-31.683323,215.343399,-69.956268,33.836338,-8.249812,8.664136,90.217461,58.394882,0.0,25.599518,-98.692139,202.129059,-98.394272
-0.046304,0.214641,-0.975595,-0.696347,0.693297,0.185582,-0.71621,-0.687946,-0.117362,63.957474,0.905684,0.205029,0.37108,-286.349365,18.490152,-131.227951,0.659997,0.0,0.348436,-0.858603,-0.376022,-28.315306,216.39476,-69.671379,63.516296,50.460163,24.689493,90.217461,59.798367,0.0,25.698006,-94.614441,202.658386,-99.809235
-0.056615,0.174157,-0.983089,-0.69361,0.701387,0.164197,-0.718122,-0.691177,-0.081088,63.957474,0.827112,0.298007,0.476526,-279.939392,15.657118,-125.923073,0.958322,0.0,0.476672,-0.821151,-0.313838,-26.358757,220.49791,-67.610924,29.916346,4.3421,38.424152,90.217461,56.862797,0.0,25.790079,-87.692657,200.690399,-104.215218
-0.110598,0.224478,-0.968183,-0.722842,0.650412,0.233374,-0.682105,-0.725654,-0.090327,63.957474,0.772152,0.349795,0.530494,-264.177368,2.89788,-128.239548,0.736981,0.0,0.575584,-0.738734,-0.350679,-23.513042,220.415329,-64.371078,-37.735924,52.973183,32.353008,90.217461,42.307579,0.0,25.885517,-81.572678,197.160965,-104.058243
-0.16137,0.429934,-0.888322,-0.670623,0.6126,0.418312,-0.724033,-0.663233,-0.189468,63.957474,0.759556,0.391946,0.519089,-285.486053,1.51182,-144.376999,0.335811,0.0,0.631888,-0.633894,-0.445978,-33.184143,203.862778,-54.493801,-226.465378,-373.192261,-128.549652,90.217461,61.302837,0.0,27.872862,-91.656883,179.064285,-93.654945
-0.614835,0.754749,-0.228762,-0.408773,-0.056917,0.91086,-0.67445,-0.65354,-0.343515,63.957474,0.806443,0.1664,0.567417,-281.182892,-2.321479,-179.153046,0.928948,0.0,0.561019,0.087887,-0.823124,-37.135075,183.633972,-50.017918,-79.982826,-212.147766,43.349464,90.217461,43.992008,0.224971,27.9667,-100.627419,172.636047,-87.191391
-0.545592,0.752411,-0.369062,-0.550081,0.010715,0.835042,-0.63225,-0.658606,-0.408041,63.957474,0.777468,0.09139,0.622247,-267.534027,-11.531316,-197.560501,1.656531,0.0,0.62502,-0.002234,-0.780605,-37.555901,170.592194,-46.296253,28.608814,-109.678185,46.644997,90.217461,43.827976,0.778991,28.063574,-98.275925,164.782623,-88.324783
