0.676493,-0.251933,-0.692017,0.558252,0.788293,0.258746,0.480325,-0.561359,0.673917,58.780045,-0.596818,0.35569,-0.71923,163.637512,75.916176,237.855804,0.519342,0.0,-0.428075,-0.899298,-0.089524,-6.899115,244.705475,19.713875,-5.351641,-11.207083,-3.012819,85.892937,65.934219,0.0,2.107259,41.214634,218.992737,66.091148
0.685408,-0.24735,-0.68486,0.547084,0.795621,0.260169,0.480536,-0.552997,0.680646,58.780045,-0.608163,0.355893,-0.709562,162.78569,79.086151,238.321854,0.561868,0.0,-0.416246,-0.904095,-0.096702,-8.431289,245.520004,19.026934,-25.375559,36.184071,-26.455648,85.892937,65.492088,0.0,2.20262,40.308872,220.031494,64.842163
0.66779,-0.294218,-0.683734,0.555643,0.808258,0.194883,0.495295,-0.510053,0.703227,58.780045,-0.629706,0.389377,-0.672202,164.423523,90.063713,240.95079,0.633094,0.0,-0.457361,-0.885272,-0.084353,-11.815633,247.3405,18.317194,14.81257,35.434666,26.28364,85.892937,67.484482,0.120989,2.298059,38.185017,220.063644,61.715687
0.687872,-0.280186,-0.669572,0.540825,0.813097,0.215362,0.484086,-0.510263,0.710839,58.780045,-0.627963,0.440323,-0.6417,161.468292,90.166473,242.624069,0.663518,0.0,-0.468979,-0.872124,-0.139497,-11.685772,250.372253,19.754219,-6.20597,25.553114,4.77642,85.892937,61.463768,0.214489,2.393398,38.086796,220.219879,61.448784
0.670763,-0.238579,-0.702251,0.545189,0.800552,0.248768,0.502838,-0.549724,0.667051,58.780045,-0.585494,0.433436,-0.685077,164.672897,81.834335,235.387299,0.588819,0.0,-0.466443,-0.871288,-0.152608,-11.13119,252.192383,21.133108,42.539948,-17.337774,26.948683,85.892937,52.234371,0.0,2.488809,36.511963,221.945297,65.372429
0.656644,-0.241025,-0.714651,0.551292,0.800023,0.236728,0.514679,-0.549428,0.658205,58.780045,-0.56362,0.414185,-0.714691,168.126007,79.031288,236.727051,0.539592,0.0,-0.472813,-0.871216,-0.132026,-9.611865,248.376602,22.900885,-10.764238,22.939623,12.278433,85.892937,41.073364,0.126654,2.584187,36.946976,219.066742,68.966812
0.663092,-0.221115,-0.715134,0.560101,0.780366,0.278058,0.496584,-0.584925,0.641301,58.780045,-0.560889,0.432409,-0.705993,161.990463,72.284042,233.005508,1.224377,0.0,-0.470145,-0.868279,-0.158291,-10.812231,252.03067,24.097269,-20.142084,-18.21974,-0.074726,85.892937,47.281403,0.082915,2.679585,35.423626,221.366989,69.553764
0.690314,-0.175806,-0.701826,0.516918,0.798551,0.308403,0.506224,-0.575681,0.642128,58.780045,-0.56212,0.459033,-0.687975,162.854736,70.725388,232.269638,1.278548,0.0,-0.444508,-0.869161,-0.216732,-12.572305,249.204727,24.04528,-19.200146,-0.671406,-2.568299,85.892937,46.734962,0.0,2.774994,33.830669,217.45224,68.607231
0.67008,-0.202456,-0.714146,0.550831,0.780528,0.295567,0.497572,-0.591428,0.634535,58.780045,-0.559861,0.461822,-0.687951,159.437531,66.71862,230.336456,0.948692,0.0,-0.471573,-0.860282,-0.193737,-13.558055,249.815643,24.260981,-1.737059,-17.391792,-2.685975,85.892937,53.729752,0.0,2.870405,32.618801,217.458923,68.609123
0.668458,-0.201922,-0.715816,0.536922,0.797008,0.276575,0.514664,-0.569216,0.641182,58.780045,-0.541117,0.493373,-0.68101,163.10762,68.288467,232.010254,0.488426,0.0,-0.492377,-0.842369,-0.219041,-13.33899,247.485916,24.515793,3.738725,15.301631,21.357904,85.892937,49.034668,0.0,2.965747,31.932491,213.367432,68.58889
0.595549,-0.334727,-0.730259,0.649498,0.735588,0.192517,0.472729,-0.588955,0.655484,58.780045,-0.564612,0.489785,-0.664322,151.282074,65.948555,234.283005,1.092281,0.0,-0.578902,-0.808709,-0.104224,-15.179976,251.094559,24.767132,-55.517345,64.703262,-64.378052,85.892937,53.98074,0.129012,3.078527,30.795145,216.058685,67.216522
0.660429,-0.275137,-0.698666,0.581126,0.776523,0.243524,0.475528,-0.566843,0.672727,58.780045,-0.552071,0.489213,-0.675195,150.940445,71.352318,238.707108,1.104092,0.0,-0.525885,-0.832704,-0.173348,-15.694108,250.017365,23.517208,13.368096,-44.537857,3.11654,85.892937,57.607655,0.0,3.173929,29.740213,215.826553,67.245567
0.638687,-0.282099,-0.71589,0.588048,0.778987,0.217669,0.496265,-0.56,0.663416,58.780045,-0.537574,0.520348,-0.663514,155.639297,70.430611,235.940002,1.297054,0.0,-0.559225,-0.808944,-0.181319,-15.615191,249.374008,23.979088,-14.81203,0.033982,-20.688711,85.892937,55.244305,0.0,3.269276,29.153709,213.160797,66.8517
0.632948,-0.334078,-0.698405,0.621347,0.75736,0.200833,0.46185,-0.561068,0.686947,58.780045,-0.534276,0.519365,-0.66694,146.4216,71.307983,240.89621,1.071658,0.0,-0.584116,-0.797151,-0.152838,-15.471017,250.775177,22.621788,50.825649,-10.508801,33.384647,85.892937,48.221882,0.0,3.364656,28.707447,214.310425,65.810394
0.673296,-0.20309,-0.710934,0.551918,0.777879,0.300485,0.491996,-0.594692,0.635831,58.780045,-0.562108,0.44648,-0.696197,155.745117,61.97126,230.292175,0.454102,0.0,-0.46206,-0.86768,-0.183388,-15.913929,244.993011,23.35997,-11.949912,-58.77536,-30.65414,85.892937,54.969299,0.0,3.460109,30.347633,213.543594,68.234581
0.74506,-0.096055,-0.660044,0.413303,0.843185,0.34383,0.523513,-0.528973,0.667924,58.780045,-0.535551,0.516598,-0.668065,161.747482,73.931427,234.896042,1.213684,0.0,-0.405073,-0.851273,-0.333543,-16.764294,242.937531,20.40943,0.13731,27.407305,-8.99262,85.892937,45.549221,0.0,3.555453,28.317041,208.753494,64.658882
0.704184,-0.220071,-0.675051,0.517555,0.80997,0.275835,0.486068,-0.543615,0.684267,58.780045,-0.533461,0.542242,-0.649148,151.171646,68.712547,237.841782,1.174003,0.0,-0.509109,-0.818725,-0.265513,-17.243294,244.002579,20.795229,-2.758693,2.175645,-6.515875,85.892937,53.719505,0.0,3.650851,27.284988,207.266495,63.439178
0.693955,-0.194307,-0.693304,0.539574,0.777905,0.322063,0.476745,-0.597586,0.644674,58.780045,-0.537374,0.527381,-0.658102,148.587906,55.259647,226.288086,1.274482,0.0,-0.492395,-0.829732,-0.262853,-17.600388,243.866074,19.138493,-2.531704,8.852977,-32.723255,85.892937,52.070927,0.024761,3.746215,27.077337,207.569458,61.976601
0.729832,-0.065396,-0.680491,0.432811,0.814713,0.385899,0.529169,-0.576165,0.622908,58.780045,-0.518486,0.544755,-0.659101,162.034744,61.406815,221.973572,1.051767,0.0,-0.414951,-0.834252,-0.363096,-17.023241,244.668457,19.79649,16.310812,-36.170109,34.045757,85.892937,53.978329,0.0,3.841645,27.162779,208.25705,63.209835
0.734738,-0.09118,-0.672195,0.432382,0.826489,0.360502,0.522691,-0.55552,0.646677,58.780045,-0.537948,0.52787,-0.65724,161.688873,66.23896,229.607407,0.393678,0.0,-0.414721,-0.844511,-0.338832,-16.741081,242.987915,21.449848,16.908291,-33.79435,2.797698,85.892937,60.155941,0.0,3.937192,28.467804,207.827179,64.785423
0.713151,-0.090308,-0.695169,0.443416,0.826187,0.347558,0.542953,-0.55611,0.62924,58.780045,-0.571325,0.50401,-0.647736,167.99791,65.933716,222.116623,0.376109,0.0,-0.408751,-0.859119,-0.307957,-17.664257,241.313156,19.453949,-30.370615,58.181992,-40.687153,85.892937,64.894524,0.0,4.032407,29.612654,207.67247,61.738914
0.674123,-0.210942,-0.707857,0.51139,0.824796,0.24123,0.532952,-0.52461,0.663888,58.780045,-0.571544,0.548461,-0.61035,165.845062,69.626762,228.216034,0.238478,0.0,-0.518778,-0.817815,-0.249094,-17.083391,240.160263,19.291073,17.546064,-41.511681,-10.258089,85.892937,72.330811,0.0,4.145148,30.008823,203.336792,59.007572
0.69791,-0.17954,-0.693316,0.458498,0.85569,0.239948,0.550183,-0.485346,0.679513,58.780045,-0.563496,0.516418,-0.644814,169.003677,82.091125,231.077103,0.2872,0.0,-0.474929,-0.841161,-0.258632,-18.106695,240.058792,15.632068,8.331475,-31.323801,-24.798588,85.892937,69.694565,0.0,4.240602,28.775593,205.793716,57.886124
0.694426,-0.161605,-0.701182,0.502857,0.806,0.312248,0.514692,-0.569428,0.640972,58.780045,-0.547324,0.51218,-0.661897,162.542053,59.754673,224.268051,0.519484,0.0,-0.466158,-0.843399,-0.267159,-14.276334,239.758286,17.819567,31.712904,-5.089362,36.040276,85.892937,64.157883,0.0,4.335924,31.359877,204.88765,60.900311
0.6915,-0.21257,-0.690392,0.54729,0.777957,0.308637,0.471488,-0.591267,0.654295,58.780045,-0.581054,0.518252,-0.627528,153.871201,52.887699,227.798355,0.809676,0.0,-0.487118,-0.839145,-0.241975,-13.351712,239.107971,20.287119,-16.260624,-16.567987,17.748749,85.892937,64.231316,0.0,4.431368,33.700527,203.587051,61.034821
0.700246,-0.381728,-0.603273,0.54904,0.828079,0.113319,0.456301,-0.410572,0.789443,58.780045,-0.634735,0.557211,-0.535377,149.737457,100.026253,255.973007,0.946575,0.0,-0.583002,-0.800056,-0.141487,-16.235546,241.427185,19.17741,-8.811732,19.890919,-37.208748,85.892937,66.050331,0.280914,4.526672,33.437756,204.670959,54.763592
0.710491,-0.332479,-0.62021,0.538577,0.824168,0.175161,0.45292,-0.458481,0.76463,58.780045,-0.689662,0.483079,-0.539445,150.510284,97.163246,249.120163,1.313122,0.0,-0.492961,-0.858891,-0.138912,-17.718668,246.095947,18.669121,-8.989889,30.350973,-4.295688,85.892937,65.320045,0.395971,4.622057,35.072205,214.018707,54.235035
0.7016,-0.330426,-0.631329,0.533087,0.831302,0.157335,0.472838,-0.44694,0.759387,58.780045,-0.672648,0.493496,-0.551368,154.044083,96.417564,245.682373,1.138594,0.0,-0.509801,-0.849139,-0.138075,-18.50197,243.070618,15.876574,30.495382,-93.472626,-59.311237,85.892937,59.07935,0.669685,4.717481,33.529411,210.33139,52.133362
0.647871,-0.253838,-0.718212,0.546437,0.811766,0.206017,0.530725,-0.52593,0.664626,58.780045,-0.548688,0.511555,-0.661251,168.712997,67.128365,226.294418,0.598944,0.0,-0.535146,-0.822578,-0.192311,-12.334679,236.261917,14.105477,-46.478195,16.179379,-45.415443,85.892937,66.529839,0.0,4.812849,33.444279,201.174911,56.897671
0.657323,-0.234691,-0.716133,0.514851,0.833786,0.199322,0.550323,-0.499721,0.668898,58.780045,-0.590177,0.476391,-0.651723,172.213791,73.316368,226.137451,0.341615,0.0,-0.493611,-0.851766,-0.17562,-16.374502,233.016846,13.55577,-34.353409,-27.259024,-16.565046,85.892937,73.29924,0.0,4.908258,31.950163,200.6828,55.652054
0.656694,-0.215258,-0.722785,0.507401,0.835154,0.212281,0.557941,-0.506145,0.657662,58.780045,-0.539734,0.545923,-0.640824,172.068604,70.716248,222.193802,0.049111,0.0,-0.532811,-0.810882,-0.242037,-15.706324,236.487305,12.919658,6.565902,46.80352,-42.123615,85.892937,67.584343,0.0,5.003678,29.863287,199.719971,54.572048
0.707899,-0.130444,-0.694164,0.415323,0.871812,0.259714,0.571302,-0.472153,0.671331,58.780045,-0.487073,0.59776,-0.636744,172.038681,79.001389,223.988235,0.012589,0.0,-0.49595,-0.789425,-0.361721,-16.418673,238.538498,10.473396,3.850035,-15.266675,6.223269,85.892937,60.181091,0.0,5.099032,26.42802,199.341599,52.882618
0.698577,-0.099093,-0.708641,0.476125,0.80366,0.356983,0.534131,-0.586781,0.608598,58.780045,-0.49957,0.56356,-0.657898,166.355057,45.933552,213.781021,0.663122,0.0,-0.466322,-0.814981,-0.34402,-12.946359,233.598175,15.62712,18.906145,-11.082811,38.029598,85.892937,62.326008,0.0,5.211776,30.218231,195.48941,58.664371
0.628217,-0.333978,-0.702711,0.628474,0.750255,0.205275,0.458655,-0.570593,0.681219,58.780045,-0.520245,0.540688,-0.661061,147.040298,50.972984,231.78299,0.927025,0.0,-0.599792,-0.78235,-0.167863,-13.185754,234.335464,15.343958,-41.900261,1.190047,-61.971802,85.892937,65.389099,0.472937,5.307287,30.140566,196.402863,58.157047
0.66322,-0.258512,-0.702361,0.583432,0.766373,0.268847,0.468771,-0.588085,0.659098,58.780045,-0.529043,0.499421,-0.68607,148.173004,45.794369,225.440109,0.925061,0.0,-0.528271,-0.826542,-0.194315,-15.394464,230.742279,12.997516,-20.1222,-45.07188,-15.099817,85.892937,60.411171,0.0,5.402551,28.694891,195.682587,57.452408
0.660166,-0.300316,-0.688471,0.58204,0.783902,0.216167,0.474775,-0.543423,0.6923,58.780045,-0.537689,0.474672,-0.696833,148.656631,58.805397,234.290421,0.910873,0.0,-0.535089,-0.830815,-0.153054,-16.96456,230.600571,12.559455,14.405383,39.742302,9.480923,85.892937,59.452263,0.0,5.497916,27.648258,197.310516,57.840244
0.689941,-0.223419,-0.688524,0.54023,0.792025,0.284338,0.481802,-0.568137,0.667148,58.780045,-0.537587,0.464585,-0.703676,151.589188,51.482872,230.217316,0.788394,0.0,-0.477956,-0.855402,-0.199614,-15.973923,228.677505,14.398527,-20.209404,-102.222679,-15.836685,85.892937,59.617722,0.0,5.59514,28.789787,196.287018,60.177814
0.751468,-0.109558,-0.650609,0.416799,0.843253,0.339415,0.511443,-0.526233,0.679341,58.780045,-0.509128,0.496869,-0.702787,157.766754,59.056591,231.76358,0.506443,0.0,-0.400835,-0.859464,-0.317259,-16.06201,226.300629,11.986479,11.799184,-21.384451,-8.373963,85.892937,59.12883,0.0,5.688697,27.412674,193.18045,58.616337
0.734219,-0.135267,-0.665301,0.437704,0.843411,0.311566,0.518977,-0.519963,0.678455,58.780045,-0.50472,0.521281,-0.688131,158.891251,60.319675,230.098495,1.141002,0.0,-0.439898,-0.841157,-0.314553,-16.687225,227.638992,11.589022,-6.770785,59.8988,6.091299,85.892937,49.164581,0.0,5.784084,26.616789,192.845245,57.17712
0.662232,-0.281051,-0.694593,0.584121,0.77424,0.243628,0.46931,-0.567065,0.676894,58.780045,-0.508496,0.558619,-0.655269,146.018326,48.620262,228.01088,1.188673,0.0,-0.572003,-0.787967,-0.227863,-16.453083,231.75589,12.753299,2.721345,35.143044,6.256016,85.892937,39.802544,0.034792,5.879511,26.402771,193.15097,55.487392
0.648845,-0.251311,-0.718222,0.597074,0.753276,0.275823,0.471702,-0.607798,0.63881,58.780045,-0.495068,0.576159,-0.650345,145.328247,38.833008,217.32193,1.67365,0.0,-0.577278,-0.777531,-0.24939,-17.018044,233.830627,12.354102,-3.936385,-23.519999,12.254827,85.892937,42.196472,0.221848,5.974891,25.103071,193.745621,54.505005
0.722488,-0.089922,-0.685511,0.451051,0.812751,0.368767,0.52399,-0.57563,0.627762,58.780045,-0.504143,0.558679,-0.658572,160.547485,46.166775,217.773956,0.530732,0.0,-0.442948,-0.821902,-0.358154,-16.32819,230.374008,14.387119,8.187836,-25.338097,16.155521,85.892937,49.881687,0.0,6.070343,26.995533,192.880554,57.772995
0.746399,-0.033269,-0.664666,0.380859,0.840379,0.385629,0.545742,-0.540978,0.639928,58.780045,-0.521751,0.531684,-0.66715,167.37616,55.397736,220.100754,0.373368,0.0,-0.37609,-0.84529,-0.379527,-16.244867,228.253387,12.727573,-4.267828,4.223668,-16.22563,85.892937,61.053638,0.0,6.165701,28.280048,193.279602,56.998863
0.748768,-0.065298,-0.659608,0.3724,0.86467,0.33714,0.548329,-0.498078,0.671755,58.780045,-0.523707,0.564707,-0.637839,167.78067,65.629105,226.686783,0.257583,0.0,-0.414632,-0.823023,-0.388219,-16.65435,229.289993,12.800908,-0.39477,7.757386,-7.39048,85.892937,57.019997,0.0,6.262927,28.025324,192.576797,55.473202
0.746753,-0.036265,-0.664112,0.355129,0.866001,0.352031,0.562356,-0.498725,0.659567,58.780045,-0.520416,0.552428,-0.651145,170.251587,68.036743,224.025574,0.327927,0.0,-0.389433,-0.832169,-0.394761,-17.70895,230.985168,12.409963,-3.792179,-25.083286,16.268486,85.892937,53.072414,0.0,6.373799,26.921089,195.149475,55.918217
0.735922,0.002377,-0.677063,0.378782,0.827417,0.414615,0.561199,-0.561583,0.608014,58.780045,-0.497268,0.565918,-0.657618,168.25029,48.053383,211.890076,0.9192,0.0,-0.38239,-0.823344,-0.419385,-18.096832,228.490265,13.279713,-30.683353,12.819014,17.941139,85.892937,47.354134,0.102466,6.469165,25.214684,191.186996,56.922508
0.692712,-0.175917,-0.69943,0.512624,0.802266,0.305919,0.507312,-0.570459,0.645919,58.780045,-0.496868,0.606317,-0.620888,154.558884,47.166817,221.898849,1.230468,0.0,-0.533849,-0.777613,-0.33215,-17.410879,233.496384,16.456926,11.242109,28.917467,29.984112,85.892937,52.631168,0.0,6.564643,25.257549,192.562607,57.270206
0.70054,-0.204467,-0.683694,0.531121,0.789267,0.308168,0.476607,-0.579008,0.66151,58.780045,-0.505857,0.616061,-0.603802,146.231369,41.905472,224.445511,1.458973,0.0,-0.547324,-0.770248,-0.327346,-18.08293,231.121628,16.050468,-6.503668,-45.690044,-24.030678,85.892937,53.839252,0.0,6.659956,24.756058,189.480255,55.843029
0.686962,-0.152362,-0.710541,0.504575,0.803656,0.315502,0.52296,-0.575259,0.628959,58.780045,-0.47828,0.633245,-0.608482,158.443939,44.531887,217.528732,1.243203,0.0,-0.542288,-0.757948,-0.362544,-16.623165,233.796158,17.181568,36.59211,-39.639858,39.719067,85.892937,49.578911,0.174306,6.755358,25.154299,191.151138,57.222675
0.701223,-0.163686,-0.693897,0.493565,0.813795,0.306807,0.51447,-0.557624,0.651442,58.780045,-0.493948,0.585637,-0.642686,157.597321,48.466877,224.153854,0.694501,0.0,-0.51148,-0.793443,-0.329904,-16.135269,230.058701,15.791027,7.16984,-0.28275,-47.090347,85.892937,61.245945,0.0,6.850736,26.471647,190.591293,58.117493
0.699878,-0.169762,-0.693795,0.507856,0.801294,0.316243,0.502248,-0.57368,0.647023,58.780045,-0.539872,0.533423,-0.651151,154.554474,46.322853,220.359879,0.50473,0.0,-0.480087,-0.830543,-0.282338,-18.537645,228.787766,12.935315,-16.513487,-53.698387,-18.846889,85.892937,67.99762,0.0,6.946148,26.54389,192.539597,55.449856
0.68033,-0.199639,-0.705192,0.515061,0.814754,0.266247,0.521405,-0.544352,0.657128,58.780045,-0.554221,0.544764,-0.629342,160.969299,49.572903,221.635635,0.336827,0.0,-0.510001,-0.819784,-0.260487,-17.957249,225.117966,13.156932,25.878633,-15.329881,25.479973,85.892937,73.130302,0.0,7.041518,28.076109,188.314835,54.150013
0.658126,-0.226803,-0.717935,0.533822,0.813001,0.232516,0.530947,-0.536274,0.656129,58.780045,-0.553029,0.546163,-0.629178,163.634186,50.533409,221.40654,0.30898,0.0,-0.535216,-0.811628,-0.2341,-17.711752,224.276047,13.375794,-16.842264,-5.9562,-18.031628,85.892937,71.805023,0.0,7.1369,28.309095,187.2164,54.175438
0.706335,-0.201866,-0.678484,0.518196,0.800424,0.301321,0.482248,-0.564421,0.669974,58.780045,-0.531199,0.539469,-0.6533,150.727325,44.933342,225.745865,0.816309,0.0,-0.497185,-0.822841,-0.275208,-16.564062,225.478409,12.140737,45.52795,-1.676862,14.376754,85.892937,61.805443,0.378081,7.232397,27.814188,188.790359,54.986149
0.673891,-0.290563,-0.679297,0.591661,0.762894,0.260632,0.442502,-0.577551,0.686022,58.780045,-0.513023,0.557683,-0.652531,140.449448,40.842827,229.518768,1.103287,0.0,-0.567616,-0.790666,-0.229477,-15.182338,226.651093,12.009067,-2.81681,-30.79948,10.552712,85.892937,56.40897,0.020504,7.327728,27.666683,188.046295,54.668678
0.693513,-0.187021,-0.695746,0.515307,0.803666,0.297622,0.503486,-0.564928,0.653727,58.780045,-0.532996,0.51675,-0.669988,156.833786,43.980289,223.505615,1.597314,0.0,-0.484823,-0.835477,-0.258697,-16.200195,223.27832,13.185208,-24.948067,-51.836708,5.323009,85.892937,39.205647,0.098099,7.44045,28.507757,187.9664,56.886906
0.690945,-0.18008,-0.700119,0.505488,0.812701,0.289826,0.516795,-0.554155,0.65256,58.780045,-0.529013,0.576751,-0.622498,158.243729,40.678627,221.656921,1.301221,0.0,-0.516657,-0.800821,-0.302903,-18.056299,220.746307,14.55935,-13.716011,-65.956573,29.768698,85.892937,45.452576,0.073423,7.535817,26.525404,181.919052,55.335579
0.6981,-0.136307,-0.702906,0.455485,0.841998,0.28909,0.55244,-0.521977,0.649885,58.780045,-0.529563,0.598435,-0.601198,166.540466,50.446941,221.420822,1.144132,0.0,-0.504545,-0.791947,-0.343881,-19.264793,223.068939,16.154604,-24.590588,10.146961,2.511262,85.892937,37.474705,0.283121,7.631194,25.737167,183.48587,55.781338
0.694036,-0.154251,-0.703221,0.450635,0.854843,0.25724,0.561464,-0.49543,0.662803,58.780045,-0.549022,0.556405,-0.623689,168.082825,61.056355,225.094284,0.954576,0.0,-0.48898,-0.819006,-0.300212,-21.207554,224.091248,15.21419,-20.494877,1.998181,-12.421615,85.892937,31.935627,0.670027,7.726588,24.979597,187.329178,56.162334
0.700585,-0.185715,-0.688978,0.483999,0.833156,0.267575,0.524333,-0.520923,0.673583,58.780045,-0.570486,0.529597,-0.627753,158.687347,55.304935,226.415771,0.571775,0.0,-0.482376,-0.834668,-0.265788,-21.950724,223.471481,13.642999,3.319689,-29.370626,-1.837948,85.892937,62.531532,0.0,7.821957,25.047823,188.075348,54.736252
0.699078,-0.189956,-0.689352,0.492936,0.8264,0.272169,0.517981,-0.530074,0.671355,58.780045,-0.586831,0.491453,-0.643508,157.698853,52.348255,225.81987,0.66567,0.0,-0.459519,-0.856496,-0.235068,-22.180019,220.568954,12.771728,-3.48696,-16.051113,-9.721218,85.892937,62.851013,0.266371,7.917397,25.67837,187.45108,54.70826
0.696048,-0.275077,-0.663212,0.534508,0.815259,0.222831,0.479394,-0.509593,0.71449,58.780045,-0.554822,0.548836,-0.625262,147.4776,52.572411,233.810181,1.688123,0.0,-0.540957,-0.808969,-0.230074,-20.308502,219.459534,10.574696,17.748373,-60.552624,-2.723874,85.892937,53.857082,0.901347,8.012783,25.291864,182.455002,51.70438
0.745709,-0.184904,-0.6401,0.38944,0.900481,0.193574,0.540606,-0.39363,0.743506,58.780045,-0.500594,0.694368,-0.516971,162.36911,81.37249,238.066193,3.141593,1.0,-0.587731,-0.711065,-0.385953,-18.716511,226.287384,13.049268,101.018257,174.322113,109.174942,85.892937,31.748312,0.759446,8.108143,24.582134,181.699127,48.565063
0.741216,-0.155992,-0.65289,0.430141,0.857073,0.283556,0.515342,-0.491011,0.702374,58.780045,-0.477668,0.756011,-0.447528,157.764847,48.29081,230.576416,2.931006,0.0,-0.612175,-0.651792,-0.447671,-15.264248,222.685944,20.562134,-13.708963,17.849934,31.812117,85.892937,44.229092,0.261463,8.203545,26.41684,173.437439,51.55859
0.677427,-0.246492,-0.693062,0.533557,0.813241,0.232286,0.506369,-0.527145,0.682429,58.780045,-0.521722,0.692888,-0.497708,155.290314,45.412956,228.540833,2.854304,0.0,-0.631124,-0.706009,-0.3213,-17.632889,225.799469,21.597309,-61.759945,80.673157,-37.262539,85.892937,50.567089,0.459226,8.29923,26.229401,179.769043,54.606682
0.650728,-0.303319,-0.696096,0.587067,0.782392,0.207882,0.481565,-0.54393,0.687194,58.780045,-0.514068,0.566862,-0.64374,148.357819,49.544003,233.738876,1.258816,0.17133,-0.591143,-0.777941,-0.212971,-17.623751,227.181595,16.621332,14.546947,-59.250809,46.159824,85.892937,49.872314,0.291622,8.394335,25.618746,188.178268,58.590302
0.618566,-0.269992,-0.737889,0.610787,0.755993,0.235402,0.494282,-0.596305,0.632539,58.780045,-0.554629,0.445557,-0.702756,152.830994,32.533527,219.768723,0.070121,0.0,-0.525378,-0.842438,-0.119479,-18.942917,216.637161,13.619638,-3.912174,-48.793365,-26.812025,85.892937,67.113998,0.0,8.507081,26.850689,184.51683,58.55022
0.587339,-0.294344,-0.75392,0.618602,0.763937,0.183665,0.521886,-0.574249,0.630771,58.780045,-0.566156,0.36999,-0.736596,159.578659,39.827457,221.237473,0.125941,0.0,-0.514446,-0.85681,-0.034964,-20.198893,213.833145,13.60216,-13.824039,-40.517269,53.471695,85.892937,66.921196,0.0,8.602474,26.562836,186.189392,60.469517
0.612953,-0.325724,-0.719856,0.606778,0.777597,0.164816,0.506073,-0.537817,0.674272,58.780045,-0.609256,0.36432,-0.704328,158.618912,46.424026,232.359299,1.656274,0.0,-0.493644,-0.869369,-0.022678,-19.3325,210.174118,15.485266,9.436603,38.216339,-67.00795,85.892937,61.103687,0.0,8.697851,29.633451,183.500214,60.504025
0.738865,-0.111795,-0.664515,0.332505,0.918213,0.215232,0.586105,-0.379982,0.715608,58.780045,-0.554751,0.570927,-0.605222,174.572205,79.409195,235.275085,3.141593,1.0,-0.458918,-0.816723,-0.349797,-21.659086,212.387161,12.202119,1.477168,72.674538,53.099037,85.892937,29.725933,0.811649,8.793209,25.188597,176.257233,52.884411
0.754965,-0.124534,-0.643831,0.359158,0.899978,0.247074,0.548665,-0.417769,0.724179,58.780045,-0.576435,0.622131,-0.529788,166.611206,64.028595,239.824692,2.772443,0.0,-0.499576,-0.781373,-0.374005,-20.891273,210.097427,19.281122,-32.55513,-35.054928,45.793385,85.892937,51.720337,0.497926,8.888623,26.770201,170.50766,55.249325
0.742711,-0.117352,-0.659249,0.374457,0.888981,0.263617,0.555123,-0.442652,0.7042,58.780045,-0.588988,0.62854,-0.507967,165.62532,61.438541,236.208206,3.141593,1.0,-0.505449,-0.776957,-0.375312,-24.258123,214.411407,22.405704,2.790947,81.266136,55.932083,85.892937,24.103556,0.949143,8.984024,24.138134,174.259567,56.725185
0.703301,-0.216757,-0.677041,0.443387,0.878188,0.179429,0.555676,-0.426383,0.713737,58.780045,-0.5979,0.563855,-0.569722,164.432343,74.928299,240.862442,3.141593,1.0,-0.524126,-0.812771,-0.254352,-25.997217,220.233444,21.339842,43.045471,56.904789,-64.946342,85.892937,30.327829,0.861891,9.079394,22.804226,183.602844,58.948494
0.661774,-0.214941,-0.718231,0.549198,0.791122,0.269273,0.51033,-0.572649,0.641589,58.780045,-0.560049,0.433585,-0.705938,154.295593,36.95734,229.828247,0.380678,0.0,-0.468219,-0.868626,-0.162049,-22.098886,213.488388,20.835499,-20.19195,-133.564682,16.325472,85.892937,70.142143,0.0,9.1748,24.22514,182.911255,66.303047
0.63912,-0.156445,-0.753028,0.508968,0.820069,0.261605,0.576608,-0.550465,0.603748,58.780045,-0.558258,0.400257,-0.726734,171.33371,43.957932,219.792221,0.006409,0.0,-0.432085,-0.88803,-0.157176,-22.570633,212.406555,19.408115,-2.75049,4.454019,-0.373806,85.892937,74.324905,0.0,9.270181,24.37055,184.257675,65.911827
0.656544,-0.157214,-0.737722,0.533425,0.788269,0.306741,0.533299,-0.594908,0.601395,58.780045,-0.556725,0.408235,-0.723465,159.735001,33.923912,218.636047,0.848517,0.0,-0.432178,-0.886108,-0.167439,-22.619293,214.618607,19.020473,39.710617,35.242832,-21.401211,85.892937,73.493111,0.0,9.36749,23.810341,185.551285,65.355301
0.755409,-0.134565,-0.641287,0.358823,0.903852,0.233017,0.548273,-0.406132,0.731064,58.780045,-0.525559,0.532494,-0.663504,162.594284,77.414009,243.729797,2.85227,0.937803,-0.435579,-0.838346,-0.327792,-21.948732,215.086609,12.82518,-46.635117,10.550969,-12.026554,85.892937,49.620571,0.877872,9.460959,22.853193,180.926926,57.399811
0.769425,-0.090808,-0.632249,0.332945,0.901752,0.275665,0.545099,-0.422608,0.724065,58.780045,-0.516457,0.658303,-0.547639,164.924423,68.341766,241.021439,2.890592,0.402404,-0.491091,-0.751607,-0.440359,-18.327698,217.987122,18.773907,18.435884,-32.462009,66.691177,85.892937,46.91452,0.557628,9.556365,25.992132,176.05397,56.475338
0.729429,-0.131267,-0.671343,0.420906,0.859763,0.289215,0.539232,-0.493535,0.682387,58.780045,-0.500463,0.671085,-0.546975,164.142197,46.640198,231.693344,3.141593,1.0,-0.536825,-0.736211,-0.412083,-16.550856,216.215469,20.836105,-3.382872,13.838848,-1.183794,85.892937,13.983397,1.0,9.669101,26.705429,172.429977,57.769714
0.713171,-0.195293,-0.673237,0.459859,0.855208,0.239058,0.529072,-0.480083,0.699717,58.780045,-0.558685,0.584828,-0.588088,161.794128,59.0467,233.998123,3.141593,1.0,-0.519953,-0.7994,-0.301012,-19.425564,219.839783,16.684944,1.465059,-217.123825,-97.970619,85.892937,18.366535,1.0,9.764477,26.94692,181.40802,55.657719
0.726242,-0.119377,-0.676994,0.463313,0.812532,0.35374,0.507851,-0.570562,0.645404,58.780045,-0.530648,0.48477,-0.695278,157.475861,36.487228,225.298904,0.923382,0.0,-0.413342,-0.864149,-0.287043,-16.624125,214.841446,15.244562,23.230976,-58.661148,-20.168188,85.892937,65.979294,0.0,9.859875,28.037184,181.909256,60.801403
0.666079,-0.156419,-0.729295,0.54734,0.766743,0.335445,0.506712,-0.622606,0.596326,58.780045,-0.55327,0.410307,-0.724942,159.210464,21.924341,211.088486,0.141899,0.0,-0.431009,-0.885731,-0.172369,-15.921548,210.092178,12.662671,-2.164922,-33.155827,-30.68181,85.892937,73.393471,0.0,9.95525,30.062105,180.611115,59.099754
0.659406,-0.175359,-0.731049,0.57226,0.747709,0.336824,0.487547,-0.640454,0.593394,58.780045,-0.570495,0.37643,-0.729957,155.217453,17.286808,207.701248,0.456517,0.0,-0.424679,-0.895944,-0.130122,-15.834979,208.24678,9.892766,-5.562773,-0.849226,-17.138968,85.892937,74.342094,0.0,10.050646,30.953823,180.522644,56.459785
0.728806,-0.164182,-0.664745,0.477663,0.817491,0.321786,0.490592,-0.552044,0.674216,58.780045,-0.609858,0.288448,-0.738154,156.241379,40.39711,228.219482,1.004355,0.0,-0.312682,-0.943429,-0.110328,-17.745255,201.796768,8.530429,-2.858325,-73.419594,-18.224003,85.892937,62.528008,0.0,10.146047,31.20174,181.099304,56.378441
0.723604,-0.142016,-0.675447,0.422839,0.864677,0.271184,0.545531,-0.481835,0.685734,58.780045,-0.592772,0.350825,-0.724943,170.837738,54.868172,229.6633,3.141593,1.0,-0.341095,-0.924781,-0.168627,-16.697369,201.359497,7.631116,-53.066711,82.294632,-20.261242,85.892937,22.775972,0.984847,10.241412,31.795502,177.676086,54.886772
0.784822,-0.069603,-0.615801,0.275999,0.928944,0.246756,0.554869,-0.36362,0.748265,58.780045,-0.600074,0.575218,-0.55591,173.305695,81.103699,245.055328,3.141593,1.0,-0.426539,-0.817981,-0.385968,-17.214525,209.480408,16.289511,28.695795,-80.569199,89.852135,85.892937,24.415398,1.0,10.336826,31.883307,173.781372,54.341091
0.74556,-0.104817,-0.658144,0.389919,0.86949,0.303234,0.540465,-0.482702,0.689127,58.780045,-0.571433,0.603435,-0.556176,167.366104,50.669437,232.859924,3.141593,1.0,-0.470235,-0.796199,-0.380719,-17.654203,212.647293,19.881641,-13.794489,90.022682,-6.338428,85.892937,12.727534,0.968337,10.432204,29.614975,173.698212,57.218494
0.719561,-0.17505,-0.672004,0.454064,0.850779,0.264579,0.525412,-0.495513,0.691671,58.780045,-0.560355,0.554038,-0.615666,162.87767,54.632408,233.208405,2.593466,1.0,-0.485051,-0.822042,-0.298282,-17.493868,217.476547,16.221367,24.308697,-28.270281,-27.630329,85.892937,14.854082,1.0,10.527612,28.963072,180.926437,56.918705
0.718997,-0.107911,-0.686585,0.454723,0.820133,0.347288,0.525615,-0.561905,0.638742,58.780045,-0.550397,0.44771,-0.704712,163.869431,38.140965,223.021576,0.819372,0.0,-0.387543,-0.884624,-0.259329,-16.049721,211.825516,14.266338,26.794844,-36.219761,-32.254166,85.892937,67.137032,0.0,10.623004,29.903238,181.356583,60.221977
0.688853,-0.135438,-0.712136,0.527725,0.767204,0.36456,0.496979,-0.62694,0.599965,58.780045,-0.559405,0.404905,-0.72327,156.873077,20.122105,209.988846,0.020004,0.0,-0.401422,-0.895758,-0.190992,-16.028624,208.831863,10.593066,-7.484337,-11.380669,-15.816962,85.892937,74.647072,0.0,10.735767,30.205572,179.913574,57.072559
0.697899,-0.159334,-0.698248,0.525211,0.776691,0.347714,0.48692,-0.609397,0.625735,58.780045,-0.556193,0.414655,-0.720216,155.096313,22.109314,215.278275,1.148908,0.0,-0.412734,-0.890022,-0.193681,-14.936933,206.809021,9.273148,54.811577,10.187713,-22.85741,85.892937,74.500908,0.0,10.831143,30.992451,177.429398,55.7939
0.769489,-0.087129,-0.632689,0.328954,0.903205,0.275698,0.547427,-0.420272,0.723667,58.780045,-0.532479,0.513705,-0.672736,170.519089,66.809586,236.184372,3.141593,1.0,-0.386052,-0.854692,-0.347082,-14.169939,206.70192,6.476281,-32.936924,-20.672525,0.079174,85.892937,26.540089,0.977106,10.92655,30.993504,173.92662,51.739491
0.784445,-0.0517,-0.61804,0.293815,0.908577,0.296919,0.546186,-0.414506,0.727919,58.780045,-0.565133,0.564839,-0.601316,172.572601,66.658852,240.235931,3.141593,1.0,-0.394756,-0.825152,-0.404095,-13.652382,207.832153,13.749346,6.794747,20.890064,68.857208,85.892937,11.425217,0.852204,11.021885,33.363403,172.306152,54.707474
0.723389,-0.10109,-0.683,0.396963,0.870271,0.29163,0.564914,-0.482088,0.669674,58.780045,-0.566308,0.561648,-0.603197,175.440521,55.797955,226.424301,3.141593,1.0,-0.448582,-0.824008,-0.3461,-15.762679,215.13176,15.757953,-41.425915,118.999916,-16.730858,85.892937,9.228101,0.865418,11.117257,31.457861,178.67012,55.741005
0.74113,-0.119335,-0.66067,0.418556,0.851547,0.315718,0.524916,-0.510516,0.681056,58.780045,-0.554462,0.512367,-0.655784,165.060913,49.155186,230.446854,1.16318,0.071193,-0.416999,-0.852991,-0.313875,-14.879973,213.058151,13.462959,23.107708,-66.74559,-9.415839,85.892937,64.630348,0.04832,11.212678,31.272953,179.272995,56.862583
0.736421,-0.102206,-0.668758,0.46017,0.80029,0.384421,0.495911,-0.590838,0.636383,58.780045,-0.567813,0.397677,-0.720723,157.972733,29.659966,219.042358,0.415633,0.0,-0.343623,-0.910134,-0.23147,-15.063145,207.787323,9.941059,-9.283655,-52.828983,-25.373304,85.892937,73.74733,0.0,11.30808,31.577419,180.249954,56.844193
0.719401,-0.10244,-0.686999,0.465655,0.805016,0.367579,0.515391,-0.584342,0.626831,58.780045,-0.57003,0.368784,-0.73421,163.008636,30.874561,215.46463,0.504751,0.0,-0.33953,-0.919469,-0.198232,-15.328508,205.630661,8.155762,-0.160455,-23.151451,-6.62113,85.892937,74.52021,0.0,11.403445,31.648344,179.808731,55.700893
0.742579,-0.135042,-0.656004,0.420967,0.855914,0.300328,0.520926,-0.499173,0.692432,58.780045,-0.571377,0.32849,-0.752079,165.871414,49.378258,232.563141,1.926416,0.301086,-0.320674,-0.932911,-0.163847,-13.954765,199.082703,6.875508,9.204007,-150.646881,-26.419861,85.892937,50.535599,0.380874,11.498855,33.100319,176.605148,56.079388
0.751323,-0.049956,-0.658041,0.338781,0.884911,0.319626,0.56634,-0.463074,0.681778,58.780045,-0.589975,0.375737,-0.714669,178.351318,56.714237,229.238632,3.141593,1.0,-0.283562,-0.925164,-0.252317,-14.467373,199.069412,8.452124,1.878026,67.123604,54.264763,85.892937,18.283062,1.0,11.595498,34.005211,174.740372,55.470402
0.78715,0.017502,-0.616513,0.25392,0.901756,0.3498,0.562067,-0.43189,0.705373,58.780045,-0.608464,0.496845,-0.618802,177.525696,65.325348,235.611023,3.141593,1.0,-0.301715,-0.866038,-0.39868,-15.214033,206.281265,14.006646,-34.333561,34.43705,28.467865,85.892937,8.380792,0.652777,11.689924,34.268742,175.403458,55.828884
0.734351,-0.151011,-0.661759,0.42014,0.866854,0.268414,0.533115,-0.475141,0.700021,58.780045,-0.571034,0.455658,-0.682859,169.5271,58.94603,234.800217,2.515746,1.0,-0.40419,-0.880061,-0.249247,-13.508718,210.139923,11.396266,67.536995,-57.51276,-26.972466,85.892937,16.919691,1.0,11.802378,33.649384,180.047745,56.382221
0.736145,-0.114157,-0.667127,0.45168,0.816932,0.358617,0.504059,-0.565323,0.652943,58.780045,-0.541749,0.348913,-0.764701,162.62825,35.440147,225.088882,0.668314,0.0,-0.33424,-0.924176,-0.184887,-11.116051,204.054581,8.81317,3.299998,-73.29615,-54.928719,85.892937,71.231354,0.0,11.897766,34.156097,179.52684,58.669849
0.747541,-0.072557,-0.66024,0.424468,0.816746,0.390837,0.51089,-0.572418,0.641349,58.780045,-0.548007,0.314706,-0.775015,165.725937,33.619499,219.449493,0.558007,0.0,-0.283055,-0.941635,-0.182218,-10.153268,201.719437,5.493179,8.986864,-9.503757,-14.464162,85.892937,74.337059,0.0,11.993143,35.512623,179.514618,55.985523
0.755135,-0.097383,-0.648296,0.390851,0.860806,0.325958,0.526314,-0.49953,0.688087,58.780045,-0.55349,0.283817,-0.783005,172.125748,49.265694,230.793121,1.322986,0.0,-0.272193,-0.950162,-0.151999,-8.093728,196.147415,4.119041,23.009876,-103.783478,-36.45607,85.892937,71.56324,0.192904,12.088542,37.981239,176.583374,55.416882
0.749223,-0.039856,-0.661118,0.320682,0.895212,0.309449,0.579507,-0.443855,0.683494,58.780045,-0.566278,0.300583,-0.767449,187.095825,64.540543,229.851929,3.141593,1.0,-0.23844,-0.951058,-0.196559,-7.843861,197.24382,5.271028,10.655275,222.377731,26.020351,85.892937,20.631952,1.0,12.183942,39.393803,177.668137,55.646233
0.762125,-0.06518,-0.644141,0.335688,0.89052,0.307063,0.553606,-0.450251,0.700567,58.780045,-0.589128,0.468721,-0.658201,181.595703,62.327995,235.457169,3.141593,1.0,-0.34607,-0.882437,-0.318653,-7.856131,207.041397,13.09815,-5.81736,77.627724,75.523315,85.892937,7.063529,0.957905,12.279304,40.495304,177.085739,56.899895
0.710295,-0.134684,-0.690899,0.442118,0.849123,0.289002,0.547734,-0.510735,0.662674,58.780045,-0.585049,0.521852,-0.620796,178.232773,52.91724,226.271362,3.141593,1.0,-0.445075,-0.846501,-0.292137,-9.440877,217.530319,16.680452,-26.304403,155.573196,13.629142,85.892937,4.730302,0.766068,12.374678,38.628906,183.091019,57.372261
0.732255,-0.12168,-0.670072,0.431196,0.844409,0.317873,0.527136,-0.521697,0.670791,58.780045,-0.551909,0.47984,-0.682019,172.610596,52.956123,231.534119,1.221192,0.010207,-0.404321,-0.869277,-0.284398,-7.777991,217.907227,15.692468,8.055214,-84.38279,-19.525204,85.892937,67.836418,0.105664,12.470089,38.256775,185.92363,60.566124
0.73081,-0.077689,-0.678145,0.449871,0.802011,0.39293,0.513354,-0.592235,0.621068,58.780045,-0.546631,0.368799,-0.751785,170.195435,34.736057,218.753693,0.593512,0.0,-0.325624,-0.920748,-0.214922,-6.289248,211.525177,11.628971,10.866586,-51.570221,-39.44482,85.892937,75.448631,0.0,12.5655,39.354256,185.682037,60.458855
0.73794,-0.135266,-0.661171,0.472817,0.802691,0.363497,0.481548,-0.580853,0.656294,58.780045,-0.531587,0.371378,-0.761245,162.660675,35.779655,225.800079,0.933492,0.0,-0.360231,-0.912545,-0.193637,-4.560579,210.045197,8.829522,38.57156,-5.304438,-27.771484,85.892937,70.340416,0.0,12.661348,39.926048,183.82457,58.527012
0.749268,-0.111421,-0.652827,0.390206,0.870745,0.299236,0.535105,-0.478944,0.695899,58.780045,-0.562694,0.356841,-0.745681,178.384644,58.901035,232.96286,3.107666,1.0,-0.318728,-0.925943,-0.202591,-4.689615,204.816193,6.595479,-6.521868,34.986397,27.029724,85.892937,17.697607,1.0,12.756265,41.999611,180.972061,55.595573
0.766702,-0.027625,-0.641409,0.316791,0.885253,0.340545,0.558402,-0.464289,0.687476,58.780045,-0.607135,0.398832,-0.687255,185.717316,61.973156,233.102875,3.141593,1.0,-0.273017,-0.916958,-0.290946,-5.929686,205.78595,12.425375,-49.012085,41.530815,39.632366,85.892937,11.475583,0.779231,12.851655,43.394615,180.308884,57.882256
0.731004,-0.128097,-0.670242,0.416505,0.861789,0.289558,0.540516,-0.490827,0.683324,58.780045,-0.64618,0.428802,-0.631332,178.078217,58.613884,232.916077,3.141593,1.0,-0.364495,-0.900187,-0.238342,-11.061367,211.844864,17.477171,-38.133076,179.709244,12.314941,85.892937,4.333131,0.654468,12.964363,40.314198,183.713531,58.753738
0.726416,-0.16325,-0.667584,0.45897,0.838245,0.294434,0.511533,-0.520283,0.683842,58.780045,-0.56784,0.424831,-0.705037,170.919037,54.873661,235.950821,1.905836,0.711006,-0.397825,-0.891486,-0.216769,-6.23312,216.284561,15.509771,1.084015,-54.175087,25.642988,85.892937,36.223461,0.643932,13.059767,40.542015,187.480896,61.656467
0.702994,-0.114279,-0.701955,0.483547,0.800573,0.353929,0.521519,-0.588238,0.618057,58.780045,-0.559026,0.351725,-0.750852,174.474472,34.380383,219.854309,0.228071,0.0,-0.352903,-0.920382,-0.168394,-4.903196,209.386841,13.872356,1.071506,-38.443958,-55.220043,85.892937,73.743958,0.0,13.155165,41.552166,184.307602,62.327003
0.697808,-0.08126,-0.711661,0.496489,0.771017,0.398787,0.516297,-0.631608,0.578367,58.780045,-0.566057,0.331674,-0.7547,173.02037,24.013712,206.60675,0.097064,0.0,-0.329848,-0.930139,-0.161375,-5.416333,209.218887,10.836921,1.439667,-8.271008,-34.850292,85.892937,76.954247,0.0,13.250573,41.428997,184.995041,59.195469
0.702969,-0.19361,-0.684361,0.542138,0.768692,0.33941,0.46035,-0.609613,0.64533,58.780045,-0.532928,0.396277,-0.747631,158.107269,27.801977,223.032654,1.634441,0.0,-0.427561,-0.888575,-0.166208,-3.593234,211.751038,10.081274,25.38522,32.384289,-8.090322,85.892937,55.907001,0.214072,13.345929,40.775578,183.177139,58.554096
0.764721,-0.03573,-0.643371,0.32447,0.883988,0.336578,0.556706,-0.466142,0.687597,58.780045,-0.557373,0.509653,-0.65543,184.62529,58.909489,231.159637,3.141593,1.0,-0.352247,-0.860014,-0.369187,-3.886043,210.322586,12.035969,17.860933,2.382691,130.993698,85.892937,11.963065,0.879427,13.441333,42.734745,177.717636,55.908218
0.729041,-0.213591,-0.65029,0.468947,0.847917,0.247234,0.498585,-0.485196,0.71833,58.780045,-0.604139,0.569408,-0.557486,170.382385,49.628029,239.362732,3.141593,1.0,-0.507171,-0.814351,-0.282153,-5.286558,210.616516,19.248796,-19.535048,-2.337369,38.737797,85.892937,12.763132,1.0,13.536749,43.305328,173.292435,56.278328
0.651934,-0.31786,-0.688438,0.550538,0.822734,0.141479,0.521431,-0.471247,0.711362,58.780045,-0.572192,0.616251,-0.541138,172.908997,57.986938,236.825317,3.141593,0.352277,-0.62074,-0.756654,-0.205319,-6.770048,219.156143,20.108875,62.900887,225.195877,-50.901123,85.892937,34.637394,0.684872,13.632133,40.009167,178.096008,55.51672
0.623692,-0.302667,-0.720694,0.579793,0.797501,0.166832,0.52426,-0.521905,0.67288,58.780045,-0.567104,0.466078,-0.679091,175.001144,48.605503,233.079529,0.996738,0.0,-0.541212,-0.832378,-0.11932,-5.335843,214.226624,17.895781,13.400277,-147.019485,64.790756,85.892937,66.480133,0.0,13.729966,41.380398,181.626205,61.579231
0.611385,-0.213372,-0.762024,0.562083,0.794923,0.228385,0.55702,-0.567952,0.605937,58.780045,-0.589576,0.385352,-0.709862,183.845306,37.289894,213.814789,0.198244,0.0,-0.45985,-0.882658,-0.097226,-6.588451,209.801361,14.323427,-15.188937,-13.240301,-37.6161,85.892937,75.605667,0.0,13.822912,41.87484,182.046753,59.376453
0.67436,-0.224979,-0.703295,0.553862,0.784018,0.280273,0.48834,-0.578533,0.653317,58.780045,-0.559898,0.394082,-0.728844,165.731201,34.002987,225.270859,0.838147,0.0,-0.448413,-0.883815,-0.133403,-4.864798,209.727097,11.721276,42.858818,-14.665055,-2.79888,85.892937,73.391777,0.0,13.918352,41.265396,181.456802,58.756588
