-0.56444,0.016976,0.8253,0.391484,-0.874697,0.285736,-0.726738,-0.484372,-0.487068,58.738293,0.854569,0.097603,0.510084,-249.301926,18.050535,-169.600113,0.084652,0.0,-0.05877,0.994046,-0.091749,-0.214267,156.444717,-15.379514,6.615496,13.934114,13.13276,86.016327,77.056641,0.0,1.900278,-63.808262,141.682266,-45.280212
-0.558405,-0.025231,0.829184,0.362377,-0.906548,0.216454,-0.746235,-0.421347,-0.515365,58.738297,0.856932,0.086586,0.508106,-253.658478,34.757488,-176.87767,0.077539,0.0,-0.073737,0.996243,-0.045411,0.559518,156.049164,-15.165174,9.290563,-17.353094,-7.065229,86.016327,78.375198,0.0,1.999096,-63.188568,142.302643,-45.33532
-0.551842,-0.022655,0.833641,0.34704,-0.915203,0.204857,-0.75831,-0.402356,-0.51291,58.730511,0.854734,0.083417,0.51232,-255.215652,37.515125,-177.079666,0.08156,0.0,-0.07302,0.996511,-0.04043,2.079523,153.592773,-15.739935,18.079271,-26.149155,-3.263465,86.017479,79.330406,0.0,2.092045,-61.661072,140.214249,-46.162174
-0.523026,-0.006659,0.852291,0.284883,-0.943823,0.16745,-0.803297,-0.330383,-0.495541,58.721893,0.852442,0.049412,0.520482,-264.949219,57.459114,-173.909958,0.13859,0.0,-0.045184,0.998762,-0.020817,4.26994,152.354294,-16.601255,17.867344,-4.06166,-10.677919,86.023628,83.584694,0.0,2.185452,-59.899734,141.79277,-47.418167
-0.540523,0.059585,0.839216,0.320529,-0.907677,0.270893,-0.777879,-0.415417,-0.471522,58.826118,0.860399,0.069906,0.504803,-258.629913,34.23727,-168.780151,0.2049,0.0,-0.021537,0.99465,-0.101032,4.468382,152.409454,-19.090723,-8.257799,21.175526,-17.810989,86.035065,77.689346,0.0,2.299055,-60.045704,140.28891,-48.405621
-0.553777,0.039509,0.831727,0.356127,-0.891666,0.279472,-0.752665,-0.450966,-0.479714,58.873329,0.860883,0.10994,0.496784,-252.329788,23.808596,-171.000031,0.213054,0.0,-0.060854,0.991616,-0.113993,3.929777,153.940277,-19.690351,5.967471,4.267695,5.827862,86.038353,76.473068,0.0,2.398232,-60.169334,138.943115,-48.525913
-0.550517,0.012814,0.834726,0.319194,-0.920678,0.224647,-0.771393,-0.390112,-0.502759,58.875191,0.858754,0.101486,0.502237,-256.765045,40.006363,-177.303818,0.104677,0.0,-0.070244,0.994252,-0.0808,4.241647,153.682358,-19.452291,2.837191,-11.488319,2.712575,86.041878,80.444443,0.0,2.489798,-59.820011,139.606125,-48.943993
-0.544541,0.018969,0.83852,0.321213,-0.918807,0.229383,-0.774789,-0.394252,-0.494235,58.847198,0.859721,0.093693,0.502096,-257.651733,39.17831,-175.082291,0.104996,0.0,-0.061737,0.994886,-0.079938,4.38367,153.465988,-19.479721,0.462984,-9.139839,0.14536,86.046959,79.74897,0.0,2.585703,-59.823162,139.843506,-48.888287
-0.553224,0.022544,0.832727,0.320478,-0.916939,0.237734,-0.768919,-0.398391,-0.500048,58.912247,0.861071,0.087228,0.500947,-255.91066,37.772034,-176.80603,0.115773,0.0,-0.051825,0.995101,-0.084192,4.721501,152.715576,-19.723867,7.010639,-10.097646,-10.86354,86.055084,78.471176,0.0,2.679955,-59.56221,139.503647,-49.115704
-0.55383,0.02185,0.832343,0.303659,-0.925505,0.226346,-0.775283,-0.378105,-0.505937,58.974335,0.862292,0.101881,0.496057,-256.78479,41.542995,-178.469162,0.122229,0.0,-0.064957,0.993714,-0.091176,5.496936,151.982285,-20.188692,14.992294,-9.806867,-5.373637,86.058243,78.568176,0.0,2.775558,-58.804092,138.098099,-49.270088
-0.53079,0.003425,0.847496,0.274881,-0.945237,0.175979,-0.801687,-0.326368,-0.500781,58.993713,0.859983,0.099296,0.500569,-262.803619,54.530697,-177.298508,0.076169,0.0,-0.078669,0.994958,-0.062212,6.253004,151.289124,-20.027029,3.748992,-4.731216,-0.485116,86.060684,80.841797,0.0,2.871273,-58.075489,137.875854,-49.413372
-0.515152,8.7e-05,0.857099,0.273938,-0.947532,0.164744,-0.812143,-0.31966,-0.4881,58.975418,0.858647,0.091743,0.504291,-265.087677,56.322556,-174.143082,0.103776,0.0,-0.077376,0.995777,-0.04941,6.69379,150.91835,-19.94663,1.920467,2.347738,2.446399,86.062561,82.548859,0.0,2.966091,-57.683811,137.956848,-49.492912
-0.517333,0.000806,0.855784,0.289891,-0.940713,0.176129,-0.805189,-0.339202,-0.486429,58.975418,0.858871,0.08991,0.504239,-263.287598,50.958149,-173.572388,0.117861,0.0,-0.074855,0.995936,-0.050082,6.694341,150.626328,-19.811483,-0.713758,-2.292383,0.247159,86.062561,81.957443,0.0,3.07799,-57.659637,137.582977,-49.34893
-0.521663,-0.008188,0.853112,0.286772,-0.943454,0.166301,-0.803511,-0.331401,-0.494513,58.975418,0.858635,0.087693,0.50503,-262.8479,52.743168,-175.869324,0.10826,0.0,-0.076657,0.996145,-0.04264,6.661232,150.255371,-19.884813,0.535458,-9.055428,-0.082473,86.062561,81.77198,0.0,3.159973,-57.648491,137.375961,-49.581264
-0.523645,-0.004319,0.851926,0.272812,-0.948179,0.16288,-0.807075,-0.317707,-0.497687,58.975418,0.85907,0.080104,0.505552,-263.671661,55.892513,-176.750504,0.165142,0.0,-0.067986,0.996784,-0.042413,6.842793,149.271561,-19.89205,1.015121,-3.976089,1.556734,86.063301,81.909027,0.0,3.25205,-57.562092,137.028061,-49.651897
-0.498983,0.007123,0.866582,0.308107,-0.933175,0.18508,-0.809991,-0.359352,-0.463444,58.976257,0.858654,0.082198,0.505921,-264.215698,44.094078,-167.844971,0.143081,0.0,-0.069205,0.996611,-0.044468,7.096935,148.670364,-20.038387,4.757276,2.94585,0.070116,86.063301,81.422028,0.0,3.364747,-57.359554,135.865692,-49.490314
-0.490924,0.029488,0.870703,0.290527,-0.936677,0.195528,-0.821333,-0.348952,-0.45127,58.976257,0.862905,0.068205,0.500743,-267.439606,47.750469,-164.561096,0.229098,0.0,-0.046777,0.997377,-0.055243,7.210017,148.556595,-20.365927,-4.756972,1.836,-0.554684,86.063301,79.640076,0.0,3.463888,-57.686939,136.866104,-49.31551
-0.496142,0.029859,0.867728,0.331425,-0.917218,0.221062,-0.802496,-0.397265,-0.445174,58.976257,0.862138,0.07866,0.500531,-263.036224,34.479324,-162.502686,0.292357,0.0,-0.054854,0.99656,-0.062129,6.587319,148.763351,-19.93434,-6.282326,8.841614,6.636094,86.063301,78.376137,0.0,3.556597,-58.094097,135.933136,-48.813778
-0.518859,0.020983,0.854603,0.314033,-0.925124,0.213374,-0.795091,-0.379085,-0.473419,58.976257,0.863203,0.0759,0.49912,-261.1604,39.820946,-169.964951,0.237494,0.0,-0.051201,0.996698,-0.063017,6.541048,149.078476,-20.000637,3.031928,-10.071221,-7.401173,86.063301,78.603752,0.0,3.650836,-58.109604,136.631821,-49.062763
-0.518142,-0.008573,0.855252,0.276402,-0.947973,0.157952,-0.809401,-0.318235,-0.493554,58.976257,0.858419,0.074697,0.507481,-264.11969,54.743423,-175.636902,0.114536,0.0,-0.066765,0.997195,-0.033845,6.995244,147.98439,-19.712648,7.416591,-21.271212,1.436878,86.063301,80.834488,0.0,3.746819,-57.414154,136.014389,-49.59259
-0.509353,0.037345,0.859747,0.253792,-0.948104,0.191541,-0.822283,-0.315759,-0.473442,58.976257,0.863465,0.054293,0.501479,-267.241791,54.845043,-170.526627,0.345542,0.0,-0.027037,0.997743,-0.061468,7.751832,145.862839,-20.429993,9.421398,-34.926922,-3.332769,86.063301,78.878487,0.0,3.842678,-57.246567,135.483704,-49.618721
-0.540477,0.120239,0.832723,0.312904,-0.890018,0.331601,-0.781009,-0.439785,-0.443411,58.976257,0.87925,0.066163,0.471743,-258.549774,21.699039,-162.871521,0.197398,0.0,0.015908,0.985677,-0.167893,6.598593,145.568268,-22.936171,0.251162,7.807803,12.539711,86.063301,65.97097,0.0,3.937883,-59.095043,134.011688,-49.632885
-0.572418,0.057178,0.817966,0.241927,-0.94138,0.235106,-0.78346,-0.332467,-0.52503,58.976257,0.867012,0.077369,0.492243,-257.247101,47.211437,-184.486893,0.14744,0.0,-0.023644,0.993147,-0.114454,7.625324,143.720612,-21.463652,13.289302,-30.294455,31.524387,86.063301,75.95192,0.0,4.033221,-57.166546,132.117004,-50.404346
-0.510842,-0.014466,0.859553,0.161813,-0.983605,0.079614,-0.844309,-0.179757,-0.504807,58.976257,0.861073,0.049232,0.506093,-271.321838,87.769211,-179.613708,0.296214,0.0,-0.049266,0.998697,-0.01333,9.184936,142.712387,-20.769697,13.836608,5.285503,-5.078344,86.063301,86.143433,0.0,4.12763,-55.701656,133.675781,-50.695747
-0.514439,-0.027168,0.857096,0.121188,-0.99177,0.041301,-0.84892,-0.125117,-0.513498,58.976257,0.862695,0.034933,0.504516,-271.652008,103.450157,-182.177673,0.283396,0.0,-0.043085,0.999061,0.004497,10.168951,143.0905,-21.067984,4.930847,1.812746,2.022493,86.063301,86.288826,0.0,4.230227,-54.854107,135.402649,-51.040245
-0.520239,-0.021597,0.853748,0.133331,-0.989476,0.056216,-0.843549,-0.143077,-0.517643,58.976257,0.862252,0.030393,0.505566,-269.970825,99.127312,-183.444107,0.273188,0.0,-0.035858,0.999356,0.001078,10.445793,143.214645,-21.17234,-0.099978,-1.351954,0.66044,86.063301,85.471718,0.0,4.319441,-54.544716,135.666428,-51.248028
-0.520736,0.01233,0.853629,0.169404,-0.97852,0.117474,-0.836741,-0.205781,-0.507462,58.976963,0.86581,0.026128,0.49969,-269.137115,83.072128,-181.303284,0.228254,0.0,-0.013954,0.999508,-0.028085,9.78933,143.297623,-22.208935,-5.395356,0.094946,-4.327537,86.064156,82.328773,0.0,4.552433,-55.447361,135.625092,-51.705906
-0.570687,0.147756,0.807765,0.235313,-0.913,0.333255,-0.78673,-0.380262,-0.486268,58.976963,0.884898,0.045954,0.463512,-258.099487,36.146885,-174.237183,0.23917,0.0,0.051215,0.979488,-0.194884,8.905643,142.616135,-23.55278,34.598114,-60.576611,-30.543148,86.064156,64.135353,0.0,4.621834,-57.181824,133.259338,-50.052372
-0.649782,0.368313,0.664928,0.050879,-0.85173,0.521505,-0.758416,-0.372695,-0.5347,58.976963,0.904274,0.019615,0.426502,-251.833374,43.093884,-186.035034,0.107055,0.0,0.18263,0.885171,-0.427924,8.899227,143.630112,-25.172913,-15.213272,58.537025,-44.126194,86.064156,63.245174,0.0,4.717223,-58.14669,138.273956,-49.48164
-0.825581,0.319125,0.465376,0.057374,-0.772974,0.631838,-0.561359,-0.548335,-0.619843,58.976963,0.932983,-0.054168,0.355821,-203.778137,2.458656,-204.400833,0.0,0.0,0.254804,0.797629,-0.546684,6.597925,144.107498,-24.863672,-15.136656,-21.826431,14.444592,86.064156,74.294563,0.0,4.812627,-60.416527,142.494125,-46.103256
-0.806542,0.390375,0.443958,-0.065665,-0.805482,0.588971,-0.587519,-0.445877,-0.675289,58.976963,0.92005,-0.095125,0.380078,-211.501312,31.069517,-219.909073,0.258303,0.0,0.295165,0.806222,-0.512722,5.039263,142.989822,-24.174704,-15.497061,0.259323,0.675605,86.064156,71.259392,0.0,4.908055,-61.458721,144.939041,-47.451664
-0.802925,0.429903,0.412911,-0.125906,-0.799397,0.587463,-0.582632,-0.4197,-0.695983,58.976963,0.923899,-0.080535,0.374066,-211.65976,37.736053,-224.994324,0.064939,0.0,0.284982,0.797187,-0.532239,3.712711,143.438705,-24.160204,-9.465419,3.616086,0.90696,86.064156,65.444572,0.0,5.003408,-62.865395,144.920502,-47.252003
-0.812933,0.412221,0.411356,-0.125908,-0.814068,0.566957,-0.568583,-0.409106,-0.713685,58.976963,0.921849,-0.081359,0.378914,-208.735977,40.050694,-229.58989,0.0,0.0,0.281868,0.81177,-0.511449,2.849381,143.089111,-23.73028,-4.638927,-8.517371,4.628047,86.064156,68.891914,0.0,5.098759,-63.529285,144.529388,-47.326824
-0.809791,0.431173,0.397904,-0.149862,-0.807695,0.570237,-0.567256,-0.402142,-0.718681,58.976963,0.917762,-0.078557,0.389283,-208.649307,42.137165,-231.338135,0.067224,0.0,0.288771,0.804929,-0.518364,2.371174,143.388443,-23.48847,-3.969143,-3.04493,-0.285556,86.064156,70.886559,0.0,5.194224,-63.781654,144.837494,-47.799011
-0.807861,0.444966,0.386479,-0.156466,-0.794136,0.587253,-0.568224,-0.413948,-0.711174,58.965649,0.917953,-0.076335,0.389276,-209.477921,39.440838,-229.246735,0.128077,0.0,0.29324,0.791456,-0.536291,1.803868,143.789993,-23.368837,-6.696778,3.841724,2.248266,86.065765,70.26577,0.0,5.289557,-64.360207,145.158096,-47.62141
-0.807104,0.425215,0.409605,-0.145938,-0.815916,0.559449,-0.572089,-0.391756,-0.720584,58.965649,0.916676,-0.074527,0.392621,-210.668854,45.167473,-231.782059,0.165952,0.0,0.283464,0.813787,-0.507346,1.576235,144.017166,-23.242941,-3.26409,12.7865,-0.281224,86.065765,71.37278,0.0,5.384947,-64.564171,145.217361,-47.753567
-0.804745,0.42274,0.416744,-0.143481,-0.819741,0.554471,-0.576019,-0.386413,-0.720338,58.961662,0.916194,-0.070463,0.394492,-211.823334,46.39539,-231.700806,0.157763,0.0,0.279319,0.818173,-0.502568,1.436527,144.129013,-23.125635,-1.909733,3.435668,3.271921,86.067444,71.82077,0.0,5.482826,-64.712059,145.082581,-47.73151
-0.8087,0.408617,0.423126,-0.146871,-0.836816,0.527415,-0.56959,-0.364376,-0.736748,58.961662,0.912058,-0.073356,0.403448,-210.363464,52.56189,-235.864731,0.152827,0.0,0.277497,0.834778,-0.475544,1.002469,144.49324,-22.364397,-5.319034,7.365918,-1.131097,86.06884,72.99144,0.0,5.593202,-64.894241,145.621017,-47.704441
-0.806473,0.411991,0.424106,-0.152622,-0.838021,0.523858,-0.571234,-0.357749,-0.73872,58.930386,0.912863,-0.070359,0.402158,-211.158401,54.709446,-236.400009,0.139663,0.0,0.273916,0.835981,-0.475507,0.68399,145.080063,-22.458292,-1.289352,1.319957,0.482584,86.073929,72.147141,0.0,5.69007,-65.260574,146.081573,-47.724964
-0.806051,0.411171,0.4257,-0.150542,-0.838055,0.524406,-0.57238,-0.358612,-0.737413,58.918152,0.913393,-0.067687,0.401413,-211.688309,54.533028,-235.870316,0.1475,0.0,0.271324,0.836341,-0.476358,0.490383,145.304581,-22.319969,0.40918,0.931805,4.042609,86.076195,71.211731,0.0,5.784755,-65.4916,146.129471,-47.521008
-0.808149,0.397891,0.434255,-0.146148,-0.849716,0.506581,-0.570557,-0.345928,-0.744848,58.918152,0.913556,-0.063594,0.401711,-211.072083,57.057945,-237.691391,0.13316,0.0,0.261467,0.848379,-0.460314,0.6318,144.884933,-22.158995,5.581635,-6.099927,1.969069,86.076195,71.241577,0.0,5.879346,-65.340996,145.414444,-47.443058
-0.802215,0.413372,0.430783,-0.162953,-0.84574,0.508104,-0.574367,-0.337411,-0.745826,58.987808,0.914773,-0.062743,0.399067,-211.64241,58.752178,-237.732971,0.116252,0.0,0.262119,0.843865,-0.468173,1.114805,144.29332,-22.117527,5.365561,-7.488489,3.448643,86.078796,71.086861,0.0,5.977839,-64.933807,144.936005,-47.229092
-0.797272,0.424653,0.428984,-0.173518,-0.841923,0.510937,-0.578142,-0.332919,-0.744927,59.032669,0.914718,-0.064456,0.39892,-212.237137,59.879612,-237.346481,0.104859,0.0,0.265728,0.839674,-0.473641,1.504052,144.054214,-21.987141,4.033974,2.220335,-2.151258,86.079308,71.489464,0.0,6.071157,-64.563637,144.916412,-47.071625
-0.796273,0.443795,0.411091,-0.183539,-0.824762,0.534865,-0.576423,-0.350447,-0.73819,59.100605,0.916205,-0.066268,0.395193,-211.645218,55.788914,-235.569672,0.096913,0.0,0.274527,0.822224,-0.498581,1.713084,144.265396,-22.208641,1.59283,-8.881395,-1.182539,86.079903,71.414207,0.0,6.165414,-64.409592,145.303574,-47.013927
-0.796158,0.446272,0.408625,-0.18314,-0.821362,0.540208,-0.576709,-0.355255,-0.735664,59.138565,0.916356,-0.066592,0.394788,-212.11055,54.40926,-234.467911,0.117868,0.0,0.276295,0.818809,-0.503202,1.332013,144.097916,-21.797443,-10.360056,-7.02337,13.682723,86.080261,71.43763,0.0,6.261168,-64.80127,145.152374,-46.556549
-0.816283,0.302374,0.492191,-0.088464,-0.90744,0.410765,-0.570838,-0.291759,-0.767476,59.163315,0.91232,-0.075884,0.402384,-210.748703,68.929466,-241.846405,0.103595,0.0,0.231186,0.906531,-0.353206,0.993526,142.608627,-20.210768,1.981913,-6.926836,2.483381,86.081429,77.027496,0.0,6.356546,-64.936913,143.454865,-45.806431
-0.820185,0.2806,0.498559,-0.068656,-0.913434,0.401154,-0.567964,-0.294791,-0.768449,59.164082,0.917078,-0.071388,0.392266,-209.921356,67.168808,-241.381454,0.092721,0.0,0.217818,0.913754,-0.342943,1.296983,142.078293,-20.110407,0.960258,-2.10425,-1.938913,86.082672,77.730194,0.0,6.474055,-64.841545,142.469803,-45.09016
-0.821895,0.262281,0.505666,-0.057622,-0.921421,0.38427,-0.566717,-0.286692,-0.772424,59.164082,0.916867,-0.070346,0.392945,-209.252029,68.360733,-242.547806,0.097308,0.0,0.209862,0.922288,-0.324566,1.621861,141.355881,-20.156836,10.207016,-16.472694,6.477019,86.082672,77.383957,0.0,6.558785,-64.490761,141.59288,-45.241196
-0.81411,0.272319,0.5129,-0.072191,-0.923838,0.375915,-0.576205,-0.269009,-0.771765,59.116962,0.912669,-0.079014,0.400988,-210.736282,72.314133,-242.968597,0.133439,0.0,0.218999,0.922936,-0.316589,2.425053,140.084122,-20.263027,6.965264,-8.775881,-1.702654,86.080132,77.95816,0.0,6.659934,-63.555771,141.02739,-45.836151
-0.801733,0.325217,0.501456,-0.113103,-0.906395,0.407007,-0.586883,-0.269595,-0.76347,58.525677,0.912684,-0.076921,0.401361,-213.152023,71.960258,-240.931931,0.1335,0.0,0.233593,0.904061,-0.357921,2.76492,139.605194,-20.531111,1.98933,-3.446509,0.846993,86.062309,77.341049,0.0,6.755806,-63.275085,140.808716,-45.958611
-0.802758,0.327592,0.49826,-0.112045,-0.903562,0.413549,-0.585684,-0.276152,-0.762046,58.258224,0.913347,-0.075775,0.40007,-212.866257,70.236374,-240.421463,0.122948,0.0,0.234259,0.901429,-0.364073,2.750007,139.639496,-20.501284,-1.289375,4.009055,-0.407689,86.054527,76.241463,0.0,6.852112,-63.309223,140.753159,-45.829338
-0.80283,0.338407,0.490862,-0.114528,-0.895507,0.430058,-0.585105,-0.289046,-0.757697,57.557892,0.915374,-0.072337,0.396053,-212.585754,67.112968,-239.12207,0.11221,0.0,0.235781,0.893699,-0.381718,2.923963,139.992569,-20.677198,5.700756,4.355471,-8.389623,86.03302,75.337196,0.0,6.946004,-63.213833,140.903809,-45.688965
-0.793471,0.489495,0.36166,-0.184128,-0.759468,0.623943,-0.580087,-0.428489,-0.692746,57.468697,0.922434,-0.044438,0.38359,-212.249893,30.954239,-222.116409,0.03608,0.0,0.280863,0.758936,-0.58748,2.243587,140.643326,-21.577398,-21.723486,5.646942,-1.608483,86.029816,65.223038,0.0,7.042072,-64.164635,140.3396,-45.271378
-0.842212,0.428213,0.327587,-0.09591,-0.716907,0.69054,-0.530547,-0.550162,-0.644858,57.235542,0.924526,-0.05465,0.377179,-200.924194,-0.592514,-208.966766,0.0,0.0,0.297652,0.721619,-0.625036,0.720493,140.50032,-21.285225,-10.540849,-2.903521,9.969454,86.013992,51.035152,0.0,7.136686,-65.503349,139.8349,-44.368561
-0.824625,0.320375,0.466211,0.065281,-0.764758,0.641002,-0.5619,-0.559021,-0.609725,56.942898,0.916627,-0.070699,0.393442,-209.555435,-3.467409,-199.703583,0.0,0.0,0.290464,0.793999,-0.534038,0.081778,139.856644,-20.540611,-9.094733,-3.341055,13.697232,86.000069,53.342827,0.0,7.232098,-66.162529,139.190948,-44.106098
-0.770787,0.357095,0.527608,0.103627,-0.746848,0.656871,-0.628608,-0.560982,-0.538656,56.822628,0.901571,-0.08373,0.424451,-226.34404,-3.63081,-182.623978,0.0,0.0,0.320196,0.788908,-0.524498,0.171029,139.283859,-20.46208,2.066488,-6.221704,-5.574578,85.98642,55.526272,0.0,7.328231,-65.945679,139.51181,-45.178295
-0.79748,0.359435,0.484596,0.104163,-0.7091,0.697372,-0.594286,-0.606617,-0.528053,56.739647,0.904709,-0.087696,0.416907,-217.378906,-14.647343,-180.216873,0.0,0.0,0.335835,0.748933,-0.571239,0.234771,139.706894,-21.200014,0.030861,6.769185,-5.787641,85.979042,52.874588,0.0,7.42523,-65.758232,140.119263,-45.494442
-0.806455,0.382522,0.450895,0.082872,-0.681909,0.726727,-0.585459,-0.623439,-0.518229,56.693478,0.909004,-0.090817,0.406772,-215.248886,-18.271343,-177.54599,0.0,0.0,0.344566,0.712844,-0.610842,0.181039,139.954132,-21.698971,-3.278754,5.117738,-3.708256,85.968544,50.604721,0.0,7.519164,-65.898567,140.767792,-45.346085
-0.802065,0.389347,0.452881,0.076978,-0.684575,0.724866,-0.592256,-0.616252,-0.519102,56.681244,0.908157,-0.091264,0.40856,-217.016739,-16.109709,-178.00766,0.0,0.0,0.345536,0.714386,-0.608488,0.145545,140.176117,-21.841188,1.002388,9.491485,-7.028785,85.966385,51.332455,0.0,7.622511,-65.936417,141.091888,-45.588257
-0.799313,0.390041,0.457129,0.080105,-0.684771,0.724342,-0.595552,-0.615595,-0.516102,56.681244,0.908561,-0.089756,0.407996,-217.969315,-15.976127,-177.280045,0.0,0.0,0.343732,0.71566,-0.608013,0.082585,140.236984,-21.958967,1.066373,0.723114,-2.962339,85.966385,51.683044,0.0,7.71188,-66.048088,141.057831,-45.625999
-0.799994,0.393546,0.452914,0.071034,-0.687418,0.72278,-0.595788,-0.610392,-0.521975,56.681244,0.907929,-0.090372,0.409264,-218.178818,-14.65616,-178.844482,0.0,0.0,0.34477,0.716288,-0.606684,-0.107139,140.136642,-21.888039,-0.09658,-1.687993,2.074008,85.966385,51.902222,0.0,7.823614,-66.197342,141.050644,-45.692196
-0.799478,0.430019,0.419427,0.009548,-0.68905,0.724651,-0.60062,-0.583347,-0.546775,56.681244,0.903192,-0.092621,0.419125,-219.127319,-7.503904,-185.51561,0.0,0.0,0.356374,0.706068,-0.611936,-0.098254,139.807312,-21.346937,3.426567,-0.269735,5.851093,85.966385,52.53336,0.0,7.91862,-65.913353,141.303879,-46.037186
-0.750775,0.543308,0.375704,-0.151512,-0.695242,0.702625,-0.642947,-0.47059,-0.604288,56.681244,0.873094,-0.065289,0.483161,-229.148804,20.991413,-204.032913,0.160272,0.0,0.384514,0.701498,-0.600042,-0.66051,139.788971,-20.650219,-30.299606,-45.723225,37.172066,85.966385,49.061916,0.0,8.013553,-65.137428,141.035629,-49.883095
-0.627095,0.609209,0.485404,-0.045021,-0.650462,0.758203,-0.777641,-0.453612,-0.435329,56.669304,0.833546,-0.130283,0.536868,-264.114166,27.797894,-162.873291,0.393003,0.0,0.475581,0.663714,-0.577327,-2.040363,137.720566,-20.834822,-8.79835,-10.194576,-7.237756,85.963257,44.465744,0.0,8.107944,-65.750633,143.507065,-51.827995
-0.623325,0.660014,0.419341,-0.111598,-0.605863,0.787703,-0.773958,-0.444198,-0.451306,56.541214,0.828295,-0.121013,0.547067,-263.189301,30.334667,-168.118607,0.326075,0.0,0.496775,0.610169,-0.617178,-2.592967,137.743073,-21.070484,-2.833375,-7.97792,1.302095,85.944099,40.718235,0.0,8.203282,-65.802673,143.620682,-53.019642
-0.608641,0.689412,0.392769,-0.134162,-0.577309,0.805429,-0.782021,-0.437522,-0.443866,56.486988,0.816224,-0.122484,0.564602,-264.908447,32.454132,-167.123459,0.386866,0.0,0.52087,0.578809,-0.627435,-2.934915,137.682739,-20.831816,0.652744,0.383969,2.461894,85.931183,43.235725,0.0,8.298693,-65.5019,144.017288,-53.942577
-0.603709,0.703699,0.374625,-0.141353,-0.556966,0.818418,-0.784573,-0.441131,-0.435715,56.487492,0.808755,-0.111144,0.577549,-265.378204,31.027145,-165.882996,0.362849,0.0,0.530348,0.562326,-0.634445,-3.13383,137.746368,-20.834787,-4.056589,-3.110999,1.384832,85.928589,49.875477,0.0,8.394063,-65.326958,143.507263,-54.783882
-0.608678,0.700089,0.373346,-0.148947,-0.563014,0.812915,-0.779311,-0.439194,-0.44697,56.487492,0.805774,-0.102884,0.583218,-264.221832,30.671877,-169.180756,0.456556,0.0,0.527819,0.571375,-0.62844,-3.494907,137.453796,-20.794765,-4.48854,-6.019109,2.969564,85.928589,54.729492,0.0,8.489485,-65.512245,142.657944,-55.211823
-0.625457,0.659646,0.416739,-0.116078,-0.606825,0.786313,-0.771576,-0.443431,-0.456114,56.487492,0.80104,-0.117408,0.586985,-262.605255,29.491692,-171.627029,0.432474,0.0,0.52154,0.618188,-0.588081,-4.024324,136.970459,-20.686867,-2.768591,-9.363978,-0.260892,85.928589,55.622604,0.0,8.584871,-65.868034,142.55806,-55.326763
-0.627876,0.65102,0.426548,-0.112806,-0.618374,0.777746,-0.770095,-0.440211,-0.461702,56.487492,0.798178,-0.107797,0.592699,-262.533081,29.91456,-173.552231,0.473111,0.0,0.513893,0.635253,-0.576514,-4.437782,137.283035,-20.793318,-2.064778,6.215696,-2.322614,85.928589,52.895241,0.036019,8.680287,-66.173569,142.159973,-55.827122
-0.632504,0.645291,0.428413,-0.107887,-0.621113,0.776259,-0.767007,-0.444767,-0.462475,56.487492,0.790489,-0.079652,0.607274,-261.702789,27.424503,-174.586914,0.603892,0.0,0.502384,0.651471,-0.568504,-4.738156,137.866165,-20.671421,-11.583852,5.980662,-6.60275,85.928589,53.580833,0.081843,8.782856,-66.130653,140.831512,-56.664543
-0.643232,0.642214,0.41691,-0.106893,-0.614491,0.781649,-0.758173,-0.458217,-0.463909,56.487492,0.777108,-0.076884,0.624654,-259.321411,23.872786,-176.281036,0.720349,0.0,0.514115,0.650042,-0.559581,-5.352704,138.049118,-20.778666,-11.0174,5.131178,-0.370154,85.928589,53.333073,0.10607,8.890324,-66.001785,140.709396,-57.993153
-0.641481,0.67974,0.355605,-0.137616,-0.557991,0.818357,-0.754694,-0.476024,-0.451484,56.487492,0.77474,-0.036058,0.631251,-258.672089,18.430056,-173.867004,0.819584,0.0,0.521526,0.6009,-0.605748,-5.821509,139.333984,-21.039492,-2.778935,21.421074,-8.088833,85.928589,49.810623,0.278137,8.985919,-66.239388,139.807068,-58.747181
-0.544665,0.83795,0.034357,-0.115932,-0.115802,0.986484,-0.830602,-0.53332,-0.160218,56.487492,0.803985,0.046123,0.592859,-278.61673,1.681861,-98.083321,1.003798,0.0,0.580122,0.158197,-0.79902,-4.886358,139.816956,-22.855055,25.809473,1.174152,-18.072882,85.928589,46.825344,0.171689,9.079903,-66.828979,137.668304,-57.23069
-0.627932,0.763017,0.153317,0.088486,-0.125726,0.988111,-0.773222,-0.634033,-0.01143,56.487492,0.810977,0.053818,0.582598,-263.397217,-25.08959,-57.920044,0.912995,0.0,0.561431,0.208649,-0.800788,-3.714332,140.82518,-22.92823,7.513254,-2.659809,2.437348,85.928589,42.848221,0.122392,9.17596,-66.240372,136.57666,-55.005486
-0.585118,0.762876,0.27506,0.171706,-0.214947,0.961413,-0.792562,-0.609769,0.005221,56.487492,0.800906,0.053503,0.596395,-267.422272,-20.187536,-53.567585,1.103173,0.0,0.543491,0.353095,-0.761538,-2.648278,140.152847,-22.808596,7.938465,-5.718119,-1.705078,85.928589,46.642235,0.267297,9.271246,-65.334099,135.292038,-54.898907
-0.600552,0.776798,0.189531,0.162178,-0.113772,0.980181,-0.782966,-0.619387,0.057653,56.487492,0.809504,0.077693,0.581951,-264.734314,-23.382502,-39.938198,1.202511,0.0,0.552923,0.232437,-0.800156,-2.243661,140.31192,-23.380726,-0.459081,7.527195,-3.713783,85.928589,44.607231,0.311443,9.365631,-65.09288,134.549423,-54.638618
-0.64858,0.759973,0.042246,0.11667,0.044415,0.992177,-0.752151,-0.648435,0.117473,56.487492,0.816154,0.112784,0.566721,-256.762451,-32.013809,-24.572552,1.261634,0.0,0.566115,0.04046,-0.823333,-2.443858,140.719986,-23.671848,-2.221922,6.769296,6.719819,85.928589,42.462845,0.386833,9.461462,-64.978134,133.324844,-54.525867
-0.633343,0.674501,-0.379375,-0.100829,0.414128,0.904617,-0.767274,-0.611185,0.194276,56.487492,0.818125,0.153197,0.554258,-259.784332,-22.938135,-5.714222,1.051194,0.0,0.56559,-0.388403,-0.727497,-2.861036,141.268417,-22.955023,-5.971663,13.78581,9.40165,85.928589,39.700939,0.419343,9.558467,-64.144005,132.902435,-55.250805
-0.342815,0.196632,-0.918593,-0.429991,0.836552,0.339541,-0.835216,-0.511387,0.202233,56.487492,0.882558,0.289367,0.370618,-277.627075,-3.641598,0.02739,1.251793,0.077064,0.419797,-0.83996,-0.343856,-1.052035,143.362091,-26.024633,38.163208,-19.306002,-105.226936,85.928589,37.264515,0.753373,9.651801,-64.662903,126.752235,-51.538105
0.018419,-0.01186,-0.99976,-0.369807,0.928937,-0.017833,-0.928926,-0.370047,-0.012725,56.487492,0.928438,0.317945,0.192129,-304.4487,29.9751,-51.363255,1.5767,0.089346,0.322495,-0.946537,0.007964,-1.228256,143.337387,-29.12541,2.367625,-3.479668,-26.659361,85.928589,50.979084,0.263599,9.748146,-67.590263,124.329964,-48.118664
0.146719,-0.044506,-0.988176,-0.363198,0.926787,-0.095667,-0.920087,-0.37294,-0.119813,56.487492,0.938211,0.339258,0.068289,-302.982025,26.028715,-74.651207,1.905607,0.0,0.332539,-0.938446,0.093473,-0.902027,142.329056,-31.167589,3.274216,-0.833703,-22.96624,85.928589,27.926943,0.858384,9.846402,-68.377274,121.1213,-44.101192
0.017487,-0.087498,-0.996011,-0.265599,0.959967,-0.088995,-0.963925,-0.266096,0.006452,56.487492,0.931683,0.352781,0.086672,-313.576538,52.935646,-43.292843,1.538453,0.080099,0.344589,-0.933774,0.096568,-0.328206,141.724304,-32.16629,-4.760296,4.908976,7.152657,85.928589,38.561878,0.583985,9.960234,-67.793999,120.784958,-44.938038
0.010197,-0.087485,-0.996114,-0.227736,0.969783,-0.087504,-0.973669,-0.227743,0.010034,56.487492,0.926102,0.36483,0.096099,-316.079132,62.519737,-43.659641,1.374839,0.0,0.355517,-0.929159,0.101349,-0.587862,141.902283,-32.894539,-2.361439,0.985473,-5.110815,85.928589,47.102016,0.363634,10.050883,-67.811951,120.589951,-46.218201
0.03748,-0.058296,-0.997596,-0.250722,0.965816,-0.065858,-0.967333,-0.252587,-0.021583,56.487492,0.927638,0.357671,0.107515,-314.38559,56.13192,-52.991905,1.135185,0.0,0.35082,-0.933217,0.077668,-0.543243,141.456421,-33.23373,2.449048,-3.099418,-1.423964,85.928589,47.741405,0.239867,10.146072,-67.734001,120.536896,-47.488586
0.049497,-0.042514,-0.997869,-0.269636,0.961428,-0.054337,-0.961689,-0.271751,-0.036125,56.487492,0.934332,0.340537,0.105163,-313.033234,51.40395,-56.980515,1.474601,0.0,0.335631,-0.939963,0.061823,-0.304496,140.641266,-33.566486,1.917153,-7.500125,-7.745273,85.928589,43.337456,0.394504,10.241212,-67.820763,120.695335,-47.769444
0.080932,-0.024695,-0.996414,-0.32243,0.945292,-0.049616,-0.943127,-0.325289,-0.068542,56.487492,0.940478,0.326494,0.094356,-308.381836,38.081203,-65.360596,1.68185,0.050137,0.3231,-0.94506,0.049684,-0.169129,140.583237,-34.049957,-1.055455,4.350973,-2.809339,85.928589,39.047859,0.529719,10.33776,-67.902321,121.023666,-47.883724
0.096053,-0.040518,-0.994551,-0.357166,0.931228,-0.072433,-0.929089,-0.362177,-0.074976,56.487492,0.939487,0.333049,0.080264,-304.878235,28.137457,-66.446701,1.974156,0.36154,0.327993,-0.942086,0.069961,-0.381518,141.001846,-34.209316,-2.557318,8.486733,0.667598,85.928589,40.461449,0.534972,10.431996,-67.978226,120.485764,-47.32925
0.1102,-0.085265,-0.990245,-0.336854,0.934143,-0.117922,-0.935086,-0.346563,-0.074221,56.487492,0.93644,0.34518,0.0627,-306.276215,31.601948,-65.044441,2.404001,0.654127,0.336489,-0.934278,0.117897,-0.345699,141.458511,-33.910347,-4.544864,5.924552,4.77682,85.928589,33.728539,0.708693,10.530348,-67.847145,119.968948,-46.11956
0.099673,-0.11528,-0.98832,-0.306795,0.941313,-0.140738,-0.946542,-0.317239,-0.058457,56.487492,0.932591,0.358355,0.043088,-308.978668,38.159256,-59.489353,2.445589,0.777335,0.349254,-0.926079,0.142829,-0.129907,141.288803,-33.649929,2.255772,1.281688,0.327285,85.928589,39.218842,0.574858,10.626712,-67.628433,119.049271,-44.584038
0.08124,-0.157806,-0.984123,-0.177832,0.969248,-0.170101,-0.980702,-0.188827,-0.050678,56.487492,0.933494,0.355642,0.045912,-315.424774,71.58239,-56.365814,2.04179,0.077711,0.342394,-0.922035,0.180604,2.467083,140.779099,-32.304157,25.572481,-3.246271,4.549327,85.928589,60.04739,0.763016,10.718517,-65.364456,119.729683,-43.443813
0.052082,-0.118966,-0.991531,-0.162568,0.978625,-0.125956,-0.985322,-0.167751,-0.031629,56.487492,0.931675,0.360454,0.045329,-315.260223,76.699837,-51.214901,1.658486,0.088502,0.351574,-0.926011,0.137477,3.916312,140.298981,-32.365891,10.816065,-2.990681,-4.335282,85.928589,58.962219,0.770362,10.814531,-64.021881,119.473137,-43.150173
0.02399,-0.051099,-0.998405,-0.14919,0.987327,-0.054117,-0.988517,-0.150251,-0.016062,56.487492,0.927167,0.369191,0.063718,-314.971375,80.772171,-48.180115,1.944266,0.155808,0.364874,-0.928417,0.07007,4.911911,139.757217,-32.563656,47.462139,-31.496836,-10.513779,85.928589,59.226231,0.716047,10.909677,-62.918232,119.083199,-44.084492
0.027646,-0.02842,-0.999214,-0.147173,0.988587,-0.032189,-0.988724,-0.147948,-0.023147,56.487492,0.926368,0.370371,0.068321,-314.264008,80.806984,-50.523758,2.05564,0.418246,0.367673,-0.928662,0.049027,5.664802,139.099258,-32.824802,15.308555,-16.513691,-8.69009,85.928589,54.761822,0.706679,11.00834,-62.158138,118.530815,-44.621597
0.022144,-0.006323,-0.999735,-0.114663,0.993365,-0.008823,-0.993158,-0.114827,-0.021272,56.487492,0.925938,0.369714,0.077134,-314.992676,89.141296,-50.428913,2.075281,0.382094,0.3685,-0.929145,0.029943,6.12413,138.465912,-32.762215,3.568856,0.024847,-1.482095,85.928589,56.852657,0.715402,11.119076,-61.756363,118.42012,-45.004883
0.031385,0.008622,-0.99947,-0.123638,0.992316,0.004678,-0.991831,-0.123426,-0.032209,56.487492,0.925968,0.368634,0.081803,-314.646271,86.939217,-53.443966,2.09547,0.400105,0.368569,-0.929455,0.016441,6.111118,138.371094,-32.646145,1.140867,-0.483671,2.964453,85.928589,56.206635,0.726042,11.212669,-61.748241,118.410378,-45.231171
0.035242,-0.029497,-0.998943,-0.15351,0.987542,-0.034576,-0.987519,-0.154566,-0.030275,56.487492,0.925667,0.368414,0.086094,-313.196411,78.275055,-53.078934,2.468531,0.450022,0.364834,-0.929462,0.054734,6.217484,138.190308,-32.389805,6.367294,2.692917,5.943545,85.928589,53.316929,0.795644,11.308563,-61.397976,117.686409,-45.359512
0.083979,-0.206938,-0.974743,-0.147417,0.964855,-0.217539,-0.985503,-0.161963,-0.050522,56.487492,0.926461,0.364205,0.095003,-311.863892,76.014389,-59.120636,2.580812,0.0,0.33365,-0.911486,0.240563,6.388196,138.940399,-31.965647,0.626384,14.74187,0.852533,85.928589,50.010548,0.931386,11.403773,-60.579464,117.311821,-46.238552
0.123447,-0.26611,-0.956005,-0.198123,0.93737,-0.286506,-0.972373,-0.224775,-0.062993,56.487492,0.946368,0.305986,0.103729,-308.855072,62.355843,-63.996735,2.530682,1.0,0.264638,-0.918298,0.29444,6.679525,138.754562,-32.9025,0.149036,-4.129422,-7.043283,85.928589,6.23324,1.0,11.498878,-60.918602,119.66909,-47.93478
0.19392,-0.323746,-0.926058,-0.176566,0.917044,-0.357569,-0.964997,-0.23285,-0.12067,56.487492,0.947466,0.295106,0.123375,-306.065338,60.354973,-80.842308,2.624288,1.0,0.233084,-0.901149,0.365516,7.197662,138.773819,-33.158928,10.179281,6.230549,5.503103,85.928589,11.559426,1.0,11.594133,-60.00943,119.727364,-50.073647
0.186262,-0.372985,-0.908949,-0.108076,0.911746,-0.39628,-0.976538,-0.172048,-0.129513,56.487492,0.947271,0.29011,0.136064,-307.918793,76.265221,-84.252426,2.632325,1.0,0.211824,-0.885554,0.413431,8.178265,138.649994,-33.408966,5.561859,-8.762334,1.026892,85.928589,15.379457,1.0,11.691236,-58.920227,120.134102,-51.229179
0.213053,-0.393504,-0.894295,-0.041037,0.910898,-0.410586,-0.976179,-0.124175,-0.177921,56.487492,0.948977,0.279539,0.145947,-307.323273,88.725121,-97.687126,2.657243,1.0,0.191187,-0.878073,0.438674,8.65162,137.987488,-33.391071,-1.855898,-3.426646,-0.235734,85.928589,12.119013,0.97345,11.789491,-58.416313,120.387489,-52.320621
0.230917,-0.397035,-0.88828,-0.030676,0.909529,-0.414508,-0.97249,-0.122965,-0.197846,56.487492,0.946972,0.285563,0.147304,-306.619751,88.708031,-103.130081,2.657296,1.0,0.194114,-0.873753,0.445955,8.237267,138.076263,-33.463097,-5.389621,3.188516,-0.493607,85.928589,13.41115,0.992748,11.880155,-58.653336,120.061867,-52.683174
