-0.307163,-0.153824,0.939143,0.690059,-0.715576,0.108491,-0.65534,-0.681388,-0.325946,57.168293,-0.746771,0.636388,-0.193245,-124.930351,-52.783714,-57.156296,3.141593,1.0,-0.391852,-0.655771,-0.645303,-1.918843,161.915878,6.622745,-14.313128,-21.373379,22.000664,81.383354,1.011564,0.959787,4.89072,33.329975,111.767105,21.557533
-0.312926,-0.223085,0.923207,0.687951,-0.723405,0.05838,-0.654829,-0.65339,-0.379843,57.168293,-0.746767,0.648888,-0.145892,-125.099899,-48.219398,-73.175262,3.141593,1.0,-0.408174,-0.620329,-0.669765,-2.366972,160.48703,7.363815,3.703428,-7.305362,2.784903,81.383354,1.620864,1.0,4.986234,33.037109,109.570076,18.554447
-0.365051,-0.245621,0.898002,0.683801,-0.725315,0.079587,-0.631787,-0.643108,-0.432733,57.168293,-0.742407,0.649114,-0.165779,-118.39093,-44.30225,-85.834709,3.141593,1.0,-0.406833,-0.633413,-0.658237,-1.23267,161.634003,7.005459,16.355448,23.100241,-2.333531,81.383354,2.199977,1.0,5.081622,34.181549,111.004257,18.667435
-0.397562,-0.273514,0.875862,0.668615,-0.740078,0.07238,-0.628409,-0.61439,-0.477102,57.168293,-0.727974,0.666581,-0.160386,-117.526924,-36.648193,-96.986061,3.141593,1.0,-0.413609,-0.613554,-0.672666,-0.254059,163.135345,7.584454,-4.034933,-3.094706,7.479335,81.383354,3.184033,1.0,5.17692,34.229927,111.723114,18.231052
-0.446286,-0.285403,0.848159,0.677869,-0.726571,0.112193,-0.584227,-0.625011,-0.517725,57.168293,-0.73605,0.647822,-0.19636,-105.880844,-38.588284,-105.399094,3.141593,1.0,-0.40394,-0.653105,-0.640536,-0.420742,162.39473,7.305723,3.791065,-5.808737,-32.240105,81.383354,2.285615,1.0,5.272323,35.206348,112.347984,19.628178
-0.48318,-0.293837,0.824741,0.679428,-0.719961,0.141541,-0.552191,-0.628742,-0.547512,57.168293,-0.735046,0.639355,-0.225683,-98.192825,-40.970325,-112.643806,3.141593,1.0,-0.384115,-0.666966,-0.638445,-0.693154,160.323914,5.899438,-3.176638,-8.67385,-14.864701,81.383354,0.437947,0.934048,5.367673,35.15773,110.866859,19.576736
-0.461437,-0.35054,0.814983,0.679424,-0.730347,0.070548,-0.57049,-0.586272,-0.575175,57.168293,-0.738299,0.655723,-0.157929,-103.004913,-33.201115,-123.462997,3.141593,1.0,-0.409186,-0.621594,-0.667973,-1.273911,158.735794,6.373572,-0.084229,-1.917906,-0.411174,81.383354,1.588701,1.0,5.48049,34.764812,108.379936,15.43798
-0.484793,-0.369101,0.792931,0.677569,-0.731764,0.073633,-0.553061,-0.572962,-0.604845,57.168293,-0.736275,0.657206,-0.161183,-98.716103,-29.843897,-130.759964,3.141593,1.0,-0.408004,-0.621185,-0.669075,-1.292981,158.773087,6.480697,-1.261066,1.153638,1.941669,81.383354,2.291915,1.0,5.575956,34.844528,108.522873,15.306341
-0.501051,-0.389391,0.772866,0.679521,-0.730043,0.07272,-0.535909,-0.561616,-0.630388,57.168293,-0.737633,0.655752,-0.160892,-94.275475,-26.76317,-137.055069,3.141593,1.0,-0.403304,-0.619013,-0.67392,-1.301778,158.904236,6.75878,1.475676,-7.694588,2.37086,81.383354,2.472656,1.0,5.671402,35.143089,108.863441,15.179704
-0.523733,-0.401138,0.751526,0.674573,-0.734045,0.078298,-0.520246,-0.547966,-0.65504,57.168293,-0.732777,0.659798,-0.166447,-90.052521,-23.392756,-143.049759,3.141593,1.0,-0.404334,-0.618929,-0.67338,-0.749873,158.994797,6.736794,10.899003,-4.738043,-1.709792,81.383354,2.069848,1.0,5.766627,35.583485,108.937607,15.138237
-0.540852,-0.405682,0.736818,0.668005,-0.739493,0.083185,-0.511125,-0.537189,-0.670954,57.168293,-0.7275,0.664711,-0.17001,-87.30909,-20.764374,-147.026535,3.141593,1.0,-0.414694,-0.623404,-0.66287,-0.055552,159.057785,6.592587,0.34775,0.703579,1.4927,81.383354,3.209676,1.0,5.86323,36.124306,108.963303,15.004622
-0.545293,-0.423855,0.723189,0.674436,-0.734176,0.078238,-0.497786,-0.530408,-0.686204,57.168293,-0.732711,0.659904,-0.166318,-83.806267,-19.30776,-151.26619,3.141593,1.0,-0.404887,-0.61914,-0.672853,-0.256541,158.586487,6.509618,-5.206149,-27.429068,-2.391007,81.383354,2.745369,1.0,5.957466,36.405972,108.782288,14.447806
-0.556141,-0.434167,0.708665,0.668596,-0.740209,0.071204,-0.493646,-0.513411,-0.701943,57.168293,-0.728639,0.666325,-0.158419,-83.148987,-16.45701,-155.939575,3.141593,1.0,-0.418871,-0.61654,-0.666653,-0.492308,157.454681,6.336947,-0.098684,-3.140962,-1.315407,81.383354,3.140484,1.0,6.052781,36.063324,107.528381,13.575085
-0.56431,-0.443345,0.696419,0.669098,-0.739752,0.07124,-0.483593,-0.506174,-0.714091,57.168293,-0.728668,0.666151,-0.159017,-80.628471,-14.499917,-158.977402,3.141593,1.0,-0.4152,-0.614333,-0.670972,-0.515193,157.579132,6.384182,-0.53797,3.310343,0.108249,81.383354,2.826072,1.0,6.148181,36.156151,107.737801,13.471033
-0.569936,-0.451454,0.686559,0.672284,-0.736614,0.073717,-0.472449,-0.503577,-0.723328,57.168293,-0.730778,0.663053,-0.162248,-77.745193,-13.402964,-161.146317,3.141593,1.0,-0.406713,-0.613821,-0.676615,-0.561917,157.855652,6.396574,-4.377399,1.37248,3.832811,81.383354,2.497272,1.0,6.243634,36.348167,108.207565,13.532683
-0.577504,-0.458667,0.675362,0.670839,-0.738062,0.072387,-0.465257,-0.494863,-0.733925,57.168293,-0.730058,0.664322,-0.160284,-76.160789,-11.522367,-163.879715,3.141593,1.0,-0.412388,-0.61529,-0.671829,-0.818146,157.549179,6.485268,-3.523557,-3.914533,-0.683201,81.383354,2.480449,1.0,6.338949,36.195908,107.983917,13.358519
-0.583526,-0.465326,0.66556,0.668665,-0.740392,0.068604,-0.460852,-0.485069,-0.743185,57.168293,-0.728521,0.66695,-0.156318,-75.17572,-9.689221,-166.430054,3.141593,1.0,-0.417428,-0.613154,-0.670669,-0.895843,157.038773,6.546636,1.783182,-4.495362,-0.53136,81.383354,2.405689,1.0,6.434431,36.117195,107.451752,13.044317
-0.59156,-0.467206,0.657096,0.66525,-0.743293,0.070408,-0.45552,-0.478784,-0.750512,57.168293,-0.724818,0.670396,-0.158771,-73.721291,-8.245691,-168.350494,3.141593,1.0,-0.415433,-0.609147,-0.675541,-0.522486,157.106857,6.364013,5.529478,1.305086,-1.65537,81.383354,2.427725,1.0,6.547372,36.283829,107.377556,12.893284
-0.596085,-0.469933,0.651034,0.665662,-0.742632,0.073428,-0.448973,-0.477138,-0.755488,57.168293,-0.725166,0.669361,-0.161525,-71.849472,-7.56001,-169.434662,3.141593,1.0,-0.414912,-0.611979,-0.673298,-0.347598,157.277115,6.379133,-0.943429,0.139482,-0.538907,81.383354,2.155499,1.0,6.642628,36.574562,107.665848,13.010953
-0.590979,-0.484176,0.645227,0.674097,-0.735749,0.065317,-0.4431,-0.473546,-0.761194,57.168293,-0.732166,0.663255,-0.155,-69.98616,-7.065021,-171.515259,3.141593,1.0,-0.403328,-0.605554,-0.686026,-0.388899,156.620026,6.194309,1.898744,-7.890569,-0.010548,81.383354,2.352945,1.0,6.737917,37.019661,107.293434,12.308217
-0.597892,-0.486535,0.637031,0.669177,-0.740467,0.062528,-0.441279,-0.463672,-0.768298,57.168293,-0.727814,0.668632,-0.152371,-69.62957,-5.315432,-173.645813,3.141593,1.0,-0.408017,-0.600788,-0.687441,-0.226937,156.185104,6.048102,1.564617,-0.348455,-1.316092,81.383354,2.706877,1.0,6.833254,36.936451,106.658295,11.893237
-0.608495,-0.483128,0.62954,0.663384,-0.745051,0.069433,-0.435495,-0.459876,-0.773859,57.168293,-0.722855,0.672634,-0.158254,-68.24984,-4.13841,-174.659531,3.141593,1.0,-0.414811,-0.605566,-0.679133,-0.032256,156.532944,6.073716,0.862871,-0.231695,0.483615,81.383354,3.254314,0.992444,6.928711,36.919357,106.918777,12.222548
-0.606469,-0.483133,0.631488,0.667078,-0.741358,0.073458,-0.432669,-0.465802,-0.771898,57.168293,-0.72616,0.668187,-0.16192,-67.32354,-4.917367,-173.667038,3.141593,1.0,-0.41158,-0.61113,-0.676108,-0.038238,156.963699,6.330936,1.411433,6.71999,3.694097,81.383354,3.130833,1.0,7.024416,37.163269,107.57074,12.741395
-0.613125,-0.487866,0.621341,0.667566,-0.740529,0.077288,-0.422414,-0.462173,-0.779719,57.168293,-0.726844,0.666675,-0.16505,-64.847717,-3.455471,-174.860046,3.141593,1.0,-0.413056,-0.616324,-0.670469,-0.250553,157.342743,6.933266,-1.155063,3.918144,4.296583,81.383354,2.739779,1.0,7.119578,37.162594,108.156372,13.437232
-0.597229,-0.455785,0.659983,0.660623,-0.746171,0.082502,-0.454857,-0.485272,-0.746737,57.168293,-0.72125,0.671774,-0.168872,-73.655373,-8.882179,-165.885986,3.141593,1.0,-0.423885,-0.620872,-0.659424,-0.445992,158.037949,7.201917,-2.558693,5.009509,1.167588,81.383354,2.434028,1.0,7.214946,36.189739,108.308014,14.446155
-0.601785,-0.46387,0.650138,0.661546,-0.745585,0.080374,-0.44745,-0.478464,-0.755553,57.168293,-0.722221,0.671256,-0.166769,-71.906372,-6.792208,-168.153259,3.141593,1.0,-0.424198,-0.620315,-0.659747,-0.666425,158.363495,7.321718,-3.049932,1.318156,1.711444,81.383354,2.484688,1.0,7.31022,36.149971,108.753754,14.308049
-0.602379,-0.472361,0.64344,0.663697,-0.744233,0.074989,-0.443448,-0.472221,-0.761814,57.168293,-0.724467,0.670122,-0.161504,-71.082176,-5.203557,-169.828461,3.141593,1.0,-0.424787,-0.618548,-0.661025,-1.034124,158.318481,7.575582,-7.449715,-8.185899,3.352165,81.383354,1.98839,1.0,7.405604,36.007603,108.834908,14.144853
-0.640409,-0.527583,0.558151,0.668332,-0.740883,0.066521,-0.378429,-0.415631,-0.827068,57.168293,-0.729737,0.666532,-0.15238,-54.466282,9.636249,-186.55571,3.141593,1.0,-0.429371,-0.620178,-0.656521,-1.485621,158.430618,8.096825,-5.266414,7.418764,10.915135,81.383354,1.616646,1.0,7.50101,36.921982,110.008537,13.176017
-0.637896,-0.537182,0.551837,0.673175,-0.736984,0.060744,-0.374064,-0.410231,-0.831737,57.168293,-0.734743,0.662388,-0.146273,-53.235424,11.520942,-187.510315,3.141593,1.0,-0.430311,-0.621815,-0.654354,-1.742605,158.690506,8.706691,-1.489297,-3.162776,-0.932192,81.383354,2.285889,1.0,7.596549,37.098652,110.589218,13.348843
-0.636046,-0.548174,0.543094,0.68105,-0.729683,0.061105,-0.36279,-0.40874,-0.837446,57.168293,-0.74103,0.655025,-0.147702,-50.809769,11.067354,-188.92334,3.141593,1.0,-0.417585,-0.621813,-0.662549,-2.540781,157.470062,8.68612,-7.416887,-16.005632,1.14274,81.383354,2.638778,1.0,7.709121,36.801716,109.775337,13.314475
-0.632512,-0.557336,0.53787,0.69028,-0.720612,0.065048,-0.351343,-0.412425,-0.840514,57.168293,-0.749313,0.644719,-0.15122,-47.655807,10.079406,-189.40451,3.141593,1.0,-0.4097,-0.630741,-0.659023,-2.845853,156.757706,8.764535,-3.323776,-6.672141,7.475056,81.383354,2.594064,1.0,7.804526,37.191196,109.677315,13.574335
-0.639048,-0.555206,0.53232,0.684858,-0.725753,0.065214,-0.350126,-0.406238,-0.844028,57.168293,-0.74461,0.65016,-0.151154,-47.187458,11.899971,-190.259949,3.141593,1.0,-0.415587,-0.628758,-0.65723,-2.400861,157.305038,8.807128,10.051351,18.233467,2.712422,81.383354,2.419905,1.0,7.900069,37.365704,110.003845,13.567334
-0.650197,-0.545978,0.528348,0.670919,-0.738929,0.062062,-0.356527,-0.394831,-0.846756,57.168293,-0.732333,0.66467,-0.147994,-48.702686,15.271317,-190.796082,3.141593,1.0,-0.429276,-0.619344,-0.657369,-1.514231,158.643433,9.163419,5.12178,13.259238,3.032732,81.383354,2.281142,1.0,7.995417,37.396381,110.620567,13.690208
-0.646095,-0.551403,0.527746,0.676892,-0.733435,0.062376,-0.352673,-0.397528,-0.847109,57.168293,-0.737619,0.65871,-0.148392,-47.314678,15.292602,-190.54686,3.141593,1.0,-0.4236,-0.622576,-0.657998,-1.442739,158.999405,9.479807,-0.026642,0.346362,1.413569,81.383354,2.038331,1.0,8.091592,37.85363,111.29306,14.024502
-0.652278,-0.547541,0.52415,0.672314,-0.737275,0.066484,-0.35004,-0.395759,-0.849027,57.168293,-0.73389,0.662149,-0.151542,-46.911503,15.830306,-190.784134,3.141593,1.0,-0.430431,-0.62591,-0.650359,-1.506514,159.212143,9.520783,-1.286501,2.810622,4.320459,81.383354,1.970737,1.0,8.186045,37.620834,111.403564,14.250508
-0.655311,-0.54708,0.520836,0.670221,-0.739142,0.066879,-0.348384,-0.392902,-0.851033,57.168293,-0.732299,0.66392,-0.151486,-46.579689,16.682295,-191.014816,3.141593,1.0,-0.434436,-0.626772,-0.646855,-1.520544,159.409271,9.798082,0.55677,0.62057,0.605726,81.383354,1.858748,1.0,8.281542,37.552769,111.565636,14.504158
-0.65562,-0.548142,0.519329,0.669757,-0.739754,0.064729,-0.348695,-0.390262,-0.852119,57.168293,-0.731689,0.664968,-0.149828,-46.565903,17.392756,-191.532379,3.141593,1.0,-0.433341,-0.623453,-0.650785,-1.372761,159.546219,9.669562,0.496377,-3.992246,-5.414742,81.383354,1.545334,1.0,8.376869,37.641808,111.638458,14.249013
-0.65197,-0.554563,0.517102,0.674516,-0.735699,0.061445,-0.346356,-0.388854,-0.853716,57.168293,-0.735529,0.661244,-0.147493,-46.055134,17.319681,-192.213776,3.141593,1.0,-0.425952,-0.620642,-0.658307,-1.670139,158.960464,9.55826,-8.508929,-10.750123,8.040607,81.383354,1.46775,1.0,8.472274,37.587635,111.225327,13.953122
-0.655059,-0.554124,0.513658,0.67211,-0.737929,0.061067,-0.345204,-0.385237,-0.855819,57.168293,-0.733843,0.663338,-0.146482,-46.061451,17.965664,-192.545776,3.141593,1.0,-0.431653,-0.621832,-0.653453,-1.901755,158.769394,9.814217,1.407355,5.76117,1.803359,81.383354,1.929795,1.0,8.567821,37.303196,110.998009,14.129067
-0.661987,-0.546936,0.512478,0.665867,-0.743045,0.067119,-0.344084,-0.385674,-0.856073,57.168293,-0.728641,0.667966,-0.151339,-45.736977,18.509291,-192.291809,3.141593,1.0,-0.440072,-0.625924,-0.643861,-1.566271,159.602005,9.811831,6.305974,9.371119,-4.025242,81.383354,2.088573,1.0,8.663157,37.357113,111.647148,14.444461
-0.662269,-0.545616,0.51352,0.668593,-0.739701,0.076328,-0.338206,-0.393886,-0.854676,57.168293,-0.730937,0.663466,-0.159826,-43.737373,17.267738,-192.067764,3.141593,1.0,-0.436579,-0.6346,-0.637716,-1.204076,160.102966,9.143292,-2.753317,-0.579413,-0.226214,81.383354,2.318868,1.0,8.775749,37.937168,112.388596,14.331026
-0.667543,-0.546919,0.505239,0.660899,-0.747761,0.06376,-0.342926,-0.376475,-0.860621,57.168293,-0.724201,0.67346,-0.148274,-46.339069,20.770714,-192.656387,3.141593,1.0,-0.444451,-0.620242,-0.646346,-2.185042,159.87059,10.803834,-11.158566,-6.439432,23.92696,81.383354,2.056879,1.0,8.871317,36.475437,111.687012,15.178058
-0.66916,-0.551296,0.498295,0.652164,-0.757118,0.038141,-0.356241,-0.350492,-0.866168,57.168293,-0.715958,0.686752,-0.125601,-50.918308,25.797913,-193.916183,3.141593,1.0,-0.448811,-0.590559,-0.670678,-2.804305,159.348511,12.419875,-4.486578,-3.991433,16.955988,81.383354,2.259339,1.0,8.966608,35.111557,110.439621,15.25795
-0.667,-0.55341,0.498847,0.65603,-0.753613,0.041125,-0.353178,-0.354689,-0.865714,57.168293,-0.719867,0.682255,-0.127746,-50.015453,25.809258,-193.451157,3.141593,1.0,-0.448888,-0.597968,-0.664029,-2.96724,160.099106,12.618826,0.375207,6.706698,0.191262,81.383354,2.642198,1.0,9.06194,35.274883,111.464348,15.61327
-0.674305,-0.547141,0.495933,0.648097,-0.760382,0.042302,-0.353954,-0.349937,-0.86733,57.168293,-0.713087,0.689246,-0.128245,-50.831833,27.237989,-194.118454,3.141593,1.0,-0.458279,-0.596699,-0.658734,-3.186149,160.685745,12.320196,-1.792413,1.591541,-2.881737,81.383354,2.534677,1.0,9.157858,34.645702,111.745491,15.336178
-0.674154,-0.549625,0.493385,0.65109,-0.757626,0.045655,-0.348708,-0.352016,-0.868612,57.168293,-0.715959,0.685731,-0.131056,-49.652195,26.338514,-194.363235,3.141593,1.0,-0.457149,-0.602361,-0.654351,-3.544801,160.056732,12.218892,0.376439,-8.514892,-3.676485,81.383354,2.485494,1.0,9.252671,34.558559,111.348167,15.401105
-0.672719,-0.548867,0.49618,0.650081,-0.758697,0.042117,-0.353334,-0.35089,-0.867197,57.168293,-0.714725,0.687537,-0.128302,-49.726688,26.62458,-194.293289,3.141593,1.0,-0.455486,-0.596773,-0.660602,-2.330843,160.22847,12.11271,26.239202,23.752617,-3.939448,81.383354,2.92671,1.0,9.348128,35.601189,111.362373,15.129317
-0.670615,-0.542408,0.506032,0.655372,-0.752788,0.061625,-0.347509,-0.372966,-0.86031,57.168293,-0.719139,0.679256,-0.14646,-45.70076,23.687117,-192.087219,3.141593,1.0,-0.448395,-0.614651,-0.648958,-0.046152,162.267838,11.411382,23.216114,5.458945,-6.274931,81.383354,2.97099,0.991795,9.443451,38.220562,113.755966,15.672223
-0.675172,-0.530138,0.512929,0.644788,-0.761902,0.061274,-0.358318,-0.372101,-0.856241,57.168293,-0.70818,0.690335,-0.14805,-46.983719,24.973452,-191.549301,3.141593,1.0,-0.446189,-0.600108,-0.663917,2.244616,164.116302,10.848499,16.393602,10.873036,-13.707448,81.383354,2.440567,1.0,9.538979,39.547729,114.833527,15.227497
-0.663924,-0.535633,0.521826,0.660433,-0.747309,0.073194,-0.35076,-0.393226,-0.849906,57.168293,-0.7225,0.672943,-0.158561,-43.353016,20.285971,-190.601547,3.141593,1.0,-0.434982,-0.620715,-0.652307,3.016156,163.652206,9.501534,4.9706,-11.889789,-13.069003,81.383354,3.712749,0.995799,9.634345,41.353359,115.247536,14.64539
-0.661188,-0.534771,0.526166,0.665899,-0.74138,0.083275,-0.345556,-0.405434,-0.846295,57.168293,-0.72734,0.665465,-0.167728,-41.006184,16.947044,-190.632263,3.141593,1.0,-0.42981,-0.632247,-0.644615,3.729803,162.886002,7.966702,9.003771,-1.739725,-15.480842,81.383354,2.953041,1.0,9.729702,42.443272,114.856697,13.742542
-0.671714,-0.517196,0.530385,0.648636,-0.75647,0.083817,-0.35787,-0.400327,-0.843603,57.168293,-0.710544,0.682827,-0.169925,-44.311001,17.341036,-190.779541,3.141593,1.0,-0.43452,-0.615734,-0.657315,4.740188,163.111069,7.027037,4.045261,3.342161,-0.929504,81.383354,2.843298,1.0,9.842613,42.112404,114.017563,12.945312
-0.663798,-0.518428,0.539078,0.654191,-0.751813,0.082529,-0.3625,-0.407443,-0.838203,57.168293,-0.715528,0.677883,-0.1688,-45.089756,15.928166,-189.334061,3.141593,1.0,-0.429764,-0.617641,-0.658652,4.832239,163.243256,7.163673,-2.123676,-0.713246,0.592497,81.383354,2.512876,1.0,9.937764,42.451649,114.322983,13.086629
-0.652417,-0.527988,0.543674,0.66444,-0.743543,0.075248,-0.364515,-0.410332,-0.835917,57.168293,-0.724431,0.669876,-0.162681,-45.452484,15.602296,-188.344879,3.141593,1.0,-0.41874,-0.615086,-0.668076,4.445225,163.28479,7.967551,-6.720355,-3.938297,15.878048,81.383354,2.421792,1.0,10.033156,42.575657,114.694794,13.523629
-0.664145,-0.519463,0.537652,0.66754,-0.735852,0.113634,-0.336603,-0.434374,-0.835474,57.168293,-0.727715,0.65715,-0.196432,-38.508343,10.33836,-186.309006,3.141593,1.0,-0.419956,-0.65334,-0.629908,3.998762,162.943024,7.733616,1.257653,2.025551,-27.042057,81.383354,1.877968,1.0,10.128721,42.779221,115.236893,15.452743
-0.681275,-0.504398,0.530516,0.670539,-0.720734,0.175838,-0.293669,-0.475526,-0.829237,57.168293,-0.727543,0.636684,-0.255565,-27.639919,1.177037,-182.197449,3.141593,1.0,-0.395358,-0.693525,-0.602258,4.10648,162.606033,6.598674,-4.316189,-9.774338,2.104231,81.383354,1.952773,0.956327,10.22398,43.279274,116.013458,18.057968
-0.682369,-0.501839,0.531536,0.667117,-0.724797,0.17212,-0.298879,-0.472046,-0.829364,57.168293,-0.724132,0.641661,-0.252793,-29.204607,1.011509,-182.717651,3.141593,1.0,-0.395665,-0.686749,-0.609774,4.116457,161.921982,6.292855,1.415528,-5.976805,-3.587481,81.383354,2.000533,0.982581,10.319286,42.972683,115.007568,17.568413
-0.680651,-0.509485,0.526441,0.673,-0.718754,0.174538,-0.289457,-0.473094,-0.832104,57.168293,-0.729166,0.63499,-0.255157,-26.68017,0.821179,-183.390762,3.141593,1.0,-0.388746,-0.691195,-0.609201,3.927706,161.585144,6.176145,-0.758831,-7.757067,-2.888684,81.383354,2.07773,0.968909,10.414802,43.221825,115.070442,17.556967
-0.680264,-0.514821,0.521729,0.675515,-0.716602,0.173666,-0.284465,-0.470575,-0.835248,57.168293,-0.731699,0.632547,-0.253969,-25.286646,1.213321,-184.634232,3.141593,1.0,-0.388722,-0.693296,-0.606825,3.862614,161.168869,5.804205,3.213645,1.305059,-8.59293,81.383354,0.815885,0.942431,10.510301,43.409786,114.854088,17.072855
-0.673072,-0.528108,0.517761,0.682679,-0.712921,0.160291,-0.284471,-0.461352,-0.840375,57.168293,-0.737591,0.63011,-0.242737,-24.994242,3.741948,-186.555344,3.141593,1.0,-0.378475,-0.683487,-0.624181,3.819024,161.38327,5.909781,-5.030021,7.411403,4.770895,81.383354,0.565248,0.938628,10.605631,43.703758,115.155441,16.389942
-0.680855,-0.518183,0.517613,0.678237,-0.712828,0.178522,-0.276462,-0.472612,-0.836783,57.168293,-0.733656,0.628289,-0.258847,-23.100731,1.460834,-184.584442,3.141593,1.0,-0.382664,-0.696784,-0.60668,3.911048,161.66098,5.950877,-0.153677,-0.827234,1.154277,81.383354,1.687399,0.936709,10.701022,43.663177,115.593704,17.493355
-0.677631,-0.518274,0.521736,0.679469,-0.712628,0.174596,-0.281315,-0.472815,-0.83505,57.168293,-0.734915,0.628328,-0.255155,-24.266922,1.597211,-184.160492,3.141593,1.0,-0.38279,-0.694922,-0.608733,3.895067,161.885925,6.159092,2.237048,5.48309,3.055857,81.383354,2.124798,0.9514,10.796294,43.668777,115.778961,17.498732
-0.681304,-0.51246,0.522694,0.673316,-0.718869,0.172838,-0.287176,-0.469693,-0.834816,57.168293,-0.730279,0.63476,-0.252533,-25.783047,2.933101,-183.590683,3.141593,1.0,-0.39486,-0.693858,-0.602201,4.110184,162.762314,6.815803,3.724345,15.810642,7.792291,81.383354,2.151265,0.960788,10.891802,43.568108,116.361053,18.012117
-0.682273,-0.509582,0.524243,0.669615,-0.723386,0.168311,-0.293461,-0.465875,-0.83477,57.168293,-0.727659,0.639675,-0.247644,-27.322758,4.745642,-183.173157,3.141593,1.0,-0.403424,-0.691085,-0.599709,4.293639,163.891052,7.513497,1.891297,4.158837,1.472635,81.383354,1.840348,0.96526,11.004513,43.546303,117.251373,18.418531
-0.685302,-0.505799,0.523955,0.666852,-0.724989,0.172335,-0.292694,-0.467502,-0.83413,57.168293,-0.724985,0.641198,-0.251518,-27.33605,4.418468,-182.758301,3.141593,1.0,-0.404292,-0.691808,-0.598289,4.268352,164.043259,7.527111,-0.356861,4.730511,0.880801,81.383354,1.827415,0.970578,11.099982,43.347805,117.317162,18.678659
-0.680343,-0.509372,0.526947,0.672399,-0.719859,0.172286,-0.291569,-0.471532,-0.832253,57.168293,-0.730341,0.635355,-0.25085,-26.857292,3.608947,-182.117508,3.141593,1.0,-0.402458,-0.696961,-0.593526,4.090904,163.88063,7.72031,-1.78355,-5.454438,1.146031,81.383354,1.521307,0.960701,11.195211,43.554844,117.480988,18.86622
-0.679967,-0.509951,0.526873,0.665857,-0.730336,0.152456,-0.30705,-0.454488,-0.836159,57.168293,-0.72562,0.647871,-0.231818,-31.305155,6.941102,-184.015472,3.141593,1.0,-0.416893,-0.681952,-0.60095,3.817268,163.740662,7.989541,-0.430662,12.100268,5.003075,81.383354,0.653456,0.925542,11.290628,42.845364,116.696976,17.911552
-0.652694,-0.536386,0.535052,0.674103,-0.733497,0.08699,-0.345799,-0.417458,-0.840328,57.168293,-0.726852,0.667772,-0.16052,-41.623783,16.351555,-187.030411,3.141593,1.0,-0.431665,-0.625977,-0.649475,3.242539,165.437408,10.403761,-6.361356,26.956297,18.300755,81.383354,2.881239,0.940785,11.385986,41.88446,117.165001,15.903555
-0.641185,-0.55045,0.534684,0.678938,-0.731663,0.060936,-0.357666,-0.402089,-0.842852,57.168293,-0.739807,0.656653,-0.146603,-44.147285,21.329926,-188.035583,3.141593,1.0,-0.424566,-0.624655,-0.655401,2.834959,166.069458,11.006333,1.201021,0.992669,-3.191682,81.383354,2.180978,0.947172,11.481336,42.226696,118.43174,15.507883
-0.652791,-0.543482,0.527723,0.671225,-0.737906,0.070362,-0.351169,-0.400153,-0.846498,57.168293,-0.732668,0.662614,-0.155369,-42.864471,21.313911,-189.120895,3.141593,1.0,-0.429479,-0.62723,-0.649715,2.926638,165.827606,10.300508,0.923688,-10.322351,-13.159708,81.383354,2.084958,0.952754,11.576807,41.940655,117.948196,15.302872
-0.655358,-0.541512,0.526565,0.668857,-0.739944,0.071507,-0.350906,-0.399059,-0.847122,57.168293,-0.730233,0.664954,-0.15683,-43.070629,21.189007,-189.429092,3.141593,1.0,-0.429112,-0.62503,-0.652074,2.832495,165.576202,10.067943,0.367519,0.962521,-1.635288,81.383354,2.553105,0.95906,11.672265,41.67104,117.559303,15.145553
-0.650333,-0.546786,0.527344,0.676084,-0.73314,0.073593,-0.346377,-0.404389,-0.846459,57.168293,-0.737063,0.657043,-0.158217,-41.832165,20.208294,-189.150574,3.141593,1.0,-0.425594,-0.633117,-0.646555,2.450503,165.431976,10.078546,-2.191225,-4.255468,1.085936,81.383354,2.744351,1.0,11.767586,41.815678,117.865654,15.263824
-0.646168,-0.5535,0.525456,0.679571,-0.730629,0.066064,-0.347347,-0.399773,-0.848252,57.168293,-0.739747,0.655472,-0.15209,-42.229919,21.482279,-189.757843,3.141593,1.0,-0.419188,-0.625723,-0.657838,2.165227,165.550156,10.333464,-0.717937,-0.014876,2.203747,81.383354,4.185557,1.0,11.863068,41.652191,118.024818,15.089662
-0.642753,-0.558226,0.524645,0.682607,-0.728196,0.061469,-0.34773,-0.397636,-0.849099,57.168293,-0.74246,0.653341,-0.147983,-42.080048,22.461813,-189.958969,3.141593,1.0,-0.416506,-0.623239,-0.661889,2.241084,165.906143,10.611613,3.652803,6.417537,0.494806,81.383354,3.640786,1.0,11.958295,41.894646,118.488274,15.093081
-0.64851,-0.555122,0.52084,0.678131,-0.732147,0.06402,-0.345792,-0.394715,-0.851251,57.168293,-0.738837,0.657042,-0.14972,-41.622383,23.053936,-190.426575,3.141593,1.0,-0.423356,-0.625418,-0.655456,2.402824,165.910156,10.571173,1.056276,-4.093535,-2.825401,81.383354,3.508316,1.0,12.071186,41.8843,118.375145,15.144993
-0.65109,-0.555287,0.517435,0.676967,-0.733131,0.065068,-0.343216,-0.392652,-0.853245,57.168293,-0.737963,0.657864,-0.15042,-40.978512,23.304136,-190.954208,3.141593,1.0,-0.42566,-0.626727,-0.652707,2.429571,165.654099,10.503744,0.249257,-3.367846,-1.260871,81.383354,3.51759,1.0,12.166576,41.906006,118.127075,15.09903
-0.649741,-0.5581,0.516101,0.679266,-0.731041,0.064624,-0.341225,-0.392559,-0.854086,57.168293,-0.739857,0.65577,-0.150258,-40.477039,23.54413,-191.125748,3.141593,1.0,-0.422403,-0.626629,-0.654914,2.314099,165.76268,10.562577,-2.247756,-1.1549,1.22081,81.383354,3.33232,1.0,12.261925,41.926556,118.344559,15.130638
-0.655412,-0.559275,0.507589,0.672496,-0.738043,0.055149,-0.34378,-0.377497,-0.859832,57.168293,-0.734001,0.66426,-0.141425,-42.911041,27.010199,-191.493179,3.141593,1.0,-0.429875,-0.615624,-0.660465,0.889106,165.966415,12.221408,-21.760574,0.531971,41.819279,81.383354,2.983215,1.0,12.35733,40.109573,118.173294,16.150837
-0.66514,-0.564446,0.488865,0.664513,-0.746055,0.042724,-0.340604,-0.353275,-0.871313,57.168293,-0.72839,0.673104,-0.127978,-44.517914,34.286919,-191.826675,3.141593,1.0,-0.448652,-0.609735,-0.653402,-1.300424,167.57016,15.632993,-19.243668,13.377208,24.721996,81.383354,1.704026,1.0,12.452617,37.735844,119.600479,18.589779
-0.660314,-0.583833,0.47236,0.673827,-0.738304,0.029407,-0.331576,-0.337707,-0.880915,57.168293,-0.738666,0.6645,-0.113188,-42.170437,39.29118,-194.116241,3.141593,1.0,-0.455454,-0.615801,-0.642924,-2.074398,168.043457,16.684866,-0.404209,9.48023,0.866803,81.383354,1.071967,1.0,12.547996,37.903137,120.845299,18.619081
-0.670205,-0.58181,0.460784,0.670439,-0.740905,0.03964,-0.318335,-0.335494,-0.886627,57.168293,-0.736157,0.665804,-0.121561,-38.850323,40.1488,-194.971725,3.141593,1.0,-0.46244,-0.625956,-0.627956,-2.027738,168.247009,16.737841,-0.924718,-1.278354,4.098106,81.383354,0.953424,1.0,12.643389,38.025482,121.16848,19.142942
-0.67084,-0.583191,0.458108,0.671161,-0.740204,0.040518,-0.315464,-0.334645,-0.887973,57.168293,-0.737144,0.664664,-0.121822,-38.108776,40.870407,-194.499161,3.141593,1.0,-0.464428,-0.629284,-0.623144,-2.112196,168.640503,17.527992,0.215749,7.66666,8.055281,81.383354,0.760175,1.0,12.738779,38.073704,121.685081,19.940542
-0.671264,-0.583645,0.456906,0.670775,-0.740613,0.039423,-0.315382,-0.332944,-0.888641,57.168293,-0.736365,0.665584,-0.121514,-38.146355,42.105827,-194.03299,3.141593,1.0,-0.461426,-0.625381,-0.629273,-2.084197,169.546844,18.196699,1.056462,9.068005,4.281147,81.383354,0.863489,1.0,12.83425,38.016277,122.509674,20.568144
-0.674551,-0.581515,0.454777,0.667115,-0.743975,0.038196,-0.316131,-0.329154,-0.889786,57.168293,-0.732936,0.669518,-0.120624,-38.444664,43.695251,-194.010437,3.141593,1.0,-0.463437,-0.621188,-0.631943,-1.961287,170.429474,18.572308,1.323803,9.023082,1.896738,81.383354,1.02519,1.0,12.929619,37.89888,123.183838,20.867197
-0.676708,-0.58061,0.452723,0.665919,-0.744951,0.039995,-0.314035,-0.328542,-0.890754,57.168293,-0.731885,0.670381,-0.122203,-37.923374,43.807354,-194.277695,3.141593,1.0,-0.464631,-0.622126,-0.630141,-1.911396,170.414154,18.45076,1.051394,-7.367851,-3.623536,81.383354,0.883066,1.0,13.024993,37.914131,123.148102,20.833643
-0.676034,-0.583254,0.450325,0.669064,-0.741932,0.04347,-0.308757,-0.330683,-0.891806,57.168293,-0.734614,0.666781,-0.125481,-36.643436,42.788769,-194.453751,3.141593,1.0,-0.461227,-0.626406,-0.628399,-2.146308,169.694855,18.33733,-6.343711,-9.976804,-2.709865,81.383354,1.235859,1.0,13.120495,37.919434,122.646667,20.911667
-0.701935,-0.556256,0.444821,0.664359,-0.736477,0.127393,-0.256737,-0.384942,-0.886513,57.168293,-0.728945,0.653867,-0.202723,-24.298389,28.732233,-189.65097,3.141593,1.0,-0.454115,-0.683458,-0.571546,-2.624846,167.932755,16.945938,-1.932409,-4.305447,-12.240709,81.383354,0.059875,1.0,13.241747,37.702053,121.693352,24.436275
-0.70935,-0.537979,0.455413,0.657014,-0.73864,0.150809,-0.255254,-0.406189,-0.877414,57.168293,-0.721242,0.655013,-0.225319,-24.601231,23.328791,-185.930954,3.141593,1.0,-0.451831,-0.691429,-0.563715,-2.729849,167.880096,16.953678,2.017678,7.881135,2.336377,81.383354,0.61129,0.978586,13.337145,37.041023,121.420937,25.958952
-0.71013,-0.523893,0.470373,0.6489,-0.746241,0.148505,-0.273211,-0.410683,-0.869882,57.168293,-0.714196,0.663461,-0.223032,-29.258871,22.429068,-183.827515,3.141593,1.0,-0.460582,-0.685399,-0.563997,-2.370907,168.661209,17.273252,7.154153,3.977934,0.766379,81.383354,0.553744,0.996627,13.432547,36.71983,121.606476,26.243483
-0.679247,-0.544494,0.492087,0.662629,-0.743244,0.092255,-0.315508,-0.388735,-0.865644,57.168293,-0.72512,0.667726,-0.168354,-38.564083,27.127661,-185.676773,3.141593,1.0,-0.459472,-0.651242,-0.603961,-1.619496,168.538116,17.719742,5.055258,-3.191505,22.140018,81.383354,0.762508,0.999688,13.52796,37.629124,121.004784,23.370718
-0.690305,-0.524753,0.49811,0.647955,-0.754695,0.102905,-0.321921,-0.393789,-0.860986,57.168293,-0.71309,0.67746,-0.180415,-40.374981,25.374636,-184.376266,3.141593,1.0,-0.467051,-0.650978,-0.598407,-1.004651,168.595627,17.098492,-1.414911,-1.635148,8.936424,81.383354,0.908142,0.929823,13.623432,37.366989,120.472107,23.546385
-0.693915,-0.510121,0.508192,0.645176,-0.753866,0.124233,-0.319734,-0.41408,-0.852237,57.168293,-0.711688,0.673372,-0.200176,-39.758965,20.940224,-181.466888,3.141593,1.0,-0.470174,-0.668297,-0.576469,-0.882474,168.864258,16.537897,2.087853,0.883348,-11.838503,81.383354,0.751168,0.924225,13.718732,37.454826,120.937965,24.342867
-0.691833,-0.504188,0.516877,0.640928,-0.758473,0.118022,-0.332532,-0.412932,-0.847885,57.168293,-0.707352,0.679601,-0.194412,-43.371956,20.585968,-180.857574,3.141593,1.0,-0.473187,-0.659573,-0.584001,-0.936438,168.676041,16.394657,-4.022143,-2.499945,13.614095,81.383354,0.795292,0.926123,13.816435,36.932449,120.306488,23.901285
-0.659812,-0.532331,0.530351,0.654755,-0.753599,0.05817,-0.368706,-0.385631,-0.84578,57.168293,-0.719483,0.680672,-0.137951,-51.811222,26.513866,-183.554001,3.141593,1.0,-0.469366,-0.622958,-0.625795,-0.951239,168.261627,16.686323,0.542673,-8.688516,1.761661,81.383354,0.490609,0.973272,13.909673,37.229004,119.641319,20.696552
-0.653141,-0.541683,0.529137,0.656419,-0.753388,0.039001,-0.377519,-0.372808,-0.84764,57.168293,-0.722511,0.680415,-0.122529,-53.482113,29.530127,-185.473679,3.141593,1.0,-0.466224,-0.610385,-0.640364,-0.563294,168.194107,16.241322,2.058036,-2.629763,-4.709134,81.383354,0.561899,0.992597,14.005003,37.68639,119.560913,19.225933
-0.656336,-0.541423,0.525437,0.656876,-0.752656,0.044966,-0.371128,-0.37466,-0.849643,57.168293,-0.722312,0.679464,-0.128819,-51.74757,28.926031,-185.973022,3.141593,1.0,-0.461137,-0.612024,-0.642479,-0.399936,167.99205,15.870642,1.271059,-1.21297,-4.473455,81.383354,1.224541,0.993177,14.100286,37.877506,119.403999,19.210447
-0.654622,-0.545263,0.523602,0.660666,-0.749288,0.045698,-0.367411,-0.37584,-0.850737,57.168293,-0.725413,0.675937,-0.129946,-50.376232,28.80904,-186.35437,3.141593,1.0,-0.455593,-0.613029,-0.645469,-0.15032,167.982071,15.706077,5.035013,6.014992,-0.746263,81.383354,1.539555,1.0,14.195746,38.351234,119.57209,19.09314
-0.660729,-0.540501,0.52086,0.654825,-0.754256,0.04797,-0.366934,-0.372768,-0.852293,57.168293,-0.719956,0.6813,-0.132266,-49.961304,30.148619,-186.303772,3.141593,1.0,-0.458919,-0.61031,-0.645689,0.504991,168.848648,16.011953,6.052937,8.746526,4.229854,81.383354,1.873291,1.0,14.308402,38.651035,120.169632,19.519552
-0.659792,-0.54322,0.519217,0.656698,-0.752687,0.047011,-0.365271,-0.371986,-0.853349,57.168293,-0.721952,0.679438,-0.130957,-48.869976,31.318974,-186.056747,3.141593,1.0,-0.45975,-0.612462,-0.643056,1.018272,169.690674,16.603542,5.368913,17.062344,9.065377,81.383354,2.553951,1.0,14.403884,39.340576,121.151207,20.021488
-0.661229,-0.542962,0.517657,0.655452,-0.753798,0.046594,-0.36491,-0.370109,-0.854319,57.168293,-0.721264,0.680363,-0.129939,-48.258308,33.744923,-185.597153,3.141593,1.0,-0.464129,-0.613967,-0.638458,1.54457,171.659103,17.363655,6.128732,27.505119,6.858488,81.383354,1.369107,1.0,14.499261,39.865074,123.123787,20.71538
-0.664481,-0.54238,0.51409,0.652182,-0.756751,0.044575,-0.364861,-0.3649,-0.856577,57.168293,-0.717906,0.684139,-0.128707,-48.195969,35.887417,-185.984451,3.141593,1.0,-0.463662,-0.607824,-0.644646,1.841769,172.750061,17.643501,-0.395446,3.311338,-0.070275,81.383354,0.902523,1.0,14.594586,39.915665,124.008324,20.873507
-0.663434,-0.54721,0.510309,0.655726,-0.753699,0.044286,-0.360385,-0.364004,-0.85885,57.168293,-0.720995,0.6809,-0.128611,-46.823315,36.124767,-186.63649,3.141593,1.0,-0.45993,-0.609061,-0.64615,1.882154,172.573441,17.581738,0.044632,0.902312,-2.645508,81.383354,1.37024,1.0,14.690073,40.207455,124.029503,20.77029
-0.670751,-0.54306,0.505153,0.650018,-0.758415,0.047779,-0.357169,-0.360406,-0.861706,57.168293,-0.715967,0.685623,-0.131579,-46.214855,36.579582,-187.583527,3.141593,1.0,-0.46553,-0.609318,-0.641883,1.976164,172.341644,17.172052,2.586403,-9.532678,-8.121984,81.383354,1.769723,1.0,14.785326,40.039082,123.615341,20.513102
-0.665856,-0.55,0.504119,0.65532,-0.754138,0.042794,-0.356638,-0.358854,-0.862573,57.168293,-0.720102,0.681956,-0.128021,-45.848011,36.276337,-188.63176,3.141593,1.0,-0.456202,-0.60434,-0.653187,1.999104,171.527222,16.59127,-0.838376,-4.05243,-3.78734,81.383354,1.883412,1.0,14.880888,40.277878,122.937332,19.674206
-0.6689,-0.547776,0.502507,0.653694,-0.755311,0.046794,-0.353917,-0.359786,-0.863306,57.168293,-0.718707,0.68276,-0.131528,-45.159508,36.153542,-188.89064,3.141593,1.0,-0.458092,-0.607262,-0.649141,2.073767,171.641449,16.293554,0.070602,-2.755891,-1.42253,81.383354,2.159581,1.0,14.976132,40.309223,123.039604,19.592157
-0.671622,-0.546699,0.500044,0.652079,-0.756589,0.048643,-0.351734,-0.358737,-0.864633,57.168293,-0.717085,0.684095,-0.133432,-44.520443,36.393097,-189.242676,3.141593,1.0,-0.458141,-0.606907,-0.649438,2.270803,171.685349,16.164171,2.072706,-1.67689,-2.684717,81.383354,2.182871,1.0,15.071629,40.421181,123.025894,19.560703
-0.673254,-0.547643,0.496806,0.651135,-0.75748,0.047402,-0.350362,-0.355402,-0.866566,57.168293,-0.716077,0.685325,-0.132528,-44.300884,36.803299,-189.952118,3.141593,1.0,-0.457713,-0.604357,-0.652113,2.215807,171.340149,16.01083,-1.168916,-3.220084,-2.511684,81.383354,2.480684,1.0,15.166905,40.309231,122.630493,19.318014
-0.67447,-0.552415,0.489824,0.653076,-0.755843,0.046835,-0.344358,-0.351481,-0.870562,57.168293,-0.717404,0.683918,-0.13262,-42.803356,37.624847,-191.190033,3.141593,1.0,-0.452858,-0.602475,-0.657224,2.127664,171.11113,15.801223,-0.727199,-4.207271,-2.909418,81.383354,2.540151,1.0,15.262314,40.35688,122.505264,19.045216
-0.671205,-0.562259,0.483062,0.660227,-0.749733,0.044722,-0.337023,-0.348948,-0.874443,57.168293,-0.722827,0.678274,-0.132159,-40.747532,38.187374,-192.316055,3.141593,1.0,-0.439093,-0.598497,-0.670074,2.044725,170.790283,15.729068,-4.481995,-8.725665,7.79065,81.383354,2.494704,1.0,15.375058,40.641266,122.456184,18.856386
-0.675004,-0.564023,0.475655,0.659395,-0.750391,0.045949,-0.331011,-0.34466,-0.878431,57.168293,-0.722404,0.678596,-0.132814,-39.067589,39.279514,-193.233597,3.141593,1.0,-0.442304,-0.601127,-0.665593,2.187187,170.760544,15.77815,3.223508,4.527237,-1.372793,81.383354,2.380517,1.0,15.470502,40.86953,122.512741,18.901869
-0.679535,-0.563144,0.470213,0.658984,-0.750228,0.053839,-0.322448,-0.346449,-0.880909,57.168293,-0.722612,0.677107,-0.139134,-36.402279,39.036758,-193.839142,3.141593,1.0,-0.44709,-0.611316,-0.652996,2.601817,170.750305,15.384114,3.560359,-5.608771,-7.137269,81.383354,2.588895,1.0,15.565779,41.466816,122.701942,18.894753
-0.671231,-0.568683,0.475446,0.667518,-0.742623,0.054142,-0.322288,-0.35371,-0.878077,57.168293,-0.72975,0.669187,-0.140192,-35.964073,37.722023,-193.299759,3.141593,1.0,-0.435795,-0.61325,-0.658792,2.589347,170.86293,15.149451,-1.750265,-2.13411,-1.675062,81.383354,2.802349,1.0,15.661321,41.866413,123.140846,18.750257
-0.671925,-0.568591,0.474575,0.665368,-0.744864,0.049633,-0.325273,-0.349117,-0.878814,57.168293,-0.727633,0.672274,-0.136375,-36.869213,38.776882,-193.636642,3.141593,1.0,-0.436184,-0.606882,-0.664408,2.597157,170.991531,15.250604,-0.209081,1.713086,2.655556,81.383354,2.687036,1.0,15.756648,41.682156,123.08638,18.59144
-0.673183,-0.571162,0.469679,0.665717,-0.744616,0.048656,-0.32194,-0.345428,-0.881496,57.168293,-0.72807,0.672013,-0.135324,-36.099728,40.134674,-194.002151,3.141593,1.0,-0.436835,-0.606965,-0.663904,2.476334,171.387573,15.633546,-0.38705,9.267458,1.888824,81.383354,2.512974,1.0,15.851975,41.646729,123.553223,18.873405
-0.681554,-0.56768,0.461762,0.659789,-0.749631,0.052259,-0.316484,-0.340283,-0.885463,57.168293,-0.722932,0.67694,-0.138279,-35.043514,41.336967,-194.737091,3.141593,1.0,-0.4433,-0.607968,-0.65868,2.447177,171.508942,15.716661,-0.188347,-2.462598,0.027308,81.383354,2.513204,1.0,15.947484,41.385441,123.513168,19.096622
-0.681897,-0.569662,0.458805,0.660513,-0.749034,0.051668,-0.314227,-0.338279,-0.887034,57.168293,-0.723637,0.67631,-0.137674,-34.489208,41.650967,-195.218262,3.141593,1.0,-0.443104,-0.608183,-0.658614,2.375101,171.272842,15.673734,-1.51285,-3.375731,-1.182383,81.383354,2.589003,1.0,16.042723,41.394695,123.343201,18.994678
-0.670056,-0.58099,0.462035,0.67159,-0.739621,0.043915,-0.316217,-0.339724,-0.885774,57.168293,-0.732674,0.667655,-0.132006,-34.752491,40.908005,-195.333496,3.141593,1.0,-0.426693,-0.601737,-0.675163,2.119955,170.544632,15.630483,-3.16769,-9.570996,2.416392,81.383354,2.498636,1.0,16.138178,41.611813,122.949112,18.575169
-0.679719,-0.569107,0.462709,0.661626,-0.748037,0.051884,-0.316596,-0.341406,-0.884991,57.168293,-0.724604,0.675224,-0.137921,-35.195431,40.210133,-194.915283,3.141593,1.0,-0.441915,-0.608807,-0.658836,2.21618,170.569656,15.440297,0.091468,0.073628,-1.023167,81.383354,2.753174,1.0,16.233543,41.260448,122.65757,18.804371
-0.679679,-0.56983,0.461877,0.661452,-0.748309,0.050155,-0.317047,-0.339598,-0.885525,57.168293,-0.724215,0.675892,-0.136682,-35.34882,40.672504,-195.103699,3.141593,1.0,-0.440276,-0.605772,-0.662719,2.221292,170.646988,15.474735,1.107554,5.118041,1.701608,81.383354,2.695382,1.0,16.328962,41.215889,122.683334,18.744946
-0.67983,-0.569279,0.462334,0.661147,-0.748557,0.050462,-0.317356,-0.339976,-0.885269,57.168293,-0.723949,0.676124,-0.136947,-35.441715,40.588177,-194.993729,3.141593,1.0,-0.440588,-0.605917,-0.66238,2.22397,170.66954,15.502028,-0.504777,-1.633243,-0.09322,81.383354,2.691827,1.0,16.424406,41.197823,122.690315,18.793056
-0.673402,-0.575854,0.463596,0.66662,-0.744096,0.044031,-0.319605,-0.338693,-0.884952,57.168293,-0.728693,0.672113,-0.131414,-35.709896,41.226562,-194.974503,3.141593,1.0,-0.43463,-0.60216,-0.669702,2.243973,170.824982,15.800861,-0.767506,-4.835135,4.602416,81.383354,2.438952,1.0,16.53701,41.472569,123.018707,18.735781
-0.677915,-0.571364,0.462574,0.663734,-0.746229,0.050991,-0.316052,-0.341593,-0.885113,57.168293,-0.726591,0.673274,-0.136997,-34.40078,40.783573,-194.813843,3.141593,1.0,-0.440845,-0.609777,-0.658656,2.738324,171.076248,15.629399,3.389712,6.915458,-4.944887,81.383354,2.40026,1.0,16.632463,41.923706,123.276176,18.935341
-0.678872,-0.566994,0.466531,0.66318,-0.746198,0.058141,-0.315159,-0.348864,-0.882592,57.168293,-0.726114,0.672452,-0.143412,-33.944336,39.299934,-194.100937,3.141593,1.0,-0.441477,-0.615871,-0.652534,2.994945,171.326065,15.287876,1.439398,0.796349,-2.46144,81.383354,2.829168,1.0,16.72797,42.164646,123.548416,19.039362
-0.672911,-0.568975,0.472713,0.668119,-0.741771,0.05825,-0.317502,-0.355026,-0.879289,57.168293,-0.730567,0.667592,-0.143503,-34.128029,38.235435,-193.346878,3.141593,1.0,-0.437419,-0.618916,-0.652386,3.126919,171.547333,15.192128,3.232881,5.095253,-0.327209,81.383354,2.863647,1.0,16.823288,42.54673,123.971886,18.995804
