0.169606,-0.959785,-0.223712,0.341168,0.270147,-0.900347,-0.924574,-0.076381,-0.373267,61.852787,0.2122,0.0872,0.973328,-239.963882,157.894348,-214.505005,1.584837,0.0,-0.810428,-0.540849,0.22514,9.39575,187.157181,-54.905201,-0.463827,2.019068,-0.583389,84.881706,62.993309,1.0,3.217341,-7.08716,177.132721,-120.48864
0.16367,-0.962128,-0.217994,0.339573,0.262415,-0.903232,-0.92623,-0.073807,-0.369662,61.852787,0.211867,0.090628,0.973087,-240.308655,158.5784,-213.691742,1.586537,0.0,-0.813008,-0.5362,0.226952,9.497014,187.414963,-55.060963,2.641375,-1.629326,-0.172851,84.881706,62.752483,1.0,3.312658,-7.01487,177.168594,-120.583328
0.156706,-0.963531,-0.216915,0.340563,0.258874,-0.903881,-0.927071,-0.067771,-0.36871,61.852787,0.209421,0.082836,0.974311,-240.197006,160.777847,-213.696823,1.586076,0.0,-0.820977,-0.526366,0.221214,9.741208,187.6353,-55.23003,3.933591,0.649079,-2.60538,84.881706,62.659626,1.0,3.408043,-6.691525,177.847626,-120.828232
0.147973,-0.964647,-0.218084,0.351107,0.257387,-0.900264,-0.924569,-0.056644,-0.37678,61.852787,0.20612,0.082072,0.975079,-239.008347,164.385406,-216.278061,1.584929,0.0,-0.826603,-0.518683,0.218391,10.082909,188.329407,-55.690556,1.826413,7.609796,-2.715362,84.881706,62.73579,1.0,3.503432,-6.132976,178.652618,-121.376671
0.149946,-0.964163,-0.218873,0.35747,0.259268,-0.897215,-0.921809,-0.056294,-0.383536,61.852787,0.201746,0.079226,0.976228,-237.944733,165.108047,-218.368134,1.58049,0.0,-0.829105,-0.516813,0.213283,10.146421,188.8004,-55.96632,0.581079,4.09636,-1.424361,84.881706,62.615898,1.0,3.600752,-5.764615,179.287003,-121.765274
0.152247,-0.964052,-0.217771,0.359695,0.259276,-0.896323,-0.920565,-0.058131,-0.386239,61.852787,0.200745,0.082077,0.976199,-237.474731,164.571106,-219.135483,1.579982,0.0,-0.827978,-0.518382,0.21385,10.209085,188.907501,-56.047791,0.160562,1.656351,-0.783989,84.881706,62.694035,1.0,3.694254,-5.607873,179.212952,-121.851662
0.162585,-0.960084,-0.227609,0.362528,0.272669,-0.891193,-0.917682,-0.06238,-0.392389,61.852787,0.200818,0.078509,0.976478,-237.122314,163.376801,-220.594223,1.577261,0.0,-0.821882,-0.52892,0.21155,9.740788,188.521912,-55.86824,-7.581004,-2.292043,1.846927,84.881706,63.167599,1.0,3.790773,-5.98173,179.088623,-121.761375
0.20636,-0.950931,-0.230536,0.349046,0.291648,-0.890566,-0.914102,-0.103309,-0.392103,61.852787,0.208028,0.086163,0.97432,-237.264191,151.876404,-220.09462,1.5682,0.0,-0.798027,-0.561027,0.220002,8.931526,187.978394,-55.541676,-5.780042,-10.014549,3.877758,84.881706,63.739098,1.0,3.902342,-7.0252,177.897369,-121.333908
0.191249,-0.952182,-0.23827,0.344283,0.292403,-0.892171,-0.919181,-0.088594,-0.383742,61.852787,0.207934,0.078243,0.975008,-239.3526,155.301712,-217.764465,1.568569,0.0,-0.800551,-0.559137,0.215599,8.225124,187.069611,-55.303635,-4.981441,-5.775115,-0.337994,84.881706,63.169037,1.0,3.997763,-7.834427,177.616364,-121.109634
0.153128,-0.957592,-0.24407,0.347484,0.283386,-0.893838,-0.925098,-0.052062,-0.376143,61.852787,0.204769,0.072062,0.976154,-241.345871,165.609726,-216.258316,1.5671,0.0,-0.812363,-0.543813,0.210556,7.709059,187.522659,-55.695007,-5.059763,11.621418,-7.226823,84.881706,62.9673,1.0,4.093106,-8.337274,178.722748,-121.51757
0.146113,-0.95831,-0.245545,0.346878,0.28208,-0.894487,-0.926459,-0.045521,-0.373633,61.852787,0.200297,0.071213,0.977144,-241.592575,168.075363,-215.9617,1.568747,0.0,-0.812704,-0.544932,0.206303,7.561504,188.207474,-55.994232,0.311297,6.144603,-2.610034,84.881706,62.750309,1.0,4.18875,-8.241158,179.541031,-121.85318
0.151408,-0.960488,-0.233533,0.338112,0.27233,-0.900842,-0.928846,-0.057435,-0.365986,61.852787,0.200437,0.077812,0.976612,-242.108017,165.119858,-214.292938,1.571506,0.0,-0.811393,-0.545478,0.209989,7.699387,188.790634,-56.364079,1.121643,4.972071,-4.89633,84.881706,62.751293,1.0,4.283975,-8.155332,179.586151,-122.110374
0.163797,-0.95882,-0.232024,0.340236,0.275677,-0.899023,-0.925964,-0.068314,-0.37138,61.852787,0.199469,0.077237,0.976855,-241.205444,162.492203,-215.801071,1.568027,0.0,-0.810046,-0.547956,0.208733,7.752625,188.968582,-56.461384,-0.062427,4.6694,-1.508077,84.881706,62.803425,1.0,4.379305,-7.978622,179.698761,-122.259926
0.152691,-0.960396,-0.233076,0.339751,0.272479,-0.90018,-0.928038,-0.058262,-0.367901,61.852787,0.199022,0.07259,0.977303,-241.66098,163.952225,-214.094482,1.570697,0.0,-0.8154,-0.540918,0.206229,7.867027,187.560471,-55.619709,2.97344,-26.85146,12.332664,84.881706,62.848354,1.0,4.47469,-7.911889,178.626831,-121.429588
0.124286,-0.963533,-0.236976,0.321206,0.265037,-0.909165,-0.938818,-0.036878,-0.342433,61.852787,0.209705,0.064942,0.975606,-245.284882,168.230179,-207.207886,1.571195,0.0,-0.820218,-0.531445,0.211681,7.868562,185.826065,-55.379063,-5.974791,-14.254302,-4.453158,84.881706,62.995937,1.0,4.570051,-8.820518,177.518799,-120.957733
0.106826,-0.961522,-0.253108,0.343419,0.274579,-0.898148,-0.933087,-0.009023,-0.359537,61.852787,0.200979,0.046233,0.978504,-244.26416,176.102539,-212.778183,1.562846,0.0,-0.834075,-0.515777,0.195684,6.888289,185.343384,-56.312386,-8.154092,3.743296,-8.544284,84.881706,62.368233,1.0,4.66622,-9.243329,178.375214,-122.219887
0.115586,-0.962995,-0.243475,0.338155,0.268626,-0.901938,-0.933965,-0.021919,-0.356691,61.852787,0.197644,0.046035,0.979192,-245.26564,172.248611,-212.276062,1.564143,0.0,-0.83585,-0.513959,0.192874,5.936684,184.889816,-56.518524,-3.730705,-8.904577,1.627688,84.881706,62.332561,1.0,4.760855,-10.02357,177.769409,-122.434799
0.264068,-0.907665,-0.326209,0.275845,0.395159,-0.876219,-0.924217,-0.141398,-0.354723,61.852787,0.46588,0.117304,0.877038,-206.3853,139.99263,-231.933701,1.554341,0.0,-0.68642,-0.57756,0.441873,58.070248,187.713531,-82.050087,54.083202,6.384953,-54.577442,84.881706,68.740143,1.0,6.191785,26.401501,175.607269,-142.587921
0.248851,-0.907945,-0.337208,0.296777,0.402894,-0.865794,-0.921952,-0.115379,-0.369718,61.852787,0.455625,0.123561,0.881555,-205.484589,146.226883,-236.41481,1.568817,0.0,-0.686682,-0.581399,0.436397,57.682446,187.45372,-82.407265,-31.139669,-9.479628,11.600617,84.881706,67.809418,1.0,6.287166,26.73171,175.287796,-143.292206
0.277874,-0.910502,-0.306222,0.262586,0.37863,-0.887518,-0.924032,-0.166208,-0.344297,61.852787,0.441967,0.108027,0.890503,-207.566772,132.411804,-228.645096,1.535781,0.0,-0.701074,-0.577705,0.418033,55.41745,186.110626,-80.739998,-23.100491,-16.230574,23.735626,84.881706,68.429382,1.0,6.383126,25.173258,174.275467,-141.925568
0.308331,-0.89489,-0.322651,0.308469,0.414904,-0.85598,-0.899877,-0.164398,-0.403974,61.852787,0.428652,0.106059,0.897223,-201.909348,131.381882,-242.363434,1.4533,0.0,-0.697348,-0.592562,0.403207,53.69062,184.322418,-78.557526,-16.184898,-17.570118,19.24016,84.881706,70.575974,1.0,6.477874,24.746729,172.789429,-140.612762
0.333034,-0.883203,-0.330214,0.310923,0.433481,-0.845825,-0.890177,-0.179018,-0.418973,61.852787,0.43439,0.121886,0.89244,-200.780869,126.030075,-244.778641,1.478292,0.0,-0.676419,-0.610117,0.412571,52.494926,183.579712,-77.336861,-10.97603,-0.833896,7.669783,84.881706,69.727722,1.0,6.573259,23.431965,171.120056,-139.250137
0.348584,-0.878061,-0.327868,0.288103,0.433253,-0.853984,-0.8919,-0.203226,-0.403997,61.852787,0.43471,0.122139,0.89225,-201.822922,119.256363,-240.373642,1.484479,0.0,-0.667442,-0.621461,0.410253,51.928638,183.076492,-76.804855,-4.601468,-8.063397,6.529244,84.881706,69.071175,1.0,6.66944,22.823933,170.443695,-138.617035
0.348643,-0.876854,-0.331021,0.293426,0.437542,-0.849975,-0.89014,-0.199208,-0.409838,61.852787,0.437382,0.122719,0.890863,-202.095093,119.585426,-241.210968,1.488718,0.0,-0.666234,-0.621161,0.412664,51.34309,182.382538,-76.197304,-8.20456,-7.147598,8.713711,84.881706,68.594498,1.0,6.764027,22.108433,169.760742,-137.98317
0.352458,-0.87451,-0.333174,0.289425,0.44043,-0.849856,-0.889947,-0.20311,-0.408338,61.852787,0.443733,0.115744,0.888653,-203.323181,118.594589,-240.188034,1.498433,0.0,-0.666528,-0.620222,0.413601,50.476948,182.004898,-75.650879,-5.331411,-1.967998,3.265805,84.881706,68.48101,1.0,6.859414,20.831888,169.752808,-137.33812
0.317432,-0.892852,-0.319455,0.251358,0.404051,-0.879524,-0.914361,-0.198892,-0.352684,61.852787,0.439538,0.108482,0.891649,-210.314789,119.706009,-225.489792,1.501712,0.0,-0.680124,-0.608222,0.409265,49.850807,181.728989,-75.266472,-5.10616,-4.056968,5.488194,84.881706,68.112221,1.0,6.956491,19.989393,169.801758,-136.657562
