-0.488025,-0.679181,-0.548219,-0.291733,0.718899,-0.630933,0.822632,-0.147978,-0.54898,57.490883,-0.008262,0.064994,0.997851,207.218643,101.32682,-242.58403,0.6264,0.0,0.364151,-0.92917,0.063535,0.118452,142.763474,-38.146454,-4.291912,-25.530155,9.202808,84.113358,66.127724,0.0,0.989734,1.894169,138.261215,-105.5616
-0.507123,-0.663448,-0.550149,-0.292178,0.732856,-0.614454,0.810838,-0.150863,-0.565493,57.490883,-0.000727,0.063433,0.997986,203.388733,99.753418,-246.445709,0.664819,0.0,0.355063,-0.932943,0.059557,-0.154698,141.757309,-37.806927,-0.656588,-4.054403,1.596685,84.113358,61.250824,0.0,1.084601,1.00802,137.407974,-105.301758
-0.502862,-0.658957,-0.55938,-0.294049,0.738973,-0.60618,0.812813,-0.14034,-0.565367,57.490883,-0.000108,0.070001,0.997547,203.638657,102.184875,-246.301865,0.67798,0.0,0.352976,-0.933335,0.065534,-0.386731,141.828552,-37.714996,-2.921488,4.455406,-1.596806,84.113358,65.235909,0.0,1.179544,0.76493,137.212921,-105.189423
-0.507336,-0.658847,-0.555455,-0.297828,0.738904,-0.604416,0.808646,-0.141212,-0.571096,57.490883,0.004138,0.074851,0.997186,202.248978,101.702728,-247.510117,0.671499,0.0,0.353513,-0.932914,0.06856,-0.420884,141.871017,-37.494781,-0.250843,-0.166811,1.325423,84.113358,65.696259,0.0,1.284329,0.415356,136.948578,-104.967644
-0.511428,-0.648318,-0.564025,-0.300104,0.749781,-0.589717,0.80522,-0.132331,-0.578022,57.490883,0.004946,0.073336,0.997295,201.324097,104.547173,-249.466568,0.664275,0.0,0.351985,-0.933611,0.066907,-0.389131,142.28862,-37.675972,1.190165,5.78885,-1.732356,84.113358,65.769341,0.0,1.371871,0.345658,137.576309,-105.195374
-0.507914,-0.658652,-0.555159,-0.310598,0.741158,-0.595159,0.803462,-0.129858,-0.581021,57.490883,0.004998,0.072273,0.997372,200.984818,104.784912,-250.16246,0.661099,0.0,0.366255,-0.928212,0.065426,-0.241028,141.936554,-37.610783,7.446126,-14.550294,2.410188,84.113358,65.80117,0.0,1.46562,0.445007,137.196854,-105.142868
-0.502032,-0.675066,-0.540601,-0.316483,0.725124,-0.611583,0.804862,-0.135943,-0.577682,57.490883,0.003297,0.073553,0.997286,201.765625,102.939934,-249.306961,0.647541,0.0,0.379049,-0.922961,0.066819,0.081762,141.869339,-37.616558,8.515459,-14.831988,6.326716,84.113358,65.705643,0.0,1.561578,0.876507,136.870636,-105.120613
-0.511665,-0.67128,-0.536268,-0.306932,0.725782,-0.615657,0.802491,-0.150412,-0.577394,57.490883,0.00284,0.075954,0.997107,201.267258,99.131973,-249.331757,0.637001,0.0,0.368438,-0.927046,0.069568,0.165445,141.889603,-37.722218,8.107793,-15.381781,4.250521,84.113358,65.544518,0.0,1.657128,0.969781,136.674072,-105.2174
-0.518425,-0.659058,-0.544866,-0.296733,0.736235,-0.608201,0.801988,-0.153626,-0.577247,57.490883,0.003439,0.076149,0.997091,201.010742,98.203125,-249.441132,0.648405,0.0,0.353416,-0.932842,0.070023,0.056725,141.682159,-37.863678,-2.26538,-3.279443,-3.853903,84.113358,65.663193,0.0,1.762623,0.838839,136.54744,-105.363518
-0.515424,-0.657485,-0.549592,-0.298716,0.73897,-0.603897,0.803185,-0.147091,-0.577285,57.490883,0.006064,0.07136,0.997432,200.731216,99.860504,-249.504669,0.677276,0.0,0.354068,-0.932986,0.064597,-0.382436,141.34848,-37.906567,-6.239519,2.151934,0.824774,84.113358,66.055984,0.0,1.864521,0.260554,136.573654,-105.417572
-0.512084,-0.658016,-0.552073,-0.303433,0.739886,-0.600415,0.803553,-0.139946,-0.578547,57.490883,0.008551,0.067106,0.997709,199.883881,102.264244,-249.602875,0.677383,0.0,0.35823,-0.931729,0.059598,-1.1732,141.66391,-37.676666,-10.359643,5.042085,4.546483,84.113358,65.726379,0.0,1.961995,-0.678688,137.194031,-105.200638
-0.497584,-0.662829,-0.559525,-0.305144,0.737574,-0.602388,0.811971,-0.129003,-0.569264,57.490883,0.003901,0.064201,0.997929,201.732101,105.349815,-246.722687,0.65023,0.0,0.364217,-0.929483,0.058373,-1.816029,141.775574,-37.137566,-55.938324,52.300091,29.450247,84.113358,64.080132,0.0,2.060742,-0.931495,137.548187,-104.637611
-0.502283,-0.656407,-0.562886,-0.29966,0.742756,-0.598763,0.81112,-0.132074,-0.569773,57.490883,0.001886,0.067565,0.997713,201.339935,104.748558,-246.66861,0.631587,0.0,0.356943,-0.932037,0.062443,-2.110809,142.118332,-36.954479,-3.213243,4.365074,1.452938,84.113358,64.363152,0.0,2.150895,-1.11109,137.713547,-104.456352
-0.492129,-0.672005,-0.553369,-0.2978,0.727284,-0.618363,0.818,-0.139521,-0.558041,57.490883,-0.000358,0.07306,0.997328,203.078674,102.556892,-243.60936,0.621496,0.0,0.360717,-0.930174,0.06827,-2.325105,142.245987,-36.907665,-2.619433,7.236265,-3.590673,84.113358,64.56778,0.0,2.246408,-1.089718,137.380661,-104.325439
-0.487249,-0.682196,-0.545157,-0.302606,0.717498,-0.627397,0.819157,-0.140731,-0.556037,57.490883,-0.001857,0.06715,0.997741,203.261749,102.161247,-242.974762,0.618261,0.0,0.371891,-0.926135,0.063023,-2.525616,141.90155,-36.764759,-4.924175,2.919847,0.868954,84.113358,64.563126,0.0,2.341566,-1.195311,137.286896,-104.190987
-0.5017,-0.666564,-0.551352,-0.297756,0.73149,-0.613403,0.812181,-0.143576,-0.565463,57.490883,-0.001547,0.068212,0.99767,201.152435,101.17379,-245.274658,0.632407,0.0,0.360921,-0.930386,0.064171,-2.781963,141.619751,-36.657944,-4.045335,-7.18187,1.59467,84.113358,64.259201,0.0,2.438561,-1.563522,137.009583,-104.138306
-0.514009,-0.668887,-0.537014,-0.316865,0.72983,-0.60576,0.797114,-0.141206,-0.587086,57.490883,-0.002525,0.057432,0.998346,197.099319,101.038422,-250.556732,0.622741,0.0,0.384815,-0.921414,0.05398,-2.877612,140.397858,-36.392956,2.746843,-23.564154,5.95119,84.113358,64.721466,0.0,2.533309,-1.856054,136.282593,-104.0233
-0.572182,-0.62286,-0.533529,-0.303967,0.765272,-0.567417,0.761717,-0.162491,-0.627204,57.490883,-0.014362,0.057758,0.998227,187.949265,94.677429,-260.691132,0.5999,0.0,0.364014,-0.929522,0.05902,-3.411631,139.395462,-36.246643,-7.12028,-9.224198,2.104536,84.113358,66.503113,0.0,2.627564,-2.171038,135.234238,-104.144493
-0.514479,-0.660819,-0.546471,-0.307404,0.737055,-0.601875,0.800509,-0.141664,-0.582337,57.490883,-0.009597,0.061308,0.998073,197.314835,99.610054,-249.288681,0.622563,0.0,0.37519,-0.924976,0.060426,-3.986521,139.245422,-36.321857,-5.726931,7.20544,-2.54544,84.113358,64.367203,0.0,2.729786,-2.487867,134.968719,-103.940544
-0.477884,-0.667349,-0.571203,-0.29507,0.734429,-0.611185,0.827382,-0.123531,-0.547887,57.490883,-0.012438,0.070458,0.997437,203.745911,104.285088,-240.671173,0.735378,0.0,0.36277,-0.929233,0.070164,-4.847151,139.668961,-36.510727,-9.255627,5.38618,0.79331,84.113358,61.888626,0.0,2.818787,-2.764003,135.117676,-103.921616
-0.490059,-0.641974,-0.589671,-0.297958,0.75909,-0.578795,0.819184,-0.107947,-0.56328,57.490883,-0.009519,0.059367,0.998191,200.399994,109.205215,-244.297714,0.804323,0.0,0.357274,-0.932144,0.058846,-5.850053,139.787659,-36.170292,-10.31531,-1.539426,6.012211,84.113358,64.133736,0.0,2.934057,-4.063914,136.148224,-103.706024
-0.52061,-0.632573,-0.573425,-0.308109,0.765557,-0.564793,0.796263,-0.117359,-0.593458,57.490883,-0.01233,0.05722,0.998285,194.116104,106.474518,-251.358109,0.688176,0.0,0.367181,-0.928355,0.057747,-6.222547,139.44693,-35.519985,-2.470101,17.345539,-1.744247,84.113358,67.25737,0.0,3.027025,-4.626777,135.766754,-103.234283
-0.519186,-0.628688,-0.578962,-0.298486,0.768142,-0.566448,0.800845,-0.12128,-0.586463,57.490883,-0.013272,0.057827,0.998238,195.192093,105.75824,-249.437317,0.623776,0.0,0.356739,-0.932355,0.058753,-6.428496,139.704483,-35.380039,0.265999,1.817294,0.265875,84.113358,66.946175,0.0,3.169951,-4.694355,136.028992,-103.05928
-0.499677,-0.648288,-0.574496,-0.304685,0.752386,-0.584023,0.810857,-0.116783,-0.573474,57.490883,-0.012776,0.05704,0.99829,197.872574,106.857132,-246.059845,0.64946,0.0,0.369083,-0.927602,0.057724,-6.352127,139.696564,-35.322491,21.806456,-51.960331,4.468012,84.113358,66.366196,0.0,3.241826,-4.51296,136.005417,-102.923859
-0.507198,-0.638418,-0.578942,-0.298138,0.760257,-0.577168,0.808619,-0.120134,-0.575937,57.490883,-0.010068,0.059937,0.998151,197.091156,105.88575,-246.639267,0.656264,0.0,0.357194,-0.932128,0.059576,-6.396883,139.672897,-35.284473,-1.958471,-11.284133,2.171818,84.113358,66.864548,0.0,3.33177,-4.735712,135.87059,-102.888565
-0.496214,-0.650103,-0.575446,-0.314372,0.752367,-0.57889,0.809284,-0.106349,-0.57771,57.490883,-0.010502,0.050732,0.998657,197.148636,109.1119,-247.034485,0.641259,0.0,0.379242,-0.923895,0.050922,-6.511221,138.930008,-35.206909,-3.876575,-5.65472,0.612488,84.113358,66.234627,0.0,3.425478,-4.844356,135.656128,-102.841316
