0.910338,-0.229705,-0.344267,0.37341,0.814568,0.443896,0.178464,-0.532648,0.827307,60.038979,-0.20175,0.452791,-0.868492,69.063622,193.906662,297.437958,0.730227,0.0,-0.356356,-0.859886,-0.365523,0.651566,362.829346,22.935062,-1.095909,-19.523249,-5.139537,86.836586,59.658264,0.0,4.041262,23.077898,331.156982,84.261421
0.907388,-0.238356,-0.34617,0.383778,0.805679,0.451216,0.171352,-0.542281,0.822539,60.038979,-0.204936,0.457716,-0.865157,66.506165,190.349152,295.783783,0.738672,0.0,-0.365072,-0.855877,-0.366329,-0.203282,362.21286,22.814032,-16.954508,3.52705,-6.089805,86.836586,60.040699,0.000227,4.13667,22.353102,330.081482,83.835762
0.911682,-0.253404,-0.323453,0.378882,0.823068,0.423094,0.159011,-0.508277,0.846386,60.038979,-0.216144,0.455589,-0.863551,61.575733,197.911499,300.999695,0.727823,0.0,-0.364212,-0.85824,-0.361626,-2.497869,360.484406,21.831057,-27.388144,-43.936672,-8.814729,86.836586,62.639969,0.0,4.231908,20.602636,328.88205,82.906822
0.921217,-0.24451,-0.302611,0.357385,0.83921,0.40988,0.153734,-0.485737,0.86048,60.038979,-0.224095,0.512147,-0.829148,57.506489,202.606415,301.667328,0.823584,0.0,-0.359612,-0.834201,-0.418076,-5.625419,362.504547,20.759451,-23.386581,26.43022,-5.541421,86.836586,57.367325,0.0,4.327265,17.892904,327.768921,79.942993
0.905778,-0.285229,-0.313386,0.399679,0.820766,0.408166,0.140795,-0.494961,0.857432,60.038979,-0.248287,0.511059,-0.822905,52.00975,202.406097,300.96521,0.816068,0.0,-0.39584,-0.82887,-0.395331,-9.145795,364.907166,21.609068,-29.104376,16.441624,13.060771,86.836586,59.294029,0.0,4.4227,15.730229,329.945404,80.026077
0.915887,-0.247434,-0.316113,0.363257,0.846006,0.390279,0.170865,-0.472282,0.864728,60.038979,-0.238828,0.531532,-0.812672,58.286022,206.205597,302.747528,0.809,0.0,-0.374577,-0.822548,-0.42791,-10.340036,363.733826,21.848217,-0.915884,-13.777894,-5.623167,86.836586,54.463928,0.0,4.518229,14.258295,327.901093,79.928429
0.919581,-0.250859,-0.302392,0.35429,0.862153,0.362175,0.169854,-0.440183,0.881696,60.038979,-0.224531,0.527949,-0.819058,56.498753,214.081787,308.520081,0.684912,0.0,-0.373189,-0.823026,-0.428204,-10.999093,362.841888,22.56893,-18.881477,-64.629005,-6.195028,86.836586,50.527275,0.0,4.613489,12.731677,327.506104,81.328659
0.907543,-0.235532,-0.347694,0.37404,0.829773,0.414211,0.190947,-0.505966,0.841153,60.038979,-0.210416,0.472379,-0.855911,62.881535,197.451279,302.085144,0.538869,0.0,-0.365669,-0.84999,-0.379215,-9.4056,360.448242,24.730211,34.571884,-33.811749,29.337704,86.836586,50.520309,0.217525,4.708848,13.679195,327.826141,85.340797
0.916279,-0.240953,-0.319961,0.378741,0.781148,0.496349,0.13034,-0.575977,0.807008,60.038979,-0.199242,0.47273,-0.858387,48.910545,177.245911,293.428589,0.638758,0.0,-0.355514,-0.851142,-0.386221,-6.456471,359.00766,24.905256,23.158531,25.766911,-17.177992,86.836586,46.625175,0.122892,4.821625,15.32513,325.660858,85.482445
0.905612,-0.300499,-0.299276,0.405898,0.818668,0.406238,0.122934,-0.48937,0.863368,60.038979,-0.188937,0.466152,-0.864295,47.13839,201.725815,307.715332,0.976291,0.0,-0.397598,-0.84109,-0.36672,-5.663268,360.230255,23.879641,-0.517953,34.567513,0.485593,86.836586,46.531551,0.051901,4.917093,15.461276,327.82428,85.246628
0.893127,-0.311905,-0.324099,0.423728,0.825177,0.373547,0.150928,-0.470954,0.86915,60.038979,-0.18639,0.480297,-0.857073,54.217564,206.865601,308.087311,1.198845,0.0,-0.423207,-0.826528,-0.371144,-5.950986,361.505341,23.233124,-2.407614,22.127047,-4.47417,86.836586,46.195225,0.140499,5.012462,15.327026,328.218933,84.128662
0.903334,-0.256536,-0.343769,0.388092,0.830139,0.400317,0.18268,-0.495034,0.849452,60.038979,-0.181388,0.490042,-0.852618,61.22641,200.758148,302.302338,1.334128,0.0,-0.387206,-0.832555,-0.396135,-7.118667,362.170227,22.782091,-15.158789,-15.933291,-4.237904,86.836586,47.94521,0.17545,5.107721,14.154245,328.316132,83.41938
0.901759,-0.271759,-0.336123,0.401566,0.814439,0.418849,0.159926,-0.512676,0.843556,60.038979,-0.190214,0.486935,-0.852475,54.161652,193.928055,299.489685,1.176946,0.0,-0.394822,-0.832955,-0.387688,-8.626317,359.909332,21.661938,-17.263718,-28.532015,-24.916162,86.836586,47.706059,0.150689,5.20312,12.952744,326.032043,82.126068
0.90418,-0.266527,-0.3338,0.404767,0.784266,0.470204,0.136466,-0.56026,0.816998,60.038979,-0.192627,0.491949,-0.849047,48.504066,177.395294,292.685944,0.486504,0.0,-0.388792,-0.832702,-0.394271,-8.139818,356.386017,22.151775,7.694416,-15.428315,24.247013,86.836586,48.86396,0.0,5.298547,13.340211,321.760406,82.165657
0.8956,-0.252937,-0.365956,0.419822,0.752646,0.507221,0.14714,-0.607904,0.780258,60.038979,-0.181627,0.503943,-0.844424,51.389927,164.461227,283.590057,0.528397,0.0,-0.400223,-0.822252,-0.404627,-7.464632,357.090668,23.12528,19.121822,18.733818,22.808308,86.836586,46.084064,0.033427,5.395071,13.47553,321.102966,82.53672
0.903977,-0.234279,-0.357685,0.392826,0.785404,0.478359,0.168858,-0.572934,0.802019,60.038979,-0.164758,0.500918,-0.849668,57.015102,175.37355,289.252594,0.93756,0.0,-0.381171,-0.826851,-0.413554,-6.617304,358.349396,22.439663,3.793657,12.925759,-19.801348,86.836586,49.659081,0.025058,5.489279,13.50469,323.004517,82.592194
0.86662,-0.350097,-0.35553,0.48002,0.779459,0.402522,0.1362,-0.519495,0.843549,60.038979,-0.147353,0.518461,-0.84231,47.858692,185.911911,298.279755,1.05051,0.0,-0.479193,-0.782407,-0.39776,-6.023209,356.474609,21.139372,10.55281,-3.552783,3.436073,86.836586,59.581203,0.0,5.584688,12.763408,319.773071,80.918091
0.879614,-0.318548,-0.35328,0.45523,0.779163,0.430895,0.138002,-0.539845,0.830375,60.038979,-0.181493,0.487284,-0.854175,49.626476,180.539978,293.720551,0.912516,0.0,-0.443463,-0.815823,-0.37118,-6.79514,354.252563,19.478239,-11.387327,-46.002365,-11.104964,86.836586,55.9277,0.0,5.680064,14.066863,319.644684,79.753326
0.889798,-0.272669,-0.365938,0.425846,0.784375,0.451011,0.164056,-0.557142,0.81405,60.038979,-0.181202,0.459383,-0.869559,56.329365,175.303802,289.87915,0.631879,0.0,-0.408527,-0.839458,-0.35835,-7.038571,351.685303,18.919004,7.637218,-19.98362,-1.600354,86.836586,55.082767,0.0,5.775491,14.056207,318.865662,80.118462
0.876399,-0.32658,-0.353935,0.462014,0.777551,0.426565,0.135895,-0.537364,0.83233,60.038979,-0.182655,0.480047,-0.858016,48.094578,179.739044,292.966461,0.848313,0.0,-0.449264,-0.81701,-0.361465,-7.835422,352.39386,18.006279,-1.594516,7.098106,-0.556795,86.836586,54.573631,0.034142,5.888272,13.077799,318.204498,78.495651
0.869867,-0.332773,-0.364133,0.477443,0.753546,0.451903,0.12401,-0.566949,0.814365,60.038979,-0.190256,0.503227,-0.84295,44.371887,169.125763,288.165619,0.431746,0.0,-0.461815,-0.803577,-0.375488,-8.836562,351.190735,19.035295,-0.60334,-33.091244,-7.425907,86.836586,44.690186,0.042802,5.983656,12.417565,315.214508,78.323807
0.871652,-0.282867,-0.400261,0.466557,0.729061,0.500793,0.150157,-0.623262,0.767461,60.038979,-0.18446,0.504916,-0.843229,51.410473,152.593872,275.948334,0.294547,0.0,-0.445089,-0.807848,-0.386366,-8.455156,349.753998,19.217636,-3.81238,-12.001063,-8.974086,86.836586,52.596989,0.0,6.078979,12.718725,313.193176,78.192444
0.896836,-0.261235,-0.356989,0.416441,0.770779,0.482158,0.149203,-0.581082,0.800052,60.038979,-0.187099,0.510842,-0.839068,52.038517,165.941071,283.449707,0.242925,0.0,-0.401422,-0.81934,-0.40932,-7.696729,351.778503,18.063053,6.594277,26.203117,-28.459433,86.836586,48.803242,0.0,6.174508,13.592565,315.671448,77.296112
0.929623,-0.201583,-0.308489,0.330893,0.825081,0.457986,0.162206,-0.527832,0.833716,60.038979,-0.17519,0.512618,-0.840554,55.622986,181.611176,290.802856,0.609743,0.0,-0.327458,-0.83549,-0.44128,-6.784348,352.758087,15.865672,8.833015,-12.253451,-7.867325,86.836586,46.532631,0.0,6.269881,13.826393,317.620392,75.974739
0.923821,-0.209613,-0.320339,0.355606,0.779752,0.515298,0.141771,-0.589957,0.794891,60.038979,-0.15023,0.505419,-0.849696,49.161579,165.475967,280.776459,1.36998,0.0,-0.34263,-0.832803,-0.434792,-6.284149,353.053925,15.568491,-14.602491,10.955863,-0.385677,86.836586,44.192593,0.0,6.365213,12.6306,317.493347,75.952698
0.908874,-0.278218,-0.310712,0.40611,0.760025,0.507382,0.094986,-0.58733,0.803754,60.038979,-0.158528,0.551118,-0.81923,36.876339,163.990707,281.970642,1.450535,0.0,-0.397155,-0.795231,-0.458121,-6.597309,354.03537,16.524801,-4.66607,12.351727,-1.593567,86.836586,41.821144,0.195533,6.460586,12.40072,315.331207,74.863014
0.933352,-0.198834,-0.298863,0.333586,0.787925,0.517586,0.132568,-0.582786,0.801739,60.038979,-0.153427,0.533336,-0.831873,45.670849,167.232986,281.541901,1.3654,0.0,-0.324762,-0.822292,-0.467296,-7.472867,354.451141,15.488439,-27.720898,-20.194321,15.706629,86.836586,44.211205,0.0,6.555993,11.511423,317.402618,74.953423
0.923419,-0.20435,-0.324867,0.356515,0.770148,0.528933,0.142108,-0.604246,0.784023,60.038979,-0.175965,0.525433,-0.83244,46.660278,154.196472,276.405151,0.240489,0.0,-0.340857,-0.825845,-0.449218,-10.431821,346.716095,15.308807,-23.780334,-60.801777,-11.021194,86.836586,58.328205,0.0,6.651347,10.042498,309.895813,74.381783
0.891004,-0.234091,-0.38899,0.399331,0.811715,0.426208,0.215977,-0.535089,0.816721,60.038979,-0.21321,0.499015,-0.839955,66.370972,173.327011,283.382233,0.179903,0.0,-0.391496,-0.83132,-0.394509,-12.819484,345.937042,13.651004,-17.878246,17.091507,-49.571705,86.836586,57.977856,0.0,6.746745,10.718987,311.206299,72.933334
0.906452,-0.248478,-0.341473,0.367209,0.8631,0.346722,0.208572,-0.439679,0.873602,60.038979,-0.201352,0.573464,-0.794101,64.67411,198.010391,296.90332,0.460521,0.0,-0.40082,-0.787961,-0.467398,-11.838772,349.714844,14.531532,2.629985,1.927717,24.425331,86.836586,60.034424,0.213148,6.84225,10.930283,311.304779,71.797653
0.895222,-0.280464,-0.34629,0.404183,0.83828,0.365954,0.187651,-0.467574,0.863806,60.038979,-0.181185,0.60558,-0.774884,58.143425,190.786118,292.626648,0.444903,0.0,-0.436508,-0.755578,-0.488428,-11.572255,352.277435,14.06938,-1.72206,29.074203,-34.006489,86.836586,58.174248,0.103838,6.937653,9.790295,311.268524,70.04509
0.89618,-0.285282,-0.339818,0.39551,0.860749,0.320441,0.201082,-0.421574,0.884218,60.038979,-0.135173,0.579589,-0.80362,59.732647,205.695114,299.201172,0.242914,0.0,-0.428543,-0.765477,-0.479996,-10.794452,353.436401,13.051136,-1.473809,-14.681813,19.976656,86.836586,60.92712,0.0,7.050258,7.918868,314.324341,71.360008
0.867313,-0.30231,-0.395446,0.45921,0.792517,0.401301,0.19208,-0.529647,0.826184,60.038979,-0.138868,0.562774,-0.814862,57.985123,176.923645,286.665771,0.345632,0.0,-0.467594,-0.762597,-0.446991,-10.356997,352.844696,15.703628,1.525726,5.962841,14.89979,86.836586,59.077873,0.0,7.145708,8.490851,313.400513,73.77858
0.869977,-0.30617,-0.386524,0.465802,0.767453,0.440506,0.161769,-0.563273,0.81028,60.038979,-0.176941,0.574214,-0.799356,50.825317,166.867111,284.149902,0.788356,0.0,-0.466897,-0.763941,-0.445423,-11.696548,352.31778,18.671585,-32.965103,-60.819839,20.442034,86.836586,57.393402,0.047572,7.241155,9.14145,312.008698,75.360649
0.879307,-0.334815,-0.3387,0.456628,0.794749,0.399831,0.135312,-0.506234,0.851714,60.038979,-0.234599,0.562136,-0.793074,45.013241,178.702591,294.078522,1.031148,0.0,-0.462032,-0.782279,-0.417811,-13.890706,347.878265,18.255836,-26.691198,0.432945,-14.340199,86.836586,62.811413,0.330354,7.336427,10.146711,309.146729,74.61274
0.856814,-0.383727,-0.344417,0.500641,0.778967,0.377582,0.123401,-0.495947,0.85954,60.038979,-0.265116,0.56322,-0.782622,41.352531,184.224167,294.593109,1.057896,0.0,-0.503452,-0.773097,-0.385819,-16.185411,350.936768,17.750914,-7.591764,12.008016,-7.578788,86.836586,62.135185,0.411371,7.431824,9.555219,312.017548,73.110924
0.859541,-0.365005,-0.357717,0.493339,0.775347,0.394277,0.133442,-0.515373,0.846513,60.038979,-0.262373,0.573063,-0.776376,44.695953,176.815674,290.066895,0.988313,0.0,-0.495661,-0.770347,-0.401106,-15.369136,349.258881,17.034513,15.703378,3.607368,-14.346786,86.836586,61.631275,0.363932,7.527182,10.311288,309.614624,71.941422
0.859122,-0.405545,-0.31216,0.504575,0.773155,0.384234,0.085524,-0.487611,0.868862,60.038979,-0.280594,0.586754,-0.759597,33.62991,183.454132,293.619781,0.975308,0.0,-0.51035,-0.761453,-0.399666,-14.687721,349.360199,15.763205,8.654433,-7.84582,-25.371065,86.836586,61.143471,0.463645,7.622724,11.592577,309.099548,69.735527
0.864191,-0.336625,-0.373975,0.481315,0.769695,0.419411,0.146662,-0.542451,0.827186,60.038979,-0.189989,0.569256,-0.799907,48.257877,165.553284,285.72818,0.853186,0.0,-0.483477,-0.763356,-0.428412,-11.005384,345.203461,15.872899,28.214813,-9.048307,5.403512,86.836586,60.618687,0.0,7.717944,10.466577,305.329468,72.582649
0.849738,-0.300076,-0.433474,0.501006,0.715589,0.486749,0.164127,-0.630782,0.758404,60.038979,-0.152061,0.550532,-0.820848,50.822517,143.127335,267.833527,0.379858,0.0,-0.490213,-0.763165,-0.421034,-10.83333,345.54303,14.882088,-2.219936,10.216469,-6.69317,86.836586,57.654034,0.069782,7.813481,8.530951,305.664337,72.411598
0.874609,-0.287684,-0.390252,0.459414,0.748954,0.477501,0.154911,-0.596914,0.787208,60.038979,-0.146727,0.548074,-0.82346,46.908566,153.12915,275.177551,1.07591,0.0,-0.452627,-0.777406,-0.43677,-11.944879,346.03125,14.121161,-15.491821,-17.653139,-24.630169,86.836586,57.474609,0.077058,7.908909,6.991778,306.939117,72.33345
0.85293,-0.365888,-0.37234,0.506267,0.753702,0.419078,0.127297,-0.545947,0.828092,60.038979,-0.181862,0.501955,-0.845558,40.222839,167.869507,286.847534,0.741077,0.0,-0.495031,-0.789719,-0.362336,-13.361203,344.532562,13.989708,-33.514835,-72.338913,-7.564955,86.836586,56.728214,0.0,8.004233,7.421439,308.546661,73.468552
0.866856,-0.334102,-0.37005,0.483244,0.745622,0.458827,0.122622,-0.576561,0.8078,60.038979,-0.212639,0.459539,-0.862328,39.289124,158.411331,280.710388,0.696749,0.0,-0.455683,-0.827305,-0.32851,-14.89899,340.31131,12.301319,-0.947025,39.057468,-19.398327,86.836586,56.579018,0.0,8.116964,7.692462,306.97699,72.560249
0.869235,-0.3423,-0.356735,0.476076,0.774132,0.417218,0.133346,-0.532494,0.835864,60.038979,-0.160846,0.509163,-0.845507,40.666782,171.000259,287.406708,0.874583,0.0,-0.470709,-0.792533,-0.387716,-13.26678,344.363007,12.191396,-10.17597,3.934305,5.568697,86.836586,51.466007,0.175045,8.212408,6.306735,308.210876,72.025169
0.873909,-0.275825,-0.400254,0.462105,0.726876,0.508046,0.150803,-0.628945,0.762684,60.038979,-0.162437,0.52355,-0.836367,46.799072,140.894135,268.075623,0.466195,0.0,-0.445897,-0.795088,-0.411109,-11.907535,340.79184,12.875701,18.310097,-48.025608,9.787699,86.836586,53.782742,0.064367,8.307798,7.940783,302.957794,71.550873
0.878295,-0.27567,-0.390645,0.455684,0.729981,0.509392,0.14474,-0.625407,0.766757,60.038979,-0.162298,0.530635,-0.831917,46.332817,139.926971,268.528442,0.768847,0.0,-0.440461,-0.793397,-0.420136,-10.736485,339.25943,12.480546,2.286382,-0.879318,-33.931175,86.836586,38.900333,0.259486,8.40328,9.036989,301.078949,70.954041
0.888727,-0.291942,-0.35346,0.429751,0.798999,0.420612,0.15962,-0.525709,0.835554,60.038979,-0.147724,0.530336,-0.834818,50.583672,171.7957,286.772766,1.223074,0.0,-0.431116,-0.794196,-0.428243,-9.580132,344.357513,11.982881,4.457114,46.301846,4.562344,86.836586,48.041267,0.109067,8.4986,9.453566,307.257996,71.47097
0.900003,-0.260545,-0.349444,0.397147,0.820548,0.411066,0.179634,-0.508741,0.84197,60.038979,-0.145014,0.529311,-0.835943,55.491943,176.319962,288.242584,1.136542,0.0,-0.402168,-0.803465,-0.438981,-9.850041,344.059662,11.495797,-2.681061,-25.710312,-10.105017,86.836586,47.124046,0.149633,8.593897,9.204669,307.410065,71.287643
0.901951,-0.251341,-0.351159,0.405194,0.773783,0.486905,0.149342,-0.581452,0.799756,60.038979,-0.148853,0.546128,-0.824371,48.76194,152.463699,276.495575,0.528791,0.0,-0.399677,-0.795757,-0.455004,-8.692871,340.682495,11.764021,3.339907,-19.288788,4.504897,86.836586,42.458878,0.094111,8.692619,10.280232,302.289612,70.418091
0.880613,-0.262489,-0.394487,0.447677,0.733695,0.511152,0.155261,-0.62673,0.763612,60.038979,-0.130026,0.542935,-0.829648,50.19746,140.844437,268.190979,0.791487,0.0,-0.43831,-0.782027,-0.443077,-7.732323,341.393585,12.868781,10.694921,38.430767,-0.554515,86.836586,50.40715,0.191442,8.784575,10.190492,302.337341,71.426994
0.843384,-0.383444,-0.376397,0.525067,0.736851,0.425858,0.114056,-0.556795,0.822782,60.038979,-0.112918,0.52987,-0.840528,38.443981,159.323303,282.147888,1.054676,0.0,-0.522228,-0.751322,-0.403477,-7.406945,341.068604,10.641357,-15.508018,-73.943207,-42.538204,86.836586,57.637531,0.0,8.880069,9.054439,302.795746,70.137276
0.851043,-0.37469,-0.367876,0.509262,0.759712,0.40434,0.127978,-0.531456,0.837362,60.038979,-0.159832,0.48086,-0.862107,43.218216,163.462402,286.110657,0.681825,0.0,-0.499972,-0.792465,-0.349323,-9.216781,335.08844,9.618879,-19.313602,-21.055689,-1.413711,86.836586,55.410961,0.003362,8.975475,10.241505,300.405579,70.342995
0.832177,-0.432231,-0.347358,0.542149,0.765737,0.346007,0.116431,-0.476259,0.871563,60.038979,-0.122621,0.519725,-0.845488,37.91328,180.872543,292.560944,1.086094,0.0,-0.54734,-0.746061,-0.379226,-9.151233,340.598206,7.876548,32.555092,106.871071,-2.866549,86.836586,54.084839,0.152206,9.070782,7.912009,303.592773,67.980782
0.870124,-0.344632,-0.352297,0.471597,0.789826,0.392137,0.14311,-0.50735,0.849774,60.038979,-0.154663,0.491487,-0.857041,46.368504,171.232635,289.456451,0.334151,0.0,-0.468478,-0.800236,-0.374368,-9.806674,336.789124,9.761894,-3.439166,-39.134224,-16.296675,86.836586,54.78933,0.0,9.166184,9.492518,301.964264,70.490746
0.918427,-0.234677,-0.318463,0.368362,0.800841,0.47219,0.144226,-0.550981,0.82196,60.038979,-0.129501,0.497225,-0.857902,46.515297,161.816666,280.395142,0.973219,0.0,-0.361832,-0.829225,-0.425986,-8.352762,338.663483,7.394096,24.315079,63.213329,12.886501,86.836586,56.385441,0.00478,9.278974,9.351823,303.790955,68.596268
0.895557,-0.347376,-0.278041,0.439681,0.786751,0.433249,0.068248,-0.510248,0.857315,60.038979,-0.123377,0.546658,-0.828217,25.58882,173.588196,288.425262,1.229233,0.0,-0.441844,-0.777563,-0.447404,-8.617471,343.194092,8.060431,-0.494677,43.445,11.502913,86.836586,54.292065,0.109951,9.374442,8.002896,305.066528,67.516312
0.879241,-0.354922,-0.317751,0.465006,0.784305,0.410652,0.103465,-0.508818,0.854634,60.038979,-0.117958,0.59907,-0.79196,34.786373,171.513977,286.385956,1.334787,0.0,-0.477525,-0.733481,-0.48371,-8.541295,344.245758,9.072866,-5.792609,20.214588,-13.534437,86.836586,54.801163,0.103051,9.46985,8.126034,302.623932,66.167892
0.896758,-0.311024,-0.314785,0.431822,0.770518,0.468862,0.09672,-0.556387,0.825275,60.038979,-0.113326,0.573507,-0.811324,31.678228,159.402206,279.942719,0.938048,0.0,-0.43328,-0.763374,-0.479092,-9.540312,342.987091,9.069803,0.844008,-92.752991,18.652559,86.836586,47.908062,0.106367,9.565131,6.755862,302.769287,67.28965
0.85868,-0.347057,-0.37712,0.492212,0.763481,0.41812,0.142812,-0.544654,0.826412,60.038979,-0.117579,0.542805,-0.831588,43.891434,158.085983,281.671112,0.642823,0.0,-0.493271,-0.75871,-0.425491,-9.955011,337.105011,9.6214,-10.985458,0.569127,-6.715714,86.836586,52.853474,0.223914,9.660581,7.092263,298.429993,68.725197
0.837827,-0.387985,-0.384075,0.526276,0.761078,0.379202,0.145187,-0.519835,0.841839,60.038979,-0.126652,0.540768,-0.831582,45.972614,164.038406,285.757477,1.190946,0.0,-0.530254,-0.745411,-0.403973,-9.052359,336.550934,9.838179,34.335236,-18.267067,8.161566,86.836586,52.535034,0.237627,9.755898,8.561589,297.987122,68.836426
0.8753,-0.384278,-0.293566,0.457801,0.854041,0.247047,0.155783,-0.350635,0.923465,60.038979,-0.056284,0.680077,-0.730977,49.829479,205.465073,300.409698,2.580001,1.0,-0.516453,-0.646409,-0.561633,-3.787323,341.550507,7.895237,7.884623,55.093334,30.317314,86.836586,33.800774,0.843355,9.851258,9.688074,295.815033,62.455639
0.841382,-0.400033,-0.363386,0.517005,0.79164,0.325596,0.157422,-0.461823,0.872891,60.038979,0.032731,0.759203,-0.65003,49.708618,171.313705,293.3591,3.051843,0.560118,-0.551256,-0.528795,-0.645363,1.179901,342.88858,19.145079,50.372387,-40.858086,87.341919,86.836586,39.721123,0.564791,9.946623,9.144934,290.314087,68.436722
0.802348,-0.393771,-0.448534,0.570866,0.725639,0.384135,0.174212,-0.564263,0.807005,60.038979,0.022687,0.734309,-0.678436,51.51688,144.329269,279.070435,3.141593,1.0,-0.588849,-0.538593,-0.602639,-2.087864,341.881256,21.259714,-43.403057,37.107197,12.348974,86.836586,13.856601,1.0,10.042067,6.626629,289.72583,71.125061
0.821778,-0.401676,-0.404151,0.548896,0.748426,0.372252,0.152953,-0.527745,0.835518,60.038979,-0.008262,0.736897,-0.675954,45.373379,159.869888,283.50708,3.141593,1.0,-0.577081,-0.555566,-0.598602,-4.465345,347.528259,18.281109,-15.873111,64.318825,-77.526474,86.836586,20.876717,0.990858,10.137473,5.961238,295.856842,68.214691
0.84557,-0.404363,-0.34857,0.517629,0.780773,0.349934,0.130654,-0.476324,0.869508,60.038979,-0.043005,0.653215,-0.755951,40.653675,174.614304,290.801422,2.373437,0.724982,-0.540876,-0.651399,-0.532102,-5.371276,342.85553,11.509533,-42.44862,-162.263947,-48.213615,86.836586,16.068092,1.0,10.232861,6.987379,297.351257,66.750526
0.842487,-0.339519,-0.418261,0.515248,0.7345,0.441621,0.157274,-0.587569,0.793743,60.038979,-0.114153,0.503597,-0.856364,49.356438,144.27594,273.372345,0.533357,0.0,-0.508734,-0.770034,-0.385016,-8.159206,332.570465,8.592432,-12.665126,-58.672638,-31.050436,86.836586,64.022179,0.0,10.345758,8.830902,295.677917,68.84433
0.844559,-0.345106,-0.409416,0.516134,0.728248,0.450844,0.142568,-0.592078,0.79317,60.038979,-0.143789,0.474995,-0.868162,46.568497,137.535217,271.194885,0.146662,0.0,-0.502535,-0.790794,-0.349433,-8.810282,325.151031,6.032001,7.537944,-62.082069,-17.988691,86.836586,64.292618,0.0,10.441072,9.832254,290.099091,66.814606
0.826881,-0.376208,-0.418013,0.538147,0.745147,0.393895,0.163295,-0.550657,0.818604,60.038979,-0.125812,0.45529,-0.881409,51.685223,148.820801,277.368439,0.100665,0.0,-0.53015,-0.78182,-0.328174,-8.146583,324.437592,4.575684,-6.284105,6.376688,-26.573343,86.836586,61.923164,0.0,10.536355,9.608111,290.711426,66.434464
0.773844,-0.484316,-0.408171,0.619146,0.714269,0.326311,0.133506,-0.505231,0.852595,60.038979,-0.160691,0.469284,-0.868303,44.589344,158.592804,284.751343,0.303423,0.0,-0.612186,-0.737459,-0.285275,-9.282469,323.503387,4.34425,25.22382,2.381432,24.735575,86.836586,60.36459,0.0,10.631776,10.188054,288.778442,65.058769
0.733383,-0.545153,-0.406149,0.669514,0.682808,0.292443,0.117896,-0.486396,0.865748,60.038979,-0.149219,0.414989,-0.897506,41.672623,167.927017,292.122955,1.285802,0.0,-0.659787,-0.717844,-0.222221,-7.229869,325.051636,6.452902,20.041061,9.584147,14.823098,86.836586,60.930019,0.0,10.727122,11.293712,293.259216,69.041031
0.800321,-0.448417,-0.398006,0.588175,0.715989,0.376045,0.116343,-0.535054,0.836769,60.038979,-0.131507,0.425495,-0.895355,42.649399,156.058655,286.221222,1.532876,0.0,-0.577254,-0.767139,-0.279779,-4.908731,326.106171,7.943634,43.325119,-9.588231,2.44901,86.836586,63.286049,0.0,10.822605,12.670803,293.928894,70.606598
0.812982,-0.436328,-0.385587,0.569812,0.732484,0.372533,0.11989,-0.522575,0.844122,60.038979,-0.110195,0.487215,-0.866302,42.919849,159.657684,284.276825,1.556455,0.0,-0.566889,-0.746744,-0.347865,-4.300124,330.046448,5.662854,-5.063088,66.098206,-18.93825,86.836586,59.938087,0.0,10.917884,12.02709,294.312378,66.767456
0.781409,-0.484527,-0.393234,0.613599,0.711284,0.342888,0.113562,-0.509223,0.853109,60.038979,-0.124052,0.48013,-0.868381,41.593731,165.151474,286.391754,0.812703,0.0,-0.609903,-0.727205,-0.314946,-4.719563,331.878632,5.556514,-52.219978,0.361265,-45.879211,86.836586,56.268448,0.0,11.013306,12.331479,296.365723,66.566559
0.813269,-0.441355,-0.37921,0.572685,0.722543,0.387252,0.10308,-0.532108,0.840379,60.038979,-0.133523,0.501731,-0.854656,38.521515,154.775497,281.210236,0.420702,0.0,-0.567261,-0.745829,-0.34922,-5.610579,328.514557,4.500616,-3.045988,-31.8895,-1.547872,86.836586,52.826595,0.0,11.108841,11.960357,291.886505,64.665428
0.813165,-0.433271,-0.388638,0.573585,0.709896,0.408715,0.098808,-0.55527,0.82578,60.038979,-0.128664,0.479258,-0.868192,37.546894,147.963425,278.205536,0.382495,0.0,-0.56442,-0.755229,-0.333255,-5.15016,326.55484,4.502627,1.132334,3.219555,-4.973198,86.836586,55.341858,0.0,11.204091,12.086451,291.042786,65.422447
0.880239,-0.319426,-0.350922,0.45426,0.781047,0.428501,0.137212,-0.536593,0.83261,60.038979,-0.099915,0.499304,-0.860646,47.993282,153.583221,277.943695,0.822894,0.0,-0.451974,-0.79336,-0.407797,-3.269159,327.526123,2.123957,23.405903,66.975143,-34.462566,86.836586,58.911724,0.0,11.299506,12.637025,291.850128,63.40052
0.840555,-0.415324,-0.347812,0.526014,0.779245,0.340715,0.129524,-0.469344,0.873465,60.038979,-0.059558,0.583803,-0.809708,44.302258,171.223495,285.611816,1.576759,0.0,-0.540744,-0.700694,-0.465429,-2.429865,333.227692,2.097962,10.506971,50.738815,8.180256,86.836586,47.225307,0.162494,11.412317,10.927204,292.161743,60.541546
0.831186,-0.416896,-0.367868,0.538811,0.767198,0.34798,0.137156,-0.487448,0.862312,60.038979,-0.043025,0.636209,-0.770316,46.857094,162.806625,281.390778,1.766204,0.0,-0.558205,-0.654766,-0.509598,-0.897411,333.105255,3.272198,16.991663,-8.947405,-2.349303,86.836586,48.634052,0.111395,11.507645,11.515381,288.409943,59.194126
0.859997,-0.38493,-0.335014,0.49599,0.784903,0.371378,0.119998,-0.485548,0.865935,60.038979,-0.044182,0.615043,-0.787255,42.333946,164.358414,280.934113,1.160914,0.0,-0.510733,-0.691168,-0.511311,-0.913757,332.464203,0.531074,-25.799417,-35.19429,-25.26836,86.836586,51.575867,0.0,11.603097,11.41331,289.472076,57.803955
0.906134,-0.270039,-0.325575,0.397484,0.806834,0.437064,0.144661,-0.52545,0.838437,60.038979,-0.060762,0.577518,-0.814114,48.125782,152.574905,277.07782,0.49627,0.0,-0.404206,-0.759989,-0.508954,-2.706994,328.151398,1.958886,-11.920088,-17.887215,12.534202,86.836586,60.874687,0.0,11.698365,10.850204,287.970306,61.033405
0.904447,-0.252262,-0.344004,0.395962,0.796476,0.45699,0.15871,-0.549536,0.820257,60.038979,-0.080138,0.525696,-0.846889,51.735729,149.799454,274.501251,0.347546,0.0,-0.395958,-0.796501,-0.45695,-4.041047,328.475128,2.392136,-16.673365,-28.613178,-1.346292,86.836586,50.501011,0.0,11.793917,10.840149,291.401306,63.141247
0.914046,-0.221786,-0.339604,0.364138,0.817508,0.446188,0.178671,-0.531499,0.828001,60.038979,-0.108085,0.513341,-0.851351,58.230686,152.793747,274.865021,0.264705,0.0,-0.364186,-0.817282,-0.446562,-4.567127,325.514893,0.474872,1.85479,-33.075794,-5.51042,86.836586,52.409134,0.0,11.889249,12.191669,289.747864,61.509548
0.918756,-0.202525,-0.338926,0.34033,0.841402,0.419784,0.200157,-0.501026,0.841968,60.038979,-0.096591,0.525135,-0.84552,63.920906,160.29686,278.148987,0.226005,0.0,-0.346055,-0.814213,-0.466158,-3.910988,325.497467,0.175243,1.544029,9.030724,-9.494187,86.836586,50.135715,0.0,12.001943,12.345509,289.398804,61.194519
0.907811,-0.266235,-0.324033,0.376995,0.856547,0.352425,0.183722,-0.442094,0.877952,60.038979,-0.055021,0.542448,-0.838286,58.752567,176.233383,285.759583,0.306455,0.0,-0.389479,-0.784712,-0.482217,-2.187088,327.235718,-1.557072,20.982906,10.088621,6.787177,86.836586,58.753399,0.0,12.097244,11.412011,290.150024,59.533047
0.88544,-0.321502,-0.335608,0.436941,0.821923,0.365411,0.158363,-0.47019,0.868241,60.038979,-0.044876,0.567125,-0.822408,52.724113,165.961533,285.394531,0.62092,0.0,-0.448297,-0.747125,-0.490748,-0.838983,326.510803,1.87875,12.823237,26.016787,19.271009,86.836586,39.995338,0.557789,12.192621,11.917784,287.118011,61.670315
0.890439,-0.254121,-0.377546,0.420065,0.778129,0.46697,0.175112,-0.574402,0.799623,60.038979,-0.046124,0.555305,-0.830367,58.406731,139.122864,269.206268,0.958542,0.0,-0.421348,-0.764503,-0.487854,0.296041,326.649658,3.479221,4.635553,40.258026,11.358691,86.836586,40.196873,0.219624,12.288099,13.284581,287.132202,63.163059
0.911273,-0.229304,-0.342054,0.369369,0.822373,0.432747,0.182066,-0.520695,0.834104,60.038979,-0.040876,0.574777,-0.817289,60.280785,153.663834,277.013062,1.237325,0.0,-0.37565,-0.766802,-0.520483,0.671713,327.696411,2.548608,-3.709269,-33.720196,-35.461937,86.836586,52.953461,0.0,12.383414,13.366957,287.834076,62.085102
0.916125,-0.219429,-0.335509,0.353199,0.837689,0.416566,0.189646,-0.500128,0.84493,60.038979,-0.046964,0.581986,-0.811841,62.755135,157.096237,277.491302,1.127255,0.0,-0.362644,-0.76722,-0.52902,0.754407,325.950287,0.415044,3.645986,-11.389029,-18.617491,86.836586,48.401852,0.0,12.496186,13.888159,285.966827,59.773663
0.8683,-0.35261,-0.348886,0.477339,0.785265,0.394343,0.134919,-0.508945,0.85016,60.038979,-0.035338,0.579629,-0.814114,48.263229,152.18483,277.906219,0.592755,0.0,-0.484827,-0.722284,-0.493203,1.56209,324.208038,-0.106371,5.321883,-6.743599,-3.75047,86.836586,43.424683,0.363929,12.591543,13.497908,283.327332,58.840954
-0.146601,-0.782582,-0.605041,0.938312,0.083632,-0.335525,0.313176,-0.616905,0.722045,60.038979,-0.105735,0.822201,-0.559291,110.109856,20.017324,312.747559,0.076516,0.0,-0.966957,0.046197,0.250718,17.284742,240.712631,91.258057,207.15419,807.316345,107.338402,86.836586,68.339996,0.0,0.017279,29.412062,178.978516,126.694366
-0.438696,-0.736368,-0.515081,0.846928,-0.14717,-0.510935,0.300432,-0.660381,0.688213,60.038979,-0.152043,0.803303,-0.575836,105.474625,34.619198,294.526306,0.24258,0.0,-0.855062,0.185312,0.484282,15.610224,266.254181,81.184319,-35.222794,262.840179,-211.002838,86.836586,72.526093,0.0,0.112641,28.060732,204.783157,117.190773
0.820981,-0.333715,-0.463276,0.548952,0.684447,0.479776,0.156979,-0.648203,0.745111,60.038979,-0.039869,0.533491,-0.844866,54.64333,111.971344,254.135223,1.401323,0.23815,-0.547533,-0.718956,-0.428147,1.76277,319.003876,2.702733,67.212784,-14.925385,-59.131977,86.836586,52.925236,0.14152,0.20801,14.193623,278.997223,62.13847
0.8336,-0.411557,-0.368418,0.538326,0.754744,0.374923,0.123759,-0.510865,0.850706,60.038979,-0.061125,0.530923,-0.845213,46.866188,146.619339,278.006287,1.262097,0.078647,-0.542141,-0.728656,-0.418501,1.588048,316.504517,-1.554682,-30.235775,63.636871,-62.087738,86.836586,51.694145,0.161171,0.30345,14.976612,278.256531,58.800243
0.785978,-0.498806,-0.365282,0.610536,0.719275,0.331495,0.097387,-0.483565,0.869874,60.038979,-0.101296,0.458078,-0.883122,39.870209,157.663681,285.063965,0.684241,0.0,-0.608184,-0.731009,-0.309416,-0.727283,316.245667,-1.37307,-38.838467,-35.669765,6.428414,86.836586,52.202793,0.113991,0.398912,14.775994,282.266571,60.918964
0.787292,-0.473641,-0.39476,0.603477,0.723216,0.335819,0.126439,-0.502616,0.855214,60.038979,-0.104802,0.503554,-0.857584,47.234058,149.383453,280.121033,0.409604,0.0,-0.604883,-0.71676,-0.346945,-1.367067,315.771301,-0.764981,-15.075985,-5.102048,7.088302,86.836586,52.527058,0.075628,0.494446,14.653911,278.895264,59.753616
0.831911,-0.408147,-0.375952,0.538109,0.758808,0.366946,0.135507,-0.50757,0.850888,60.038979,-0.152593,0.469934,-0.869412,50.833065,148.254913,281.908295,0.961841,0.0,-0.531839,-0.780518,-0.32854,-3.170437,313.120026,1.444578,-15.857467,-39.559864,42.730534,86.836586,54.313366,0.069113,0.589622,15.916137,279.04306,62.655376
0.830138,-0.427057,-0.358458,0.547872,0.744103,0.382292,0.103469,-0.513745,0.851681,60.038979,-0.177892,0.481257,-0.858339,41.976685,145.73941,281.352936,1.114519,0.0,-0.53709,-0.778359,-0.325101,-4.967698,312.908356,1.568713,-0.538101,12.379577,-1.284017,86.836586,58.080673,0.0,0.685137,15.315181,278.118774,61.895771
0.804111,-0.420001,-0.420718,0.56744,0.753278,0.332543,0.177249,-0.506134,0.844045,60.038979,-0.152882,0.476181,-0.865956,61.371727,149.221603,280.639496,1.373453,0.0,-0.565063,-0.761005,-0.318709,-3.811096,314.374786,2.383451,13.075143,64.530228,-3.349589,86.836586,47.402409,0.105598,0.780456,15.698946,279.639801,63.150024
0.791858,-0.492414,-0.361234,0.599552,0.739347,0.306437,0.116183,-0.459233,0.880685,60.038979,-0.119181,0.503286,-0.855862,44.382927,159.247345,287.163239,1.20917,0.0,-0.604572,-0.720562,-0.339535,-2.345244,313.940216,-0.340458,28.669582,-28.964073,-51.148689,86.836586,57.152328,0.0,0.876017,14.44547,277.580383,60.232365
0.807629,-0.439066,-0.393646,0.575345,0.733057,0.362775,0.129283,-0.519469,0.844652,60.038979,-0.081,0.536146,-0.84023,46.852905,144.157288,275.466705,0.668398,0.0,-0.579217,-0.711365,-0.39808,-1.091456,316.898926,-1.815381,-2.233962,29.629604,-7.339417,86.836586,52.331238,0.171512,0.988669,13.539835,278.011719,57.820644
0.825903,-0.428904,-0.365957,0.547641,0.7646,0.339818,0.134061,-0.48107,0.866371,60.038979,-0.077306,0.566801,-0.820219,48.030479,154.208817,280.977386,1.050251,0.0,-0.559866,-0.705403,-0.434691,-0.989488,318.384521,-1.033434,12.916209,10.208023,-4.509907,86.836586,44.589344,0.440496,1.083949,13.486226,278.168762,57.734909
0.802631,-0.477663,-0.357241,0.585596,0.744901,0.319689,0.113406,-0.465791,0.877598,60.038979,-0.091885,0.551195,-0.829301,42.740639,158.087662,284.653381,0.594636,0.0,-0.596529,-0.697314,-0.397375,-1.594838,317.470123,-0.615472,-5.343441,-103.431961,8.991041,86.836586,56.074383,0.02147,1.179391,13.518753,278.110565,58.518101
0.841588,-0.402761,-0.35988,0.527964,0.754005,0.390809,0.113948,-0.518903,0.847204,60.038979,-0.044802,0.573286,-0.818129,41.885021,141.479553,278.018311,1.148739,0.0,-0.534059,-0.705847,-0.465361,0.232836,316.118622,0.908016,6.526944,27.738007,-8.217868,86.836586,56.21714,0.040828,1.27477,12.523347,275.18811,59.714649
0.841406,-0.397563,-0.366032,0.528733,0.74564,0.405539,0.111701,-0.534756,0.837591,60.038979,-0.063332,0.557555,-0.827721,42.028366,139.846237,275.055634,0.981577,0.0,-0.53226,-0.720453,-0.444574,-0.158621,317.665863,0.059651,-6.533967,64.998497,-18.600613,86.836586,53.221676,0.121567,1.37019,13.24577,277.63974,59.229107
0.818915,-0.447459,-0.359386,0.566718,0.729326,0.383295,0.090601,-0.517556,0.850839,60.038979,-0.041641,0.567011,-0.822657,34.705917,147.070206,278.440979,1.159557,0.0,-0.571418,-0.688937,-0.445922,-0.467925,321.283569,0.271476,-48.152008,-32.485817,-26.897718,86.836586,50.294174,0.277313,1.465527,11.36029,280.431763,59.200779
0.833907,-0.373031,-0.406752,0.530494,0.745061,0.404304,0.152237,-0.552931,0.819202,60.038979,-0.083234,0.51548,-0.85285,52.319988,136.937775,270.400635,0.704433,0.0,-0.530092,-0.747596,-0.400128,-1.950739,316.966278,-1.097777,1.070597,-50.247959,-21.178907,86.836586,55.600998,0.074156,1.560879,13.092241,279.414429,59.312595
0.89786,-0.287632,-0.333339,0.41968,0.787999,0.450473,0.133101,-0.544357,0.828227,60.038979,-0.08043,0.567023,-0.819766,48.029823,138.044037,269.766479,1.013086,0.0,-0.423607,-0.763909,-0.486826,-0.923924,318.084747,-2.699605,10.598071,46.113922,-7.416581,86.836586,50.966423,0.174136,1.656237,13.7331,278.311432,56.352848
0.888488,-0.31129,-0.337177,0.444374,0.767024,0.462824,0.11455,-0.561046,0.81982,60.038979,-0.06714,0.570324,-0.818671,43.022919,135.987213,267.28717,1.330584,0.0,-0.446486,-0.750956,-0.486534,-0.158989,320.936584,-2.830096,-12.569029,-9.942106,19.568403,86.836586,42.956749,0.297648,1.751797,13.506168,280.554962,56.039677
0.878248,-0.319454,-0.35585,0.467515,0.730042,0.498466,0.100549,-0.604142,0.790508,60.038979,-0.074069,0.62241,-0.779179,39.186321,121.707375,259.914276,1.532131,0.0,-0.470069,-0.710871,-0.523161,-0.676233,321.551514,0.238329,-2.390666,49.57468,47.357792,86.836586,37.039406,0.339636,1.847141,13.277277,277.379822,56.219917
0.864511,-0.281307,-0.416518,0.479826,0.708622,0.517322,0.149627,-0.647086,0.74759,60.038979,-0.063476,0.665463,-0.743727,50.401131,108.242302,248.700378,1.600457,0.0,-0.484173,-0.672186,-0.560127,-1.96857,322.406464,2.695872,-11.723867,-9.520361,1.894451,86.836586,39.051056,0.214658,1.9425,11.845871,274.980499,56.064846
0.906625,-0.22746,-0.355378,0.398642,0.737753,0.544799,0.138261,-0.635596,0.75954,60.038979,-0.096089,0.628108,-0.77217,49.190907,115.103111,251.734375,1.310852,0.0,-0.399069,-0.734992,-0.548206,-2.082629,323.106812,0.511654,-20.383606,-13.882419,-12.280431,86.836586,48.508827,0.0,2.055248,13.564351,278.880646,56.019669
0.914933,-0.177951,-0.36226,0.371348,0.722764,0.582849,0.15811,-0.667792,0.727362,60.038979,-0.110505,0.609668,-0.784916,55.400627,101.489189,242.962631,0.646223,0.0,-0.365566,-0.759322,-0.538323,-2.037538,316.687653,-0.503473,16.395304,-41.352215,-0.712159,86.836586,52.4212,0.0,2.15069,14.659602,273.562653,55.539391
0.919782,-0.165327,-0.355904,0.356245,0.732146,0.580562,0.164591,-0.660779,0.732312,60.038979,-0.109104,0.601397,-0.791466,58.680294,103.651794,244.499878,0.863685,0.0,-0.350503,-0.768354,-0.535518,-0.38994,316.362366,-0.77705,23.142054,1.303274,-17.760574,86.836586,51.784241,0.0,2.245963,16.269249,273.918335,55.801205
0.918228,-0.20029,-0.341674,0.367442,0.752754,0.546212,0.147795,-0.627092,0.764795,60.038979,-0.084735,0.626638,-0.77469,54.012707,111.201607,251.034225,1.263277,0.0,-0.368974,-0.741948,-0.559795,0.910292,316.685913,-2.002495,17.856384,-1.405344,-7.77289,86.836586,53.897396,0.0,2.341481,15.929536,272.787842,53.965359
0.924513,-0.187584,-0.331796,0.346881,0.774841,0.528483,0.157954,-0.603683,0.78142,60.038979,-0.073933,0.621249,-0.780118,55.644165,118.218803,254.934952,1.267882,0.0,-0.350424,-0.748559,-0.562906,0.503812,317.026001,-3.065166,-8.453287,9.285836,-21.651941,86.836586,53.101513,0.0,2.436737,14.943205,273.773071,53.582321
0.902799,-0.247009,-0.352053,0.405848,0.760141,0.507418,0.142273,-0.600976,0.786503,60.038979,-0.094226,0.619344,-0.779445,52.036495,118.708252,257.455353,0.588891,0.0,-0.40962,-0.737705,-0.536659,-0.20784,316.978394,-1.382656,-8.036055,-7.25845,10.886042,86.836586,48.00013,0.0,2.532113,15.37627,273.564972,54.793049
0.885353,-0.286077,-0.366483,0.437411,0.779671,0.448091,0.157548,-0.557022,0.815417,60.038979,-0.084202,0.618531,-0.781236,54.332649,130.531723,265.946838,0.600305,0.0,-0.447479,-0.72399,-0.524977,-1.419602,317.307465,-0.612501,-8.408293,-0.75749,2.305257,86.836586,53.72393,0.011542,2.630558,13.736463,274.062622,55.833965
0.877454,-0.314844,-0.361867,0.459802,0.766935,0.447652,0.136588,-0.559182,0.817716,60.038979,-0.089244,0.59454,-0.799098,48.790638,131.015671,266.643219,0.611827,0.0,-0.465672,-0.734118,-0.494187,-1.657695,316.99939,-1.462864,-1.937886,-15.233593,-18.434601,86.836586,63.538689,0.0,2.722872,13.595235,275.102966,55.93795
0.891596,-0.282247,-0.354108,0.417752,0.814458,0.402668,0.174754,-0.506947,0.844077,60.038979,-0.107185,0.545928,-0.830947,59.065849,146.928864,270.653595,0.251808,0.0,-0.425655,-0.780493,-0.457874,-2.687495,315.549805,-6.533748,-6.429862,-18.725595,-63.122154,86.836586,52.827503,0.0,2.818285,14.035941,277.55661,53.155834
0.897911,-0.289244,-0.331805,0.406661,0.833606,0.373802,0.168474,-0.470573,0.866128,60.038979,-0.126968,0.550325,-0.82524,59.080864,153.427933,274.998993,0.173132,0.0,-0.42124,-0.783139,-0.457439,-2.192538,312.457001,-7.639966,14.890366,-20.056606,-7.38332,86.836586,51.636116,0.0,2.913697,15.669187,274.683044,51.819221
0.902923,-0.270813,-0.333753,0.392258,0.836627,0.382346,0.175683,-0.476146,0.861638,60.038979,-0.081427,0.544607,-0.834729,60.037766,153.650925,273.948425,0.240501,0.0,-0.402978,-0.783991,-0.472194,-0.375364,313.883331,-8.493911,29.187706,-49.500092,-0.384927,86.836586,56.765842,0.0,3.009248,14.768691,276.342072,51.92551
-0.293507,-0.788274,-0.540811,0.922936,-0.086259,-0.375164,0.249082,-0.609248,0.752845,60.038979,-0.083927,0.805728,-0.58631,93.463837,9.869655,315.646667,0.163415,0.0,-0.931549,0.145467,0.333251,20.216349,227.915451,84.219978,159.473221,496.829468,190.104431,86.836586,56.21917,0.0,0.034701,29.281507,166.857803,121.657173
-0.385513,-0.750336,-0.537005,0.876593,-0.116153,-0.467005,0.288036,-0.650772,0.702518,60.038979,-0.118599,0.77844,-0.616413,102.80117,27.982933,294.564728,0.40575,0.0,-0.891585,0.189758,0.411179,17.754,255.751312,74.67263,-25.160378,285.975891,-196.076065,86.836586,70.130623,0.0,0.147374,28.581326,195.670746,113.543198
