0.289016,-0.238814,-0.927059,0.460986,0.883436,-0.083861,0.839024,-0.403124,0.365417,60.407089,-0.905902,0.172565,-0.386733,294.568634,42.402225,115.956673,0.895546,0.0,-0.257221,-0.949672,0.178773,11.283436,158.633133,1.868336,19.580101,3.685057,-43.479893,86.469307,68.743179,0.0,1.370108,79.300827,145.831482,22.201792
0.31291,-0.25423,-0.915125,0.459163,0.883927,-0.08856,0.831418,-0.392481,0.393322,60.317307,-0.884969,0.244705,-0.396168,290.736542,42.885624,121.910149,1.599629,0.274485,-0.325967,-0.933117,0.151783,10.574895,160.785751,-0.285998,-31.262909,118.865791,-78.282616,86.469307,62.138668,0.0,1.396042,77.40667,143.590439,20.989305
0.369981,-0.189048,-0.909602,0.411238,0.911259,-0.022121,0.833065,-0.365878,0.414892,60.317307,-0.861433,0.312896,-0.400037,287.230347,48.540222,126.934319,2.806593,1.0,-0.35997,-0.931814,0.046318,7.798934,162.952866,-1.596919,-145.605591,125.815735,28.881155,86.469307,20.617001,1.0,1.422075,73.477943,142.419312,20.479006
0.412902,0.054001,-0.909173,0.292096,0.937659,0.188349,0.862665,-0.343336,0.371388,60.317307,-0.861491,0.354151,-0.363883,295.64563,54.994835,117.016586,3.141593,1.0,-0.302368,-0.933511,-0.192692,8.196488,164.184662,1.314221,81.785614,-17.757378,56.996204,86.469307,15.548585,0.83416,1.448076,74.298203,143.089798,21.723825
0.362039,0.122269,-0.924109,0.287957,0.928204,0.235624,0.886572,-0.351408,0.300837,60.317307,-0.841712,0.370863,-0.392404,304.345367,49.216496,100.264923,3.141593,1.0,-0.295882,-0.924759,-0.239323,11.421338,161.422699,1.263721,-5.2994,-67.428673,-24.526663,86.469307,12.480399,0.658088,1.474119,76.863976,139.382751,23.074392
0.299006,0.068589,-0.951783,0.302966,0.938985,0.162845,0.90488,-0.337049,0.259982,60.317307,-0.828379,0.376071,-0.41516,309.433136,48.820778,91.159485,3.141593,1.0,-0.331782,-0.926546,-0.177294,12.252978,158.07962,1.926376,-12.867697,-127.514786,27.236517,86.469307,10.177342,0.770981,1.500148,77.254143,135.302658,24.45186
0.290395,-0.004441,-0.956896,0.302731,0.949054,0.087467,0.907758,-0.315082,0.276945,60.317307,-0.838369,0.336271,-0.429021,310.160431,53.980587,96.282875,3.141593,1.0,-0.326175,-0.940065,-0.099438,11.732208,155.342026,2.030615,-23.931961,-91.263329,-9.518553,86.469307,8.954081,0.783999,1.52623,77.242928,134.826141,25.2227
0.311334,-0.001901,-0.950299,0.285489,0.953992,0.091622,0.906403,-0.299825,0.297553,60.317307,-0.845956,0.328697,-0.419901,309.141174,57.996918,100.6092,3.141593,1.0,-0.314083,-0.943483,-0.105787,10.718942,154.695709,1.427162,-46.948204,26.40057,-31.531204,86.469307,8.560437,0.751149,1.55207,76.57122,134.927643,24.261414
0.328209,0.069064,-0.942077,0.253643,0.954253,0.158322,0.909915,-0.290914,0.295677,60.317307,-0.851299,0.364504,-0.377396,307.936127,60.981735,97.297119,3.141593,1.0,-0.31589,-0.930378,-0.186038,8.33624,156.967957,0.950231,-120.219818,138.053253,10.309852,86.469307,9.038615,0.698793,1.578138,74.465279,135.625977,21.430752
0.315249,-0.040697,-0.948136,0.248176,0.967848,0.040974,0.915984,-0.248221,0.315213,60.317307,-0.880509,0.328436,-0.34181,307.492584,76.588188,100.603394,3.141593,1.0,-0.324511,-0.943258,-0.070404,4.986295,159.539261,1.932826,-61.468685,86.09446,4.422074,86.469307,6.389588,0.883852,1.604192,72.464325,140.278152,19.724394
0.319762,-0.247891,-0.914496,0.294757,0.943303,-0.152635,0.900484,-0.220748,0.3747,60.317307,-0.916782,0.255471,-0.306993,302.58606,81.74572,111.776283,2.350354,0.87423,-0.310956,-0.938948,0.14725,2.730778,154.202484,0.293694,-45.220856,-494.669525,-115.967285,86.469307,15.658909,1.0,1.630304,71.535049,138.386383,15.633778
0.387193,-0.361064,-0.84836,0.348148,0.909267,-0.228091,0.853741,-0.20704,0.477766,60.317307,-0.920498,0.169578,-0.352032,293.051666,81.898438,140.47641,0.923431,0.0,-0.270001,-0.927282,0.25932,5.342827,146.210907,-1.136798,101.201958,-218.069901,1.180393,86.469307,68.586334,0.0,1.656284,73.993996,135.021866,17.888687
0.398074,-0.361228,-0.843239,0.41351,0.891182,-0.186557,0.818869,-0.274424,0.504127,60.451744,-0.921552,0.089862,-0.377712,286.130005,65.473213,150.549942,0.300595,0.0,-0.206636,-0.937138,0.281202,7.509063,142.858109,0.245215,48.620834,-113.984451,52.506104,86.461075,73.260155,0.0,1.682199,76.027077,135.884109,21.202562
0.357331,-0.302131,-0.88376,0.468812,0.876414,-0.110065,0.807793,-0.374987,0.454813,60.319077,-0.916243,0.05355,-0.397028,283.44812,41.261269,138.218216,0.253997,0.0,-0.168241,-0.950836,0.260012,7.932372,142.975098,-0.256787,3.713731,32.079166,-23.685379,86.44635,77.727089,0.0,1.708184,76.223801,137.45726,21.544447
0.289966,-0.231488,-0.928619,0.490587,0.869078,-0.063457,0.821732,-0.437168,0.365569,60.075642,-0.91124,0.069741,-0.405927,286.40213,24.60998,114.936531,0.083958,0.0,-0.173613,-0.958765,0.225009,7.372288,143.671188,-0.372793,-16.469786,31.997028,34.658279,86.428062,78.858223,0.0,1.734232,75.642242,136.736008,21.17461
0.233249,-0.203247,-0.950939,0.475545,0.876841,-0.070767,0.848205,-0.435708,0.301175,59.733105,-0.911593,0.104512,-0.397587,292.937317,23.473827,97.332451,0.0,0.0,-0.199632,-0.957995,0.205895,6.934155,144.189697,-0.247262,-17.146061,17.894642,-7.386575,86.407379,78.860397,0.0,1.760291,75.439293,135.198715,20.104698
0.210188,-0.22019,-0.952543,0.455053,0.884368,-0.104019,0.865302,-0.411594,0.286082,59.518436,-0.912322,0.128955,-0.388637,296.651855,28.640701,92.203117,0.0,0.0,-0.225004,-0.950862,0.212685,6.201725,144.515091,-0.7031,-39.558475,24.108183,-25.605381,86.387466,80.367714,0.0,1.786289,74.821136,134.157837,18.862612
0.204093,-0.247932,-0.947035,0.464971,0.875863,-0.129095,0.86148,-0.413996,0.294039,59.398933,-0.909024,0.141461,-0.392001,295.141846,28.773119,94.109138,0.122058,0.0,-0.247115,-0.940386,0.233685,5.962766,146.26767,-1.058287,9.208923,65.07338,-3.939953,86.362984,80.036636,0.0,1.812259,74.349243,134.878021,18.748701
0.256094,-0.259361,-0.931208,0.463217,0.878451,-0.117277,0.848438,-0.401317,0.345106,59.490314,-0.887442,0.176738,-0.425687,290.921967,31.369881,107.986984,1.008148,0.0,-0.286635,-0.934873,0.209412,6.356367,147.612473,-2.979533,6.687201,43.616432,-124.038277,86.344498,78.729492,0.0,1.838294,73.539391,134.19339,19.565655
0.323078,-0.332621,-0.885993,0.454011,0.875908,-0.163279,0.830358,-0.349498,0.434,59.490314,-0.860952,0.230621,-0.453404,284.691742,44.413967,131.840805,1.678093,0.180212,-0.357498,-0.908405,0.216786,6.373294,150.533997,-4.560273,14.667771,33.280327,17.299812,86.344498,71.373802,0.16467,1.864311,71.941444,133.960739,20.643385
0.400569,-0.184124,-0.897576,0.388864,0.921166,-0.015421,0.829656,-0.342858,0.44059,59.490314,-0.829973,0.346978,-0.436751,281.125946,46.198002,131.938843,3.134156,1.0,-0.391865,-0.919918,0.013844,4.538313,156.443512,-5.755683,-61.485943,358.252289,-22.148005,86.344498,40.305248,0.780732,1.890347,68.555534,134.043457,19.05312
0.405443,0.085061,-0.910154,0.300275,0.928018,0.220493,0.863395,-0.362694,0.350717,59.490314,-0.804704,0.461514,-0.373437,292.609924,42.647274,109.064636,3.141593,1.0,-0.38633,-0.8847,-0.260874,8.190079,163.584183,-1.994697,235.259796,131.67688,103.636482,86.344498,20.925064,0.908145,1.916352,71.395134,135.574997,19.205683
0.345176,0.140842,-0.92791,0.315345,0.913794,0.256006,0.883975,-0.380979,0.271006,59.490314,-0.780086,0.490208,-0.388797,302.719879,35.022648,88.809151,3.141593,1.0,-0.39733,-0.868152,-0.297389,14.000504,162.604828,-2.254439,163.760468,-78.608727,-32.101871,86.344498,13.194925,0.818156,1.942329,76.232239,132.635132,19.373301
0.29687,0.045811,-0.953818,0.362537,0.918657,0.15696,0.883422,-0.392391,0.256113,59.490314,-0.782196,0.477577,-0.400111,302.429016,30.49732,86.047913,3.141593,1.0,-0.436642,-0.878305,-0.194743,13.843568,161.026642,-1.153299,-20.824492,6.289922,23.869701,86.344498,7.007513,0.838318,1.968372,76.082863,131.03392,20.427807
0.303003,-0.016409,-0.952848,0.365745,0.925287,0.100372,0.880011,-0.378913,0.286366,59.490314,-0.818926,0.429937,-0.38015,301.925964,36.004547,93.302773,3.141593,1.0,-0.415748,-0.901061,-0.123458,12.478771,160.14238,-0.267974,-46.668373,-58.660385,23.919266,86.344498,6.118498,0.734906,1.994382,76.453835,133.087738,19.931377
0.336082,-0.026645,-0.941456,0.345871,0.933249,0.097056,0.876026,-0.358241,0.322864,59.490314,-0.834167,0.409293,-0.369656,301.410553,42.122982,102.062218,3.141593,1.0,-0.394558,-0.911193,-0.118538,12.267823,159.360184,-0.525528,3.578959,-12.956082,-26.042686,86.344498,6.436314,0.703784,2.020369,76.959373,133.909805,19.339586
0.343984,-0.013963,-0.938872,0.331518,0.937302,0.107521,0.878505,-0.348238,0.327046,59.490314,-0.843543,0.402002,-0.356131,301.216187,46.008434,102.309776,3.141593,1.0,-0.381827,-0.915228,-0.128705,10.947408,159.972183,-0.572248,-85.614265,78.725464,30.120619,86.344498,4.360389,0.741383,2.046357,76.129906,135.23233,18.515661
0.302717,-0.108249,-0.946913,0.349941,0.936759,0.004784,0.886512,-0.332812,0.321454,59.490314,-0.830935,0.485874,-0.271059,296.941437,49.472702,98.182762,3.059217,1.0,-0.49203,-0.869162,-0.04965,5.662563,165.166061,2.586844,-268.294861,161.591324,123.064774,86.344498,14.821097,1.0,2.072389,69.803658,134.744156,15.821379
0.32397,-0.206386,-0.923281,0.342744,0.935223,-0.088791,0.881799,-0.287684,0.373722,59.490314,-0.866771,0.432579,-0.248161,294.848816,56.941032,107.991158,1.439548,0.0,-0.458866,-0.886667,0.057132,3.204707,157.779724,0.347711,141.109238,-403.840057,-141.321564,86.344498,71.655685,1.0,2.098454,68.918457,130.649918,12.23801
0.3323,-0.310503,-0.890598,0.431572,0.889663,-0.14915,0.838643,-0.334794,0.42964,59.490314,-0.876138,0.323623,-0.357282,290.516296,42.873829,127.074738,0.926129,0.0,-0.399503,-0.902224,0.162448,9.56903,150.353546,-2.066192,88.348915,-284.402527,-64.254303,86.344498,71.031197,0.0,2.124449,75.643181,128.653168,16.994585
0.298965,-0.319459,-0.899203,0.52791,0.840342,-0.12303,0.794941,-0.437917,0.419878,59.490314,-0.881933,0.24807,-0.400818,279.095856,15.334373,127.651978,0.218941,0.0,-0.352331,-0.911797,0.210926,9.236695,145.945755,-1.610201,-66.541374,-100.063377,0.064975,86.344498,73.066345,0.0,2.150468,75.419968,127.535271,20.072823
0.29194,-0.261962,-0.919862,0.559966,0.826507,-0.057658,0.775377,-0.498259,0.38798,59.490314,-0.887582,0.224464,-0.402262,273.957794,-1.789699,119.849907,0.017552,0.0,-0.317559,-0.930739,0.18133,8.863344,143.136124,-1.12416,-9.615191,-26.596848,37.033142,86.337921,75.697502,0.0,2.19382,75.294456,125.871696,20.44352
0.310279,-0.273066,-0.910583,0.518945,0.851202,-0.078429,0.796507,-0.448208,0.405816,60.048676,-0.894135,0.213683,-0.393526,279.286285,11.678268,124.268089,0.034214,0.0,-0.304042,-0.934881,0.183181,8.366896,142.489105,-0.833449,-24.707417,-18.573219,-0.642945,86.315178,74.936638,0.0,2.219834,75.261078,126.486656,20.31831
0.3291,-0.279545,-0.901969,0.491013,0.866551,-0.089413,0.806597,-0.413453,0.422442,59.983223,-0.899725,0.195212,-0.390368,281.497864,21.650728,128.300735,0.124172,0.0,-0.285317,-0.939897,0.187585,7.699515,141.981201,-0.973661,-25.457069,-19.531528,-9.712083,86.292122,74.000656,0.0,2.245973,74.942253,127.528809,20.12063
0.346154,-0.264955,-0.899987,0.482553,0.872952,-0.071396,0.804562,-0.409577,0.43003,59.803032,-0.904004,0.176594,-0.389347,279.532379,23.983345,129.05127,0.41012,0.0,-0.261276,-0.949048,0.176188,6.108467,141.934082,-2.181988,-99.563995,13.791658,-88.838348,86.267769,72.511948,0.0,2.271936,73.554222,128.840317,18.958055
0.380697,-0.258974,-0.887695,0.461991,0.884852,-0.060015,0.801021,-0.387259,0.456504,59.67625,-0.893822,0.189937,-0.406209,276.358154,29.130217,134.668167,1.143517,0.0,-0.271593,-0.950115,0.153355,4.418612,141.820236,-4.7246,-22.695044,-27.362049,-110.4086,86.258774,70.764435,0.0,2.297911,71.32827,128.253342,17.821009
0.396975,-0.317048,-0.861331,0.458276,0.881562,-0.113282,0.795232,-0.349757,0.495254,59.676254,-0.873441,0.247914,-0.419094,273.659424,36.808506,144.338333,1.731368,0.159671,-0.344132,-0.923201,0.171094,4.366742,143.501343,-6.124889,34.802109,63.153347,27.253633,86.258774,67.931473,0.221144,2.323966,70.111221,126.332474,17.572813
0.42018,-0.361672,-0.832251,0.457646,0.876422,-0.149815,0.783587,-0.317927,0.533773,59.676254,-0.871123,0.273807,-0.407646,269.39743,43.239304,154.763367,2.284044,0.455815,-0.374392,-0.907487,0.190521,3.409765,143.296494,-5.165706,-29.99971,85.272987,23.880974,86.258774,52.567326,0.335665,2.349935,68.829926,124.616173,18.138357
0.442844,-0.244608,-0.862587,0.364566,0.92807,-0.076013,0.819135,-0.280808,0.500166,59.676254,-0.863988,0.329572,-0.380668,277.330261,56.98074,143.595749,3.141593,1.0,-0.381766,-0.921719,0.068481,2.225798,149.694885,-6.009232,-60.943924,398.433502,-33.970898,86.258774,28.911148,0.835845,2.376035,67.663956,128.856476,15.573009
0.449566,-0.035799,-0.892529,0.307179,0.944452,0.116844,0.838768,-0.326695,0.435591,59.676254,-0.835826,0.437047,-0.332243,283.526398,45.885445,127.585663,3.141593,1.0,-0.40795,-0.899428,-0.156864,4.527045,156.070328,-2.7221,105.386734,127.447815,154.433075,86.258774,18.833637,1.0,2.402096,68.834778,129.506516,16.091551
0.383425,0.131457,-0.914169,0.256734,0.935636,0.242225,0.887171,-0.327573,0.324996,59.676254,-0.819143,0.467906,-0.331765,300.983887,44.063557,100.509804,3.141593,1.0,-0.381402,-0.876331,-0.294238,9.787838,155.615784,-1.133076,167.106674,-103.825348,50.625149,86.258774,20.946163,0.804637,2.427978,73.902832,127.9095,17.323492
0.299681,0.130809,-0.945029,0.264358,0.940383,0.213997,0.916682,-0.313956,0.247234,59.676254,-0.786789,0.496672,-0.366442,311.055573,44.215813,82.151489,3.141593,1.0,-0.413291,-0.864889,-0.284882,13.554959,154.301941,-0.989985,112.256607,-54.32383,47.211529,86.258774,11.710775,0.849458,2.453986,76.42086,124.57634,18.869213
0.269702,0.033443,-0.962363,0.295958,0.948145,0.115891,0.916335,-0.316075,0.245819,59.676254,-0.761514,0.516923,-0.391008,311.204926,41.599735,84.184364,3.141593,1.0,-0.474622,-0.855569,-0.206727,15.177247,154.285568,0.291535,31.866055,-12.170074,64.727814,86.258774,6.023879,0.784017,2.480003,76.659111,122.502457,21.2644
0.312727,0.005378,-0.949828,0.319435,0.941143,0.110502,0.894518,-0.337965,0.292603,59.676254,-0.759178,0.53719,-0.367527,305.492859,34.384319,96.981361,3.141593,1.0,-0.500866,-0.842761,-0.1972,15.544729,154.219223,2.219047,5.430935,24.861502,76.177177,86.258774,4.411001,0.759372,2.505975,76.531227,120.890007,22.086441
0.369418,-0.003397,-0.929257,0.346985,0.928169,0.134547,0.862051,-0.372142,0.344061,59.676254,-0.774244,0.548846,-0.315143,296.552612,27.64784,108.907463,3.141593,1.0,-0.51072,-0.835907,-0.201058,14.636514,157.089798,3.804478,-49.69405,173.050354,63.925411,86.258774,4.106109,0.714774,2.532109,75.901382,122.901688,20.841274
0.320737,-0.130125,-0.938187,0.402989,0.915141,0.010841,0.857163,-0.381556,0.345958,59.676254,-0.798041,0.544231,-0.258734,291.689575,30.723913,107.068459,3.141593,1.0,-0.549916,-0.833298,-0.056628,10.376393,163.059998,5.787698,-229.543625,210.392822,68.048164,86.258774,0.620914,0.863067,2.558196,72.289505,128.387253,18.5168
0.308757,-0.232296,-0.922338,0.410115,0.907456,-0.09126,0.858181,-0.350088,0.375451,59.676254,-0.847772,0.483488,-0.217994,289.368134,38.276066,111.109352,1.918148,0.533033,-0.507312,-0.859116,0.06749,5.55268,158.910217,5.052422,-124.141579,-412.030701,-64.183655,86.258774,61.513512,1.0,2.584039,69.70742,127.884743,15.00853
0.294045,-0.318452,-0.90118,0.456635,0.875104,-0.160242,0.839656,-0.364392,0.402737,59.676254,-0.86129,0.394392,-0.320367,289.342621,33.220024,122.596703,0.758276,0.0,-0.459372,-0.873856,0.159226,9.449103,152.932343,3.100875,76.027519,-253.528412,-42.505207,86.258774,70.640732,0.0,2.610077,74.423721,126.490135,19.511953
0.264613,-0.321476,-0.909194,0.49669,0.853564,-0.157249,0.826607,-0.409977,0.385538,59.676254,-0.892063,0.261026,-0.368902,287.357513,23.063147,122.043877,0.119954,0.0,-0.356665,-0.907953,0.220026,8.990204,146.907547,4.153001,-46.948387,-253.378128,68.751152,86.258774,73.808586,0.0,2.63609,75.778542,128.001175,23.361256
0.248033,-0.281188,-0.927045,0.490642,0.861599,-0.130064,0.835314,-0.422588,0.351668,59.676254,-0.902324,0.209941,-0.376478,290.289215,19.200586,114.939545,0.0,0.0,-0.305571,-0.927547,0.215135,8.937508,143.066452,5.544028,18.148081,-98.679375,65.58551,86.258774,77.015312,0.0,2.662191,76.48159,127.366409,24.926437
0.257991,-0.276133,-0.925846,0.463245,0.876304,-0.132272,0.847847,-0.394768,0.353996,59.676254,-0.90929,0.189601,-0.370463,293.592896,27.010782,116.364853,0.0,0.0,-0.281915,-0.935454,0.213191,8.567009,142.104416,6.736602,-39.739555,-30.567741,28.122248,86.258774,77.006615,0.0,2.688234,76.577286,128.055969,25.755768
0.272613,-0.264624,-0.925017,0.444745,0.887208,-0.122736,0.853161,-0.377937,0.359555,59.947765,-0.912627,0.17955,-0.367252,294.00528,31.947603,117.758102,0.005283,0.0,-0.266302,-0.942729,0.200862,7.457376,141.764175,6.851195,-46.733585,1.072179,-6.038477,86.232872,77.10527,0.0,2.714125,75.672073,128.665894,25.744137
0.278017,-0.275966,-0.920081,0.449053,0.884074,-0.129477,0.849151,-0.377168,0.369711,59.741955,-0.911811,0.173076,-0.372351,291.647278,32.432686,120.857979,0.128055,0.0,-0.264996,-0.940734,0.211651,6.283781,141.697159,6.979893,-52.375355,9.462337,0.127004,86.204048,76.209251,0.0,2.740129,74.410858,128.922699,26.275684
0.303027,-0.282619,-0.910111,0.424455,0.895082,-0.136627,0.853236,-0.3449,0.391193,59.378666,-0.913384,0.165525,-0.37193,291.323364,41.870991,125.971123,0.505039,0.0,-0.256697,-0.943268,0.2106,4.9144,142.005142,6.451718,-61.678001,9.680191,-56.098602,86.175659,75.325668,0.0,2.766307,73.11763,130.075211,25.927895
0.323089,-0.286369,-0.902001,0.360333,0.918551,-0.162555,0.875085,-0.272501,0.399962,59.242023,-0.92181,0.096123,-0.375535,297.152069,62.822865,128.373688,1.448859,0.0,-0.195097,-0.952172,0.235174,4.593384,139.397781,6.373214,-73.716858,-104.482712,68.262268,86.166405,58.788525,0.336505,2.792197,73.404472,132.497665,26.108845
0.293254,-0.355891,-0.887324,0.330771,0.908579,-0.255099,0.896991,-0.218692,0.384163,59.242023,-0.928802,-0.064337,-0.364947,306.344269,88.313118,128.112625,2.107078,0.066096,-0.080653,-0.92611,0.368531,7.691937,141.429337,11.163552,141.970963,59.015701,224.936844,86.166405,34.586784,0.564491,2.818346,76.995697,144.229736,29.887255
0.278528,-0.344382,-0.896562,0.353063,0.904853,-0.237883,0.893179,-0.250285,0.373615,59.242023,-0.941851,-0.097347,-0.32162,307.961975,84.470192,125.870865,2.166943,0.0,-0.030847,-0.92803,0.371227,9.812299,143.875061,14.477073,48.652542,95.761543,81.040894,86.166405,55.098804,0.0,2.844344,79.587975,148.464767,30.34243
0.258808,-0.320755,-0.911117,0.411572,0.889964,-0.196399,0.873857,-0.324161,0.362344,59.242023,-0.947393,0.022143,-0.319306,300.252441,60.323669,120.488739,2.834243,1.0,-0.12637,-0.942437,0.309587,6.871545,146.478928,12.186667,-131.701202,151.186066,-145.282608,86.166405,30.573206,0.7934,2.870262,76.818832,143.207336,27.842201
0.225652,-0.302616,-0.926015,0.448407,0.876121,-0.177043,0.864877,-0.375282,0.333393,59.242023,-0.939246,0.115306,-0.323297,294.126129,44.142811,110.430161,3.141593,1.0,-0.20882,-0.939485,0.271593,3.514403,149.543091,9.529452,-37.532009,17.297594,-102.707016,86.166405,24.973799,0.324756,2.896386,72.988556,140.09729,25.185898
0.218754,-0.311958,-0.92457,0.460961,0.868165,-0.183862,0.860036,-0.38597,0.333715,59.242023,-0.916199,0.219007,-0.335583,290.985809,35.750149,109.363609,3.059477,0.862951,-0.30928,-0.91896,0.24466,2.892225,150.456223,7.572042,-9.630761,-6.243703,-30.061518,86.166405,35.1441,0.220309,2.922443,71.086067,134.437408,24.037184
0.24202,-0.285728,-0.927246,0.464977,0.872928,-0.147627,0.8516,-0.395419,0.344123,59.242023,-0.88976,0.281448,-0.359324,290.124542,31.676989,112.890266,2.753052,0.881184,-0.365087,-0.911336,0.190206,5.568363,152.548721,6.693182,83.7341,48.244602,-0.61853,86.166405,41.513649,0.339261,2.948467,72.381767,132.780457,24.90254
0.224787,-0.321205,-0.919945,0.469736,0.862882,-0.186502,0.853709,-0.390208,0.344846,59.242023,-0.873715,0.323685,-0.363111,292.454926,31.648018,116.005928,2.09309,0.809985,-0.415184,-0.885181,0.209942,8.28672,154.068527,9.431433,117.57618,49.021175,120.714218,86.166405,33.0658,0.573379,2.97449,74.172935,131.418961,27.833384
0.203223,-0.309698,-0.928864,0.461497,0.866973,-0.188094,0.863552,-0.390443,0.319113,59.242023,-0.879531,0.292957,-0.374969,295.760956,33.588882,111.357918,1.497981,0.009735,-0.391213,-0.89378,0.219338,8.573511,154.196625,10.879182,-10.245392,-53.23822,33.650906,86.166405,24.905626,0.813425,3.000356,74.962326,133.41983,29.764967
0.196732,-0.242214,-0.950068,0.398611,0.905067,-0.148201,0.895771,-0.349551,0.274605,59.242023,-0.86975,0.310076,-0.383912,301.207001,41.123672,101.352951,1.098143,0.0,-0.390664,-0.907944,0.151722,5.829903,151.434921,11.956534,-132.983627,-83.569885,37.142597,86.166405,53.968987,0.190298,3.026322,72.170288,130.499298,31.140127
0.227357,-0.178475,-0.957317,0.375909,0.922951,-0.082792,0.898333,-0.34104,0.27693,59.242023,-0.868103,0.353149,-0.34883,301.211121,38.301815,101.229286,0.809403,0.0,-0.400806,-0.913259,0.072883,5.293178,148.395569,13.221814,1.496329,-123.946152,63.91732,86.166405,72.741318,0.342069,3.05234,71.519463,125.501274,30.4221
0.232923,-0.16838,-0.957807,0.397571,0.915321,-0.064228,0.887515,-0.365837,0.280143,59.242023,-0.899812,0.323026,-0.293244,298.024536,31.385057,99.231544,0.569902,0.0,-0.359005,-0.930156,0.076978,3.541753,145.945206,13.935054,-101.254929,-54.54245,-4.465163,86.166405,77.363556,0.146526,3.08001,71.098686,124.924637,27.602839
0.247676,-0.165393,-0.954621,0.4358,0.89903,-0.042694,0.865295,-0.40545,0.294747,59.242023,-0.903181,0.339298,-0.262947,292.617798,21.525053,101.423119,0.50365,0.0,-0.367047,-0.928052,0.063219,3.976477,147.479599,14.113563,47.442177,112.745384,10.23411,86.166405,74.812576,0.0,3.10456,71.373505,125.193192,26.060331
0.242244,-0.212988,-0.946548,0.498427,0.864344,-0.066932,0.832399,-0.455571,0.315541,59.242023,-0.895451,0.362892,-0.257832,285.426819,7.483988,106.474075,0.427918,0.0,-0.397753,-0.912315,0.097335,6.025475,148.549423,14.070986,51.392509,29.005402,-32.519951,86.166405,74.62925,0.0,3.130451,72.593407,123.967422,25.794386
0.23892,-0.229138,-0.943617,0.546842,0.834767,-0.064248,0.802422,-0.50066,0.324744,59.242023,-0.879982,0.39345,-0.266137,277.422058,-5.916671,108.547264,0.358962,0.0,-0.431441,-0.896437,0.101292,6.802048,149.188797,13.18001,15.386457,20.780722,-34.632114,86.166405,71.254295,0.0,3.156353,72.253456,122.095322,25.51446
0.238848,-0.224739,-0.944693,0.584663,0.810034,-0.044884,0.77532,-0.541606,0.324871,59.242023,-0.874141,0.394658,-0.283059,269.561249,-16.581549,108.692078,0.319987,0.0,-0.435474,-0.894957,0.097024,6.347141,149.537933,12.193221,-28.064552,7.277768,-33.291538,86.166405,67.899834,0.0,3.182402,71.322212,121.899887,25.62677
0.225923,-0.232455,-0.946004,0.60161,0.797083,-0.052186,0.766175,-0.557336,0.319926,59.242023,-0.89281,0.321885,-0.315088,268.537994,-15.107829,108.686668,0.36485,0.0,-0.379276,-0.914571,0.140389,6.554874,150.955505,11.569589,63.677452,123.731964,-15.54978,86.166405,67.800758,0.0,3.208405,72.637329,127.395561,26.885832
0.192502,-0.291133,-0.937115,0.546031,0.825259,-0.144217,0.815349,-0.483931,0.317831,59.242023,-0.886988,0.309291,-0.342915,281.798553,6.436065,107.785019,0.957425,0.0,-0.3931,-0.895378,0.209216,7.119011,152.786514,9.661972,11.438416,-13.161742,-64.338753,86.166405,62.990662,0.065426,3.234528,73.324745,130.170853,26.519808
0.170621,-0.336226,-0.926197,0.498393,0.840318,-0.213238,0.849996,-0.425227,0.310949,59.242023,-0.910462,0.255405,-0.325311,290.800598,20.966274,103.974403,1.128033,0.0,-0.348881,-0.896698,0.272423,5.799602,148.682983,8.950403,-15.762343,-198.157578,-44.239033,86.166405,50.392841,0.579603,3.260498,73.468018,129.691147,24.468929
0.215824,-0.287882,-0.933029,0.440198,0.881623,-0.170197,0.871577,-0.373985,0.317001,59.242023,-0.953724,0.148631,-0.26138,297.900391,37.47612,102.456863,1.273477,0.0,-0.213674,-0.946618,0.241367,5.066406,144.277878,9.810774,50.683136,-127.540169,2.858363,86.166405,39.569405,0.365456,3.303778,75.049858,133.098984,21.404007
0.257432,-0.332855,-0.907158,0.4424,0.875228,-0.195595,0.859076,-0.350975,0.372567,59.242023,-0.963732,0.05995,-0.260052,296.270203,48.004265,117.487686,1.666738,0.0,-0.138522,-0.945267,0.295435,6.21975,143.518524,10.214028,-12.008018,1.385887,10.844472,86.166405,32.513844,0.57438,3.329811,76.616074,137.743774,22.227276
0.278429,-0.333927,-0.900539,0.451781,0.872945,-0.184013,0.847568,-0.355612,0.393915,59.242023,-0.960638,0.065054,-0.270078,294.322754,47.261196,124.200432,1.365077,0.098278,-0.145167,-0.94645,0.288371,7.423711,144.288254,10.593126,11.149066,-6.030895,-5.327022,86.166405,29.017138,0.266579,3.355844,77.610992,138.186554,23.481699
0.261177,-0.338398,-0.904032,0.442966,0.874122,-0.199228,0.857653,-0.348421,0.378199,59.242023,-0.95115,0.106556,-0.289758,298.172394,48.624664,121.594437,1.783762,0.070635,-0.192911,-0.937894,0.288341,9.038106,146.404297,10.947635,109.961929,74.910446,39.60535,86.166405,52.743023,0.0,3.381963,78.882057,137.71138,24.894039
0.212141,-0.346579,-0.913717,0.44591,0.866318,-0.225072,0.869575,-0.359689,0.338324,59.242023,-0.950904,0.117658,-0.286247,300.657227,44.434181,111.847939,1.248354,0.0,-0.207918,-0.927967,0.309269,8.407455,146.098801,12.073865,13.207168,10.597733,11.197156,86.166405,40.36245,0.158655,3.408007,78.318535,136.40184,25.34288
0.18117,-0.238951,-0.953981,0.464197,0.875953,-0.131251,0.867005,-0.419056,0.269617,59.242023,-0.947813,0.133572,-0.289499,301.060638,28.152222,95.340538,1.160439,0.0,-0.202493,-0.953556,0.222997,9.534575,145.89328,13.447905,16.580902,25.181887,69.540268,86.166405,38.837864,0.330498,3.433903,79.378914,135.299316,26.403028
0.139959,-0.212795,-0.967021,0.47356,0.872079,-0.123364,0.86957,-0.440677,0.222827,59.242023,-0.941715,0.154085,-0.299051,300.913086,22.183046,83.97155,0.671596,0.0,-0.223475,-0.950988,0.213732,8.944981,146.937576,13.891979,-31.682512,38.270023,4.40271,86.166405,26.543505,0.890111,3.459937,78.575584,134.8582,26.997709
0.151717,-0.214274,-0.964919,0.49957,0.858977,-0.112199,0.852885,-0.465022,0.237366,59.242023,-0.923653,0.244285,-0.295281,293.623688,10.529809,86.977699,0.217624,0.0,-0.305157,-0.934927,0.181081,7.096952,147.261581,13.212119,-98.713867,18.70384,-21.103531,86.166405,58.156773,0.0,3.48595,75.552505,129.429688,26.286341
0.211891,-0.139044,-0.967352,0.512109,0.858847,-0.011275,0.832374,-0.493,0.253187,59.242023,-0.893355,0.354958,-0.27554,286.038574,-3.792131,91.109161,0.418634,0.0,-0.382826,-0.922294,0.053074,6.561755,146.441437,14.004554,-26.999832,-11.655512,50.491383,86.166405,68.690758,0.0,3.511919,73.211548,122.261406,26.372519
0.235967,-0.126212,-0.96353,0.510585,0.859737,0.012425,0.826814,-0.494896,0.267312,59.242023,-0.905637,0.372066,-0.20344,283.169403,-4.483397,90.9515,0.624725,0.0,-0.383273,-0.923474,0.017267,4.799279,146.874283,14.507199,-97.97197,28.619219,-21.357229,86.166405,72.398033,0.303291,3.538047,71.763992,122.054901,22.603327
0.241476,-0.212216,-0.946918,0.493837,0.866865,-0.068341,0.835353,-0.451121,0.314127,59.242023,-0.929671,0.323983,-0.175348,286.120972,9.694557,100.333214,0.752326,0.0,-0.344047,-0.933732,0.098873,4.480834,146.858536,13.489609,42.350967,35.117298,-20.172705,86.166405,71.555473,0.124119,3.564015,72.532448,125.040161,20.015112
0.26702,-0.278072,-0.922701,0.472617,0.872202,-0.126083,0.839841,-0.402417,0.364317,59.242023,-0.926391,0.328923,-0.183328,289.4133,23.762871,113.904755,0.91175,0.0,-0.35713,-0.921809,0.150753,6.812885,148.708328,13.374741,103.564339,105.376534,-14.789028,86.166405,67.165909,0.197543,3.589948,74.677071,126.655617,20.753794
0.289881,-0.31325,-0.904347,0.450404,0.878392,-0.159886,0.844455,-0.360974,0.395718,59.242023,-0.877609,0.425527,-0.220748,290.453735,33.09272,123.192024,0.850502,0.0,-0.462555,-0.872605,0.156856,9.166326,153.390457,11.980942,93.131142,194.611893,-48.905376,86.166405,66.773285,0.639059,3.616059,74.537773,125.388962,22.012142
0.297015,-0.335494,-0.893994,0.441659,0.878345,-0.182887,0.846593,-0.34052,0.409056,59.242023,-0.858959,0.462708,-0.219298,289.900848,38.91013,126.568573,0.927443,0.0,-0.500474,-0.849188,0.168541,9.128802,156.269516,11.922792,-11.504925,12.289653,47.196957,86.166405,67.68811,1.0,3.642137,73.438377,125.976624,21.978443
0.253113,-0.40092,-0.880453,0.459686,0.850628,-0.255188,0.851248,-0.340141,0.399602,59.242023,-0.917169,0.348418,-0.193407,294.33847,42.422054,123.907112,1.251238,0.0,-0.391219,-0.879602,0.270644,9.442966,153.03212,13.657748,5.561257,-59.701225,27.655815,86.166405,53.892639,1.0,3.668014,76.685814,129.391479,21.734207
0.172249,-0.482856,-0.858592,0.508631,0.790034,-0.342259,0.843579,-0.377753,0.381678,59.242023,-0.896138,0.370582,-0.244144,290.319275,30.328762,121.352974,1.689578,0.0,-0.438802,-0.822084,0.362809,8.686555,153.297394,12.836291,2.17247,20.612761,7.735905,86.166405,53.881374,0.656402,3.69407,74.627464,126.915169,23.763113
0.167016,-0.543563,-0.822584,0.532738,0.75178,-0.38861,0.829636,-0.373318,0.415136,59.242023,-0.90905,0.347764,-0.229539,288.81723,28.973431,129.352768,1.864217,0.0,-0.414973,-0.805481,0.423081,10.358676,149.79155,12.900442,38.966007,-214.602722,-9.720134,86.166405,55.957844,0.86764,3.720081,76.690392,124.42585,23.208019
0.249789,-0.451668,-0.856505,0.511004,0.812831,-0.279609,0.822484,-0.367834,0.433841,59.242023,-0.930966,0.286885,-0.225832,289.891998,34.985298,134.07753,1.617276,0.0,-0.349668,-0.878548,0.3254,11.724805,149.617065,12.76195,-18.231115,-28.303038,-128.979797,86.166405,54.316284,1.0,3.746126,79.593735,129.035538,23.150238
0.270674,-0.397213,-0.876902,0.482541,0.84419,-0.233449,0.833001,-0.359952,0.420171,59.242023,-0.949733,0.189952,-0.248847,291.359711,43.776848,132.333984,1.854178,0.1808,-0.262419,-0.916497,0.301944,9.100928,149.992981,13.150115,-108.02449,-25.822235,77.852753,86.166405,22.727852,0.853518,3.772091,78.372536,135.81189,24.90177
0.27152,-0.293014,-0.916744,0.453857,0.878947,-0.146511,0.848699,-0.37629,0.371639,59.242023,-0.946861,0.16891,-0.273722,295.50882,40.181572,120.73555,2.051089,0.375093,-0.232358,-0.947657,0.218989,9.02317,148.730453,12.719231,24.3197,-5.606809,-15.192854,86.166405,35.353153,0.055856,3.798111,78.507721,136.39386,25.712517
0.193297,-0.311034,-0.930534,0.507489,0.84339,-0.176487,0.839697,-0.438122,0.320871,59.242023,-0.92992,0.230474,-0.286583,293.875977,23.029743,109.724998,1.770168,0.0,-0.304371,-0.919702,0.248004,10.669332,152.252716,14.468252,98.180832,139.140137,62.645397,86.166405,34.293251,0.514893,3.824213,79.176682,135.05162,27.682449
0.126143,-0.359594,-0.924543,0.523806,0.815616,-0.24576,0.842446,-0.453281,0.291242,59.242023,-0.909098,0.293315,-0.295817,295.458069,16.844694,103.849106,1.368985,0.0,-0.379636,-0.875689,0.298404,12.794328,154.592987,15.999686,70.803581,72.016182,52.131351,86.166405,25.100794,0.824957,3.850136,80.055893,132.742493,29.382507
0.077959,-0.332466,-0.939888,0.502405,0.827398,-0.251003,0.861111,-0.452636,0.231536,59.242023,-0.898434,0.313695,-0.307266,300.56015,16.151976,89.833115,1.380762,0.0,-0.402006,-0.869115,0.288149,13.466866,154.995117,17.116671,14.88707,10.736853,35.769459,86.166405,35.040661,0.312719,3.876203,80.385643,131.885056,30.632568
0.076969,-0.289965,-0.953937,0.463855,0.85734,-0.223176,0.882561,-0.425311,0.20049,59.242023,-0.902404,0.303828,-0.305542,306.716522,23.034851,82.488548,1.211471,0.0,-0.384275,-0.888255,0.251667,13.615857,153.652924,18.067432,-8.275454,-59.902203,32.318512,86.166405,37.144672,0.404557,3.90232,81.057343,131.781097,31.225935
0.098699,-0.280358,-0.954808,0.479899,0.853956,-0.201138,0.871754,-0.438359,0.218829,59.242023,-0.898438,0.309657,-0.311321,302.111389,18.220789,87.89093,0.844044,0.0,-0.388476,-0.891035,0.234825,12.041622,152.564316,18.187403,-68.246117,-34.429405,-15.988473,86.166405,16.005821,1.0,3.928342,79.215469,130.30336,31.93939
0.184554,-0.180052,-0.966189,0.535119,0.842993,-0.05488,0.824371,-0.506897,0.251927,59.242023,-0.882392,0.377394,-0.280993,287.777802,-4.623821,95.475159,0.379537,0.0,-0.416823,-0.904036,0.094747,11.0912,151.100479,18.508429,-27.558146,-11.896219,55.102619,86.166405,66.989143,0.0,3.954356,76.997063,124.98307,31.060867
0.235076,-0.087562,-0.968025,0.559817,0.826353,0.061199,0.794572,-0.556303,0.243275,59.242023,-0.889899,0.398771,-0.221497,279.162476,-18.608131,90.645866,0.376143,0.0,-0.404438,-0.91432,-0.021195,10.014162,150.603531,19.293999,-33.163357,28.239647,16.415598,86.166405,72.788971,0.0,3.98034,76.001099,123.631165,28.443806
0.218447,-0.140241,-0.965719,0.550872,0.834583,0.00341,0.805494,-0.532733,0.259567,59.242023,-0.905238,0.386249,-0.177077,280.462097,-12.065294,90.435326,0.45899,0.0,-0.396982,-0.917388,0.028365,7.918323,150.282944,17.742651,-65.088699,-24.58713,-65.037369,86.166405,70.129341,0.0,4.006234,74.508011,124.147346,24.067457
0.196527,-0.262614,-0.944675,0.523372,0.842824,-0.125419,0.829132,-0.469768,0.303082,59.242023,-0.910537,0.376748,-0.170245,287.864258,6.787334,100.751457,0.855654,0.0,-0.401849,-0.903289,0.150287,9.092522,152.6465,17.335413,84.0009,107.094627,-2.886929,86.166405,67.347137,0.019983,4.032339,75.866356,126.900726,23.257406
0.227355,-0.323886,-0.918372,0.494536,0.850812,-0.17763,0.838894,-0.413783,0.35361,59.242023,-0.864193,0.46298,-0.197025,291.290649,19.160973,114.85157,1.006077,0.0,-0.495861,-0.850104,0.177328,12.480443,155.9673,16.397722,155.435547,173.677094,-44.398727,86.166405,65.299942,0.336398,4.05827,76.796593,124.959869,24.438316
0.242609,-0.370391,-0.896634,0.471816,0.852624,-0.224548,0.847662,-0.368568,0.38161,59.242023,-0.823506,0.523794,-0.217896,292.967499,31.752193,123.077377,0.763828,0.0,-0.56315,-0.801185,0.202398,14.118114,160.772842,15.910877,-66.658783,202.294693,3.279289,86.166405,64.944336,0.910729,4.084389,76.231613,125.990196,25.504707
0.251001,-0.38937,-0.886222,0.478626,0.845705,-0.23601,0.841378,-0.36493,0.398635,59.242023,-0.847456,0.490875,-0.202137,290.773926,33.682243,126.573975,0.892083,0.0,-0.527989,-0.818955,0.224811,12.358475,159.700333,15.925466,1.944806,-199.7052,5.358002,86.166405,65.19854,1.0,4.110324,75.644905,126.989952,24.648315
0.174029,-0.478546,-0.860644,0.529741,0.78224,-0.327833,0.830113,-0.398866,0.389638,59.242023,-0.91043,0.362692,-0.198924,289.703827,26.881823,124.266891,1.401115,0.0,-0.412001,-0.838098,0.357557,11.044725,154.75853,16.465624,-105.96653,-206.466141,-12.575603,86.166405,63.218651,1.0,4.136333,77.454918,128.86644,24.641592
0.134194,-0.539689,-0.831101,0.544291,0.740992,-0.393292,0.828094,-0.399583,0.393184,59.242023,-0.925609,0.317922,-0.205361,290.476349,24.818586,126.012489,1.829363,0.0,-0.377471,-0.815037,0.43958,11.614492,150.792648,16.928017,36.463318,-252.666183,10.949263,86.166405,53.203682,0.474583,4.162423,78.743744,126.986656,25.480591
0.224434,-0.368384,-0.902177,0.511302,0.83264,-0.212794,0.829578,-0.413526,0.375228,59.242023,-0.958072,0.180449,-0.222567,294.035065,28.658417,123.236282,1.590839,0.0,-0.241861,-0.925797,0.290524,12.329152,148.377289,17.633188,-87.81073,20.648252,-4.798467,86.166405,36.963161,0.38218,4.188325,81.922989,134.391556,27.295452
0.25337,-0.270954,-0.928648,0.468009,0.874483,-0.12746,0.846623,-0.402321,0.348377,59.242023,-0.969856,0.105387,-0.219713,296.700531,36.616711,114.971222,1.743238,0.0,-0.15311,-0.964981,0.212998,9.776746,147.932648,16.504879,-48.289402,50.54491,-23.204475,86.166405,27.433184,0.678557,4.214345,80.230255,139.484924,25.895897
0.257971,-0.230987,-0.938134,0.435497,0.894562,-0.100505,0.862435,-0.382627,0.331365,59.242023,-0.971426,0.06667,-0.227785,299.776642,43.687664,111.055748,1.716286,0.094758,-0.111363,-0.975567,0.189388,8.569345,147.116959,16.542927,-93.174072,-127.115402,-43.423779,86.166405,48.579979,0.0,4.240371,79.263618,141.520325,26.330082
0.222263,-0.292701,-0.930014,0.45946,0.872761,-0.164876,0.859939,-0.390658,0.328467,59.242023,-0.96371,0.098189,-0.248238,301.053375,39.948853,112.944504,1.141641,0.0,-0.163139,-0.952672,0.256518,10.808552,148.100723,18.082661,33.71851,-11.156112,24.072588,86.166405,45.191387,0.070851,4.266525,81.178391,139.835007,28.959866
0.200027,-0.260809,-0.94444,0.495801,0.858342,-0.132026,0.845086,-0.441845,0.301001,59.242023,-0.953752,0.14389,-0.263918,297.380768,22.792795,106.683945,1.114938,0.0,-0.206296,-0.951907,0.226529,11.472333,147.251755,18.067907,14.128423,-2.211798,-7.803176,86.166405,40.099628,0.188852,4.292368,81.303452,135.766785,29.722017
0.193692,-0.195195,-0.961448,0.497823,0.864019,-0.075124,0.845373,-0.46408,0.264526,59.242023,-0.944221,0.161378,-0.287062,297.161316,16.499575,98.22641,1.204737,0.0,-0.21661,-0.960938,0.172276,11.508286,147.582886,17.703426,17.893709,-23.429247,4.262911,86.166405,28.370735,0.538855,4.318422,81.010643,135.15863,30.590752
0.190967,-0.124455,-0.973675,0.506838,0.861974,-0.010772,0.840623,-0.491438,0.227687,59.242023,-0.927344,0.197515,-0.317839,293.454132,5.719974,90.188637,0.808325,0.0,-0.242944,-0.963795,0.109895,9.730679,145.962555,17.314468,-106.422569,-54.696613,-25.274387,86.166405,18.351011,1.0,4.34639,78.518013,131.374115,31.972055
0.237492,-0.116019,-0.964436,0.47287,0.88107,0.010454,0.848523,-0.458536,0.264109,59.242023,-0.900966,0.32149,-0.291384,291.425659,5.369092,98.787689,0.705925,0.0,-0.345172,-0.937981,0.032386,7.143919,144.150146,17.694656,-35.465408,-46.350861,36.624958,86.166405,63.576912,0.0,4.387835,74.469658,122.610619,31.258518
0.278284,-0.063698,-0.958384,0.452871,0.888629,0.072437,0.847034,-0.454182,0.276138,59.242023,-0.906774,0.368039,-0.205692,291.563995,5.832265,100.218864,0.800234,0.0,-0.365329,-0.929401,-0.052431,7.632043,145.604263,20.997395,-16.368927,47.596813,86.287888,86.166405,73.535072,0.598222,4.414005,74.988747,121.960602,29.614038
0.280766,-0.075508,-0.956801,0.435691,0.898292,0.05696,0.855186,-0.432862,0.285108,59.242023,-0.920334,0.360133,-0.15261,293.981964,12.382021,98.924194,0.898025,0.0,-0.357717,-0.932794,-0.043973,7.43259,145.89917,20.676939,-13.780175,30.837431,-37.312031,86.166405,74.048378,0.717188,4.439845,75.322212,123.059097,26.025862
0.268928,-0.148687,-0.951614,0.428155,0.90348,-0.020169,0.862764,-0.402015,0.306632,59.242023,-0.92777,0.347753,-0.135321,295.136017,22.499453,101.884125,0.610914,0.0,-0.35479,-0.934427,0.031137,6.412395,147.508194,19.297676,-49.112072,79.417213,-54.04417,86.166405,73.993958,0.387818,4.465873,74.538902,125.289223,23.48237
0.28051,-0.172809,-0.944167,0.406212,0.912603,-0.046347,0.869658,-0.370531,0.326191,59.242023,-0.928244,0.343247,-0.143335,296.17514,32.553467,106.134071,0.234087,0.0,-0.35372,-0.933755,0.054631,5.594269,149.092896,17.93346,-0.208798,56.081749,-53.295033,86.166405,78.082588,0.0,4.491845,73.815086,127.293404,22.731348
0.313727,-0.136961,-0.939584,0.381814,0.924211,-0.007232,0.869364,-0.356478,0.342243,59.242023,-0.920983,0.356648,-0.156819,296.401672,37.86697,110.476974,0.671882,0.0,-0.362652,-0.931866,0.010511,6.112824,151.247192,16.994625,-45.273499,29.606688,-48.008266,86.166405,76.766022,0.513719,4.517946,74.116982,129.013535,22.969929
0.305828,-0.246079,-0.919736,0.432708,0.896413,-0.095956,0.848076,-0.368631,0.380629,59.242023,-0.918259,0.353482,-0.178466,291.173187,33.287945,120.861435,1.079789,0.0,-0.375293,-0.920654,0.107477,6.757016,150.475815,16.162054,144.427216,26.342915,-7.82961,86.166405,65.790741,1.0,4.543944,74.331459,127.541908,23.539682
0.290855,-0.270853,-0.917628,0.486946,0.86749,-0.10171,0.823582,-0.417253,0.384205,59.242023,-0.917493,0.355067,-0.179259,285.709747,20.403776,122.42244,1.443979,0.0,-0.379133,-0.916967,0.12422,7.863747,150.762329,16.770073,88.775734,-14.464733,-24.456703,86.166405,55.789188,0.848467,4.570034,75.13089,127.089737,24.186438
0.180836,-0.49444,-0.850192,0.54163,0.771615,-0.333538,0.820936,-0.400174,0.40734,59.242023,-0.921938,0.31435,-0.226308,289.173737,24.665876,130.429581,2.05135,0.0,-0.380785,-0.842574,0.380882,12.117624,150.124084,16.213427,201.869919,-40.233986,21.819708,86.166405,38.784863,0.41274,4.595919,79.271416,126.984932,26.278276
