-0.018538,-0.333462,-0.942581,0.312112,0.893702,-0.322308,0.949864,-0.300166,0.08751,61.573563,-0.974801,0.198643,-0.10151,328.061676,92.500854,25.378849,0.225257,0.0,-0.221459,-0.916433,0.333326,9.919739,184.61055,3.692152,-3.308511,-28.393373,-16.79797,87.434494,75.490501,0.0,4.769663,81.619774,170.378723,2.674345
-0.023953,-0.294169,-0.955453,0.328166,0.900455,-0.285462,0.944316,-0.320385,0.074967,61.573563,-0.974378,0.197779,-0.1071,326.45929,87.341713,22.032091,0.234795,0.0,-0.221289,-0.928172,0.299213,9.728604,184.573242,3.31813,-12.953226,8.552864,-15.520001,87.434494,72.884094,0.0,4.795565,81.456833,170.465439,2.581842
-0.031717,-0.232258,-0.972137,0.350052,0.908443,-0.228461,0.936193,-0.347545,0.05249,61.794052,-0.976463,0.17884,-0.120569,324.458801,81.446068,16.325439,0.171365,0.0,-0.20419,-0.946561,0.249657,9.600091,184.420532,2.720872,1.569287,-20.959457,-31.361198,87.435356,65.859352,0.0,4.821637,81.561981,171.617111,2.706937
-0.050969,-0.223704,-0.973324,0.366633,0.902351,-0.226591,0.928968,-0.368402,0.036025,61.999596,-0.979774,0.145386,-0.137498,322.74884,77.311714,11.907695,0.443171,0.0,-0.177211,-0.949557,0.258724,9.507586,183.904602,1.688716,-16.931593,13.122334,-36.077126,87.432724,50.934731,0.287352,4.84762,81.72979,172.892807,2.561104
-0.07041,-0.228741,-0.970938,0.366744,0.899246,-0.238446,0.927654,-0.372874,0.020574,62.052032,-0.984283,0.108629,-0.139237,321.952362,78.825638,7.351429,0.769545,0.0,-0.144133,-0.949723,0.277941,8.797539,184.463089,1.227588,-33.959747,21.793493,-11.68424,87.432724,44.797337,0.21723,4.873643,81.277901,175.56575,2.01372
-0.075694,-0.208337,-0.975124,0.357489,0.907249,-0.221585,0.930845,-0.365369,0.005805,62.052032,-0.986273,0.093218,-0.13629,321.300323,81.805405,3.242043,1.052777,0.0,-0.126574,-0.956869,0.261498,7.185463,184.294769,1.25632,-85.050262,-14.879278,-1.275886,87.432724,42.70248,0.100769,4.899715,79.797981,176.598267,1.736028
-0.068442,-0.15389,-0.985715,0.354087,0.919961,-0.16821,0.932705,-0.360542,-0.008473,62.052032,-0.988463,0.075862,-0.131097,320.274261,85.006294,-0.920222,1.20512,0.0,-0.102376,-0.972511,0.209144,5.555768,184.647491,1.152508,-44.08485,18.848696,0.503836,87.432724,49.919422,0.0,4.925764,78.289406,178.546799,1.278093
-0.060298,-0.128766,-0.98984,0.355697,0.923776,-0.141839,0.932654,-0.360635,-0.0099,62.052036,-0.990451,0.067287,-0.120331,319.936798,86.096642,-1.592751,1.38647,0.0,-0.088597,-0.979373,0.181601,5.201863,184.984116,1.47315,-6.596239,20.510479,17.927717,87.432724,54.154858,0.0,4.951774,77.964989,179.661453,0.97587
-0.059185,-0.140702,-0.988281,0.356962,0.921573,-0.152582,0.932242,-0.361809,-0.004318,62.052036,-0.991371,0.070145,-0.110743,319.692017,85.919685,-0.108664,1.397734,0.0,-0.090388,-0.97763,0.189921,5.093605,185.3638,2.080506,-5.732983,20.189243,23.388048,87.432724,54.968201,0.0,4.97764,77.827141,179.789017,1.011731
-0.04967,-0.128235,-0.990499,0.372562,0.917764,-0.137501,0.926677,-0.375852,0.00219,62.052036,-0.992283,0.074634,-0.099017,317.802521,82.455704,1.572989,1.395096,0.0,-0.091052,-0.980652,0.173296,4.718883,185.833069,2.699407,-15.623543,30.28064,24.138447,87.432724,48.390862,0.063624,5.003666,77.381424,179.968323,1.004838
-0.038896,-0.111728,-0.992977,0.404683,0.906826,-0.117886,0.913629,-0.406427,0.009942,62.052036,-0.991056,0.097509,-0.091104,314.334869,73.726364,3.856386,1.284171,0.0,-0.110646,-0.982089,0.152507,4.829692,186.637054,3.327825,32.237667,7.411972,20.483246,87.432724,38.910004,0.342196,5.029664,77.298988,179.171463,1.276912
-0.028342,-0.105402,-0.994026,0.460839,0.881063,-0.106563,0.887031,-0.461106,0.023602,62.052036,-0.986246,0.12163,-0.111919,309.266602,57.571049,8.150455,0.970454,0.0,-0.138038,-0.978544,0.152963,6.9457,186.82016,2.616124,87.485657,-25.8815,-59.797512,87.432724,26.344278,0.908527,5.05568,79.131416,177.202286,2.026925
0.035384,-0.044048,-0.998403,0.493304,0.869606,-0.020883,0.869137,-0.491777,0.052499,62.052036,-0.970385,0.201069,-0.133879,303.863861,42.593994,16.441198,0.438845,0.0,-0.210957,-0.975387,0.064164,6.944565,184.513016,1.424496,-45.420036,-17.739996,-29.062019,87.430283,67.054337,0.0,5.081739,78.371223,170.182724,2.820605
0.056483,-0.046628,-0.997314,0.512372,0.858691,-0.011128,0.856904,-0.510368,0.072392,62.400005,-0.964799,0.224509,-0.136959,298.543701,35.454575,22.039057,0.474535,0.0,-0.23367,-0.970774,0.054742,5.159112,183.833481,1.422209,-105.837944,-78.710274,21.765818,87.435593,77.359383,0.0,5.107694,76.217606,167.870865,3.256629
0.083863,-0.016822,-0.996335,0.512094,0.858453,0.02861,0.854825,-0.512617,0.080607,62.400005,-0.955048,0.268334,-0.126013,296.197083,31.399166,23.030621,0.252677,0.0,-0.271051,-0.962554,0.004608,3.893752,182.788223,0.699814,-13.079425,39.453251,-23.941383,87.435593,78.037323,0.0,5.133737,74.410271,164.399063,2.116883
0.070499,-0.057262,-0.995867,0.546441,0.837444,-0.009469,0.834525,-0.543515,0.090329,62.400002,-0.944634,0.30822,-0.11255,291.582367,24.495758,24.319353,0.22347,0.0,-0.314221,-0.948518,0.03973,5.425031,187.017868,0.356751,49.997814,136.258453,-14.257997,87.435593,73.893822,0.0,5.179399,75.062546,165.512268,0.88313
0.04211,-0.092144,-0.994855,0.559526,0.827121,-0.052925,0.827742,-0.554418,0.086387,62.400002,-0.936518,0.332543,-0.111121,290.210968,22.90192,22.728365,0.219584,0.0,-0.342146,-0.936026,0.082407,6.420411,190.238052,0.079668,58.030205,143.143188,-14.723405,87.435593,71.445999,0.0,5.193921,75.450867,166.747284,0.314931
0.018463,-0.118194,-0.992819,0.559621,0.824096,-0.0877,0.828543,-0.553983,0.081359,62.400002,-0.928601,0.353003,-0.114406,290.992981,23.820055,21.313583,0.229104,0.0,-0.36536,-0.92367,0.115521,7.493063,192.601425,-0.069723,46.246037,115.965279,5.408466,87.435593,68.648674,0.0,5.211816,76.025131,167.552383,0.20467
0.014784,-0.120531,-0.992599,0.539754,0.836609,-0.09355,0.841693,-0.534376,0.077426,62.400002,-0.916756,0.380395,-0.121896,294.272491,28.481379,20.535391,0.208569,0.0,-0.393735,-0.911968,0.115268,7.873055,193.736511,-0.255228,-14.278843,-49.798916,-11.336164,87.435593,68.756111,0.0,5.23789,75.892853,167.126785,0.447108
0.036606,-0.06561,-0.997174,0.521691,0.852335,-0.036929,0.852349,-0.518864,0.065428,62.400002,-0.919494,0.372515,-0.125552,297.105835,32.558769,17.499289,0.178876,0.0,-0.381592,-0.922545,0.057427,7.515926,192.702728,-0.487463,18.447594,0.40906,2.366549,87.435593,70.605728,0.0,5.263778,75.961479,167.17955,0.523683
0.011561,-0.098347,-0.995085,0.513776,0.854328,-0.078467,0.857846,-0.510344,0.060405,62.400002,-0.934651,0.311255,-0.171896,302.418427,38.471451,18.125624,0.648201,0.0,-0.332879,-0.93589,0.115332,10.311947,192.945572,-1.249789,15.197462,-69.305649,-38.268799,87.435593,66.048271,0.0,5.307114,79.847824,170.881622,2.453379
-0.064344,-0.258635,-0.96383,0.452605,0.853218,-0.259168,0.889387,-0.45291,0.06216,62.400002,-0.931585,0.31588,-0.179912,310.792114,53.039738,18.469608,0.860431,0.0,-0.356313,-0.891518,0.27971,10.710874,193.630264,-1.447699,21.54138,34.923733,-1.530906,87.435593,66.832016,0.233818,5.333155,80.0383,170.548584,2.342016
-0.069202,-0.333678,-0.940144,0.369365,0.866857,-0.334855,0.926704,-0.370429,0.063261,62.400002,-0.931321,0.317979,-0.177566,320.355469,72.440804,18.20241,0.907483,0.0,-0.361094,-0.869721,0.336448,10.425098,191.362778,-1.758296,31.766972,-148.982895,-7.659373,87.435593,66.014023,0.18838,5.359173,79.919525,168.549637,1.78914
-0.087342,-0.39887,-0.912839,0.337685,0.850232,-0.403824,0.937198,-0.343523,0.060431,62.400002,-0.931341,0.31595,-0.181053,324.131989,78.296967,17.546621,0.965807,0.0,-0.363194,-0.841937,0.399039,11.515559,190.385803,-1.797492,37.291801,-30.585814,-12.695738,87.435593,67.284645,0.006196,5.385159,80.973343,167.424896,1.867647
-0.059843,-0.414623,-0.908024,0.355256,0.841249,-0.407545,0.932852,-0.34697,0.096955,62.400002,-0.914622,0.35953,-0.184944,321.474213,73.519279,27.611515,0.989543,0.0,-0.404207,-0.823382,0.398319,11.045547,189.335464,-1.834736,-42.954884,-36.783386,8.018725,87.435593,69.202065,0.0,5.411203,79.443283,163.541504,2.456352
-0.027381,-0.433308,-0.90083,0.366327,0.834126,-0.412357,0.930083,-0.341289,0.135893,62.400002,-0.903384,0.392543,-0.172649,319.410767,73.212425,38.287354,1.03321,0.0,-0.428459,-0.809411,0.401592,10.534348,189.589615,-0.878032,-12.978079,2.063785,38.227283,87.435593,68.638367,0.0,5.437248,78.098061,161.760834,3.0296
0.008118,-0.468357,-0.883502,0.358461,0.826175,-0.434674,0.93351,-0.313172,0.174594,62.400002,-0.906083,0.398624,-0.141821,318.884186,80.064049,47.896778,1.124173,0.0,-0.419348,-0.80155,0.426222,9.223112,189.334793,0.264807,-45.478146,-26.367617,31.401516,87.435593,67.723671,0.0,5.463213,76.682526,161.317368,2.597783
0.082171,-0.411054,-0.9079,0.389259,0.851858,-0.35045,0.917456,-0.324612,0.230005,62.400002,-0.905875,0.408355,-0.112409,314.122711,78.650299,61.985653,1.197725,0.0,-0.420886,-0.838218,0.346765,8.707183,190.856216,1.174849,-22.896032,79.703362,43.067295,87.435593,66.863037,0.0,5.48926,76.086243,162.871719,2.310333
0.073853,-0.428946,-0.900306,0.432827,0.8271,-0.358562,0.898447,-0.363196,0.246743,62.400002,-0.893968,0.439434,-0.087858,307.483582,67.838196,66.311325,1.38935,0.0,-0.440015,-0.8236,0.357868,8.111315,192.442932,2.543195,14.221259,20.235376,62.611,87.435593,69.567703,0.35317,5.515259,74.379097,162.07048,2.293189
0.036091,-0.366367,-0.92977,0.479684,0.822542,-0.305495,0.876699,-0.434971,0.205427,62.400002,-0.905495,0.421589,-0.048381,303.867371,52.344501,55.758823,1.26984,0.0,-0.414868,-0.855503,0.309839,9.794795,194.64418,5.548894,122.248947,177.489975,94.614792,87.435593,76.881927,1.0,5.541284,76.405487,165.198853,2.460267
0.008977,-0.273558,-0.961814,0.497541,0.83556,-0.233006,0.867394,-0.47645,0.143608,62.400002,-0.904811,0.425109,-0.02448,302.639099,47.447308,39.455574,1.207225,0.0,-0.418437,-0.877013,0.236134,11.047013,200.500015,7.273287,24.828804,179.186218,47.818886,87.435593,78.982559,0.751415,5.567291,77.591354,171.063629,2.196189
-0.024513,-0.1789,-0.983562,0.505263,0.846731,-0.166604,0.862617,-0.501041,0.069636,62.400002,-0.904204,0.426872,-0.013984,300.474945,39.704765,19.048763,1.151245,0.0,-0.422931,-0.890332,0.168638,10.067254,198.958633,7.306402,-4.79146,-70.497025,16.342251,87.435593,81.705315,0.336453,5.593344,76.666466,169.701263,0.981598
-0.019938,-0.079851,-0.996607,0.54726,0.833346,-0.077719,0.836725,-0.546953,0.027084,62.400002,-0.895781,0.44432,-0.012467,293.007324,25.190149,7.352171,0.61081,0.0,-0.443829,-0.892554,0.079769,9.757575,197.319366,6.899288,-3.237481,-31.817232,-17.204657,87.435593,78.678375,0.0,5.619439,75.916725,167.098724,0.325188
-0.024684,-0.043865,-0.998732,0.581532,0.811984,-0.050036,0.813149,-0.58203,0.005466,62.400002,-0.900061,0.434943,-0.026743,286.560425,16.07048,2.324373,0.468903,0.0,-0.435764,-0.898358,0.055348,9.227163,196.963623,6.723778,-24.081696,-6.401341,-4.598981,87.435593,74.04644,0.0,5.645357,75.586571,167.079666,0.906133
-0.020807,-0.038885,-0.999027,0.601153,0.797945,-0.043579,0.798863,-0.601475,0.006772,62.400002,-0.901317,0.431101,-0.042178,282.632111,10.583556,3.167671,0.301689,0.0,-0.432894,-0.899893,0.052871,8.951603,196.526321,6.238933,7.395022,-8.558014,-21.696329,87.435593,70.90271,0.0,5.671353,75.364883,166.637909,1.410544
-0.002177,-0.006504,-0.999976,0.61162,0.791125,-0.006477,0.791148,-0.61162,0.002256,62.400002,-0.908132,0.413432,-0.066108,282.569733,8.308715,3.128312,0.201974,0.0,-0.415571,-0.909292,0.022127,10.319717,195.736954,5.797015,64.482109,-46.613167,-16.061049,87.435593,69.024467,0.0,5.697753,77.304062,166.995239,2.54301
0.005577,-0.000486,-0.999984,0.607549,0.794277,0.003003,0.794263,-0.607556,0.004725,62.400002,-0.913868,0.394288,-0.096861,285.442078,9.767056,5.457743,0.278572,0.0,-0.397947,-0.917166,0.021099,11.825092,194.962387,5.518793,57.347408,-20.957344,-17.106037,87.435593,66.579941,0.0,5.723385,79.368416,167.3992,4.231853
-0.022941,-0.12479,-0.991918,0.567062,0.815507,-0.115711,0.823355,-0.565134,0.052055,62.400002,-0.913556,0.385929,-0.128353,294.045654,18.648842,18.33382,0.184576,0.0,-0.402096,-0.904448,0.142453,12.771437,192.804733,4.0649,35.55489,-130.254929,-61.390671,87.435593,52.854511,0.0,5.749406,80.423767,165.274338,4.827985
-0.040437,-0.222592,-0.974073,0.524662,0.824929,-0.21029,0.85035,-0.519563,0.083428,62.400002,-0.920145,0.362293,-0.148584,303.430511,30.437958,27.448256,0.211927,0.0,-0.388755,-0.890673,0.235735,14.647836,191.545029,3.687931,74.375626,-18.706329,-5.993794,87.435593,50.340607,0.213734,5.775424,82.804924,165.239929,5.802676
-0.058317,-0.2738,-0.960017,0.502774,0.822735,-0.265188,0.862448,-0.498137,0.08968,62.400002,-0.95311,0.260301,-0.154353,309.442474,41.327633,29.63488,0.620407,0.0,-0.296722,-0.904067,0.307603,15.546348,190.747635,3.957341,2.965524,-84.640129,12.230252,87.435593,40.770649,0.493036,5.80144,85.677818,170.570572,6.367076
-0.068111,-0.248124,-0.966331,0.484508,0.838469,-0.249443,0.872131,-0.485185,0.063109,62.400002,-0.965748,0.212977,-0.148228,311.680847,47.802525,21.980463,0.90584,0.0,-0.248842,-0.922062,0.296445,14.426789,190.60466,3.838164,-62.830376,30.905745,-10.099148,87.435593,43.050743,0.06986,5.827441,85.403931,173.685028,5.606647
-0.069496,-0.17267,-0.982525,0.462906,0.866868,-0.185087,0.883679,-0.46768,0.019686,62.400002,-0.962765,0.222689,-0.153272,313.15802,54.331669,10.204258,1.325573,0.0,-0.253453,-0.94077,0.225196,12.818327,192.436539,3.311957,-46.983994,76.637764,-27.593874,87.435593,44.53027,0.0,5.853504,83.885117,175.672485,5.096694
-0.08808,-0.116433,-0.989285,0.453133,0.879754,-0.143886,0.887081,-0.460951,-0.024729,62.400002,-0.959589,0.224337,-0.169888,313.276825,57.854874,-1.380781,1.59261,0.0,-0.254568,-0.94933,0.184305,11.985389,193.963974,2.550312,-42.381889,47.107643,-32.860714,87.435593,48.879341,0.0,5.879497,83.121185,177.44986,5.035171
-0.093456,-0.113899,-0.989087,0.451342,0.880646,-0.144057,0.887444,-0.45988,-0.030894,62.400002,-0.95198,0.255126,-0.169251,311.39502,56.664822,-3.372906,1.59664,0.0,-0.284076,-0.94222,0.177546,10.432291,194.401047,2.24677,-61.389927,-14.970813,-8.319092,87.435593,45.503487,0.0,5.905521,81.145325,175.981949,4.642648
-0.046241,-0.076503,-0.995996,0.470905,0.877655,-0.089276,0.880971,-0.473148,-0.004558,62.400002,-0.926322,0.326629,-0.187727,309.796051,49.286911,4.017571,1.632516,0.0,-0.351013,-0.929254,0.115223,11.799215,194.766022,1.166715,91.374504,82.867371,-58.099632,87.435593,42.913296,0.0,5.931531,81.225616,172.046494,5.200099
0.022586,-0.028642,-0.999335,0.52407,0.851583,-0.012563,0.851376,-0.523437,0.034245,62.400002,-0.88874,0.418829,-0.186342,302.535309,33.69862,12.976872,1.963787,0.0,-0.431661,-0.901445,0.032642,14.464308,198.121307,-0.548665,100.342003,71.710854,-65.05172,87.435593,41.351131,0.345214,5.957833,81.643463,169.505844,4.092017
0.075272,-0.031499,-0.996665,0.581993,0.812989,0.01826,0.809703,-0.581427,0.079527,62.400002,-0.849789,0.499109,-0.169555,287.509338,13.040478,22.220463,2.075298,0.0,-0.506041,-0.862505,-0.00269,12.893943,198.060684,-2.594054,-103.432625,31.741829,-66.792885,87.435593,25.750902,0.925981,5.983532,77.429726,163.893265,1.586873
0.094906,-0.067329,-0.993207,0.619059,0.785322,0.005917,0.779589,-0.615415,0.116212,62.400002,-0.83312,0.53388,-0.144507,275.030853,2.45297,28.982494,1.890075,0.0,-0.540532,-0.841284,0.008187,9.672361,198.900146,-4.095122,-95.899529,29.070156,-37.902969,87.435593,68.901314,0.096287,6.009536,72.764305,162.124115,-1.169141
0.080807,-0.111788,-0.990441,0.606087,0.794381,-0.040211,0.791283,-0.597044,0.131945,62.400002,-0.811638,0.566808,-0.141326,277.028107,7.390808,31.849072,2.01211,0.0,-0.577259,-0.815302,0.045325,9.920758,201.270767,-5.122598,46.971554,126.48954,-35.12965,87.435593,70.128845,0.214756,6.035604,71.727509,162.295547,-2.384544
0.087859,-0.118471,-0.989063,0.574502,0.817161,-0.046847,0.813774,-0.564103,0.139857,62.400002,-0.795514,0.589768,-0.139036,282.788147,17.791708,32.633743,1.989454,0.0,-0.599797,-0.799023,0.042499,10.549051,204.27124,-6.338278,0.385526,98.663773,-50.436871,87.435593,68.964409,0.313989,6.061771,71.652214,164.14978,-3.652464
0.106011,-0.120932,-0.986984,0.561127,0.826712,-0.041024,0.820913,-0.549475,0.155499,62.400002,-0.817994,0.560283,-0.130268,285.176147,22.893921,35.968105,1.770783,0.0,-0.568955,-0.821406,0.039784,9.749099,203.419708,-6.680263,-80.07576,-121.429176,37.221619,87.435593,70.186661,0.572394,6.087759,72.188019,165.456635,-4.376444
0.093102,-0.123022,-0.988027,0.559947,0.827006,-0.050209,0.823281,-0.548568,0.145881,62.400002,-0.857555,0.502798,-0.108595,285.76651,25.673662,34.988262,1.653985,0.0,-0.510309,-0.858119,0.056706,7.618735,202.209167,-3.633449,-48.437637,-51.038448,99.44706,87.435593,76.519936,1.0,6.113764,72.164009,168.001266,-2.861084
0.052385,-0.168979,-0.984227,0.511438,0.851055,-0.118895,0.857722,-0.497143,0.131005,62.400002,-0.875549,0.477889,-0.070963,295.337128,34.769611,29.864834,1.591873,0.0,-0.483115,-0.867117,0.121276,7.336565,196.106339,-2.14835,-12.87897,-245.605682,27.399891,87.435593,81.353203,1.0,6.139696,72.79879,163.75473,-4.12465
0.052454,-0.18684,-0.980989,0.433832,0.889064,-0.146135,0.899466,-0.417919,0.127692,62.400002,-0.887853,0.456402,-0.058428,305.85556,52.351006,27.913513,1.535999,0.0,-0.45989,-0.876141,0.144494,6.050552,191.044708,-2.346202,-48.385818,-99.662201,-33.249962,87.435593,82.106255,1.0,6.165699,72.486671,160.781219,-5.216505
0.104076,-0.094623,-0.990058,0.401676,0.914666,-0.045193,0.909849,-0.392979,0.133203,62.400002,-0.891915,0.446671,-0.070512,307.235291,61.115002,30.023746,1.295506,0.0,-0.45002,-0.892055,0.041481,3.981773,191.774643,-2.838431,-76.923653,79.15168,-7.090047,87.435593,81.469917,0.952702,6.191714,71.172539,163.07457,-4.536055
0.077658,-0.135935,-0.987669,0.441925,0.892713,-0.088118,0.893684,-0.429633,0.1294,62.400002,-0.920792,0.385172,-0.061512,305.008789,56.023991,28.94886,1.190489,0.0,-0.389487,-0.916444,0.091817,4.740713,192.934586,-2.138018,108.013969,-19.793304,78.599411,87.435593,77.105438,1.0,6.217784,73.139961,167.493484,-4.624242
0.000671,-0.283994,-0.958826,0.458617,0.852133,-0.252071,0.888634,-0.439565,0.130816,62.400002,-0.94782,0.314973,-0.04928,308.73291,57.840096,29.918627,1.288722,0.0,-0.316549,-0.91145,0.262783,8.834351,194.241623,-0.305029,117.967514,48.614452,47.951103,87.435593,71.286522,0.98409,6.243777,78.174469,171.88652,-4.021967
-0.000114,-0.357537,-0.933899,0.445451,0.836108,-0.320152,0.895306,-0.416043,0.15917,62.400002,-0.963107,0.265375,-0.044742,310.422333,65.059837,37.462391,1.360798,0.0,-0.264721,-0.904242,0.335066,8.027575,192.578339,0.001262,-95.051346,-86.724228,5.890752,87.435593,71.989967,1.0,6.269836,78.132599,173.003235,-3.834751
0.016341,-0.365879,-0.930519,0.473271,0.822618,-0.315141,0.880765,-0.435238,0.186602,62.400002,-0.974927,0.217375,-0.047601,308.484222,58.156609,44.974869,0.938123,0.0,-0.220432,-0.914119,0.340288,9.242454,187.910126,-0.072016,177.071075,-157.199982,-12.341228,87.435593,69.633766,0.99425,6.295842,79.967247,171.080338,-3.439664
0.028023,-0.323725,-0.945736,0.519027,0.813288,-0.263008,0.854299,-0.483492,0.190813,62.400002,-0.977268,0.18312,-0.106836,306.410461,44.320358,48.12748,1.184617,0.0,-0.207999,-0.925675,0.31601,13.604295,184.86554,-1.839283,81.245972,-108.614906,-62.050682,87.435593,60.386749,0.745124,6.321865,84.7603,169.763672,-1.379375
-0.018087,-0.301027,-0.953444,0.566938,0.782389,-0.257776,0.823562,-0.545206,0.156513,62.400002,-0.983383,0.030203,-0.179015,301.435608,32.946232,42.031052,1.410297,0.0,-0.100004,-0.913094,0.395296,15.731768,181.358505,-3.241924,-15.93899,-195.199402,-17.112612,87.435593,49.855919,0.260655,6.347795,87.760201,174.401443,1.423257
-0.072096,-0.258566,-0.963299,0.559467,0.789079,-0.253675,0.825711,-0.557223,0.08777,62.400002,-0.984634,-0.029715,-0.172082,297.627075,33.072609,22.660421,1.892349,0.0,-0.043601,-0.912373,0.407032,11.140273,181.059189,-3.614079,-167.174591,46.563328,-11.708539,87.435593,41.787239,0.330494,6.391117,83.394058,177.645737,-0.111735
-0.032047,-0.167534,-0.985345,0.498383,0.851867,-0.161048,0.866365,-0.49624,0.056196,62.400002,-0.988814,0.073871,-0.129576,303.938263,49.966385,11.65904,2.758403,0.747742,-0.102952,-0.966634,0.234564,6.879263,186.403839,-3.591794,-145.698929,247.838562,17.911207,87.435593,22.517742,0.845633,6.41711,79.157532,178.7173,-2.921104
-0.007009,-0.098828,-0.99508,0.444953,0.890856,-0.091611,0.895527,-0.443405,0.037729,62.400002,-0.973174,0.208061,-0.098203,309.846954,61.866245,5.24322,2.857442,1.0,-0.219017,-0.968502,0.118472,6.022938,191.503693,-3.334356,-34.978836,105.823639,11.732137,87.435593,32.432724,0.687646,6.44315,77.500053,176.909042,-4.545743
-0.017788,-0.108445,-0.993943,0.439775,0.891927,-0.105184,0.897932,-0.438983,0.031826,62.400002,-0.954204,0.284211,-0.093372,309.084808,59.632641,3.082189,2.802078,1.0,-0.294232,-0.948009,0.121271,5.685998,192.923767,-3.58242,20.9561,77.135216,-13.864927,87.435593,35.843712,0.66994,6.469157,76.113914,173.527908,-5.175047
-0.017447,-0.134792,-0.99072,0.449522,0.884023,-0.128192,0.893099,-0.447587,0.045169,62.400002,-0.931847,0.345639,-0.110429,308.691406,55.048328,7.267075,2.665731,1.0,-0.358873,-0.922853,0.139833,7.760221,194.773987,-4.012088,128.164154,50.286945,-10.434557,87.435593,33.457874,0.734168,6.495232,76.97438,171.17598,-4.452019
0.009353,-0.112811,-0.993572,0.498696,0.861757,-0.09315,0.866726,-0.49462,0.064319,62.400002,-0.904039,0.405625,-0.134837,303.243866,39.622059,15.334229,2.050937,0.0,-0.420138,-0.901303,0.10553,10.727333,195.732422,-2.765851,64.507729,6.478605,74.118156,87.435593,33.496433,0.7293,6.521268,78.369278,167.952469,-1.35339
0.077373,-0.031855,-0.996493,0.538453,0.842524,0.014875,0.839096,-0.537716,0.082342,62.400002,-0.892031,0.434775,-0.123499,297.033936,25.415134,21.322268,1.76436,0.0,-0.438065,-0.898943,-0.000572,12.406953,194.26033,-1.323665,80.641983,-112.100349,39.169361,87.435593,28.743557,0.849742,6.547329,79.328278,164.927078,-0.041465
0.079748,-0.045277,-0.995786,0.53634,0.84399,0.004578,0.840226,-0.534445,0.091591,62.400002,-0.884039,0.452724,-0.116255,296.40564,22.062387,24.347521,1.749035,0.233151,-0.456453,-0.889726,0.006212,11.986247,191.210007,-0.307041,-90.824181,-156.057831,42.552723,87.435593,23.192291,0.99086,6.573233,78.4067,160.725693,0.584079
0.077272,-0.050325,-0.995739,0.579971,0.814628,0.003835,0.810964,-0.577796,0.092135,62.400002,-0.88949,0.446827,-0.095672,286.323669,9.723875,24.499531,0.643553,0.0,-0.449792,-0.893067,0.010857,9.603932,190.16423,1.011667,-64.539452,47.728016,58.49408,87.435593,63.157444,0.0,6.599223,75.916771,159.634689,0.594925
0.060605,-0.051299,-0.996843,0.614031,0.789275,-0.003286,0.786952,-0.611893,0.079334,62.400002,-0.916339,0.395351,-0.063399,278.347595,5.345304,19.115725,0.357752,0.0,-0.397225,-0.917508,0.019793,6.783806,191.66394,1.140291,-204.703018,-24.508307,-29.559462,87.435593,74.230545,0.0,6.625259,74.170738,164.102646,-1.467588
0.029876,-0.111377,-0.993329,0.595606,0.800062,-0.071793,0.802721,-0.589488,0.09024,62.400002,-0.924926,0.376385,-0.053341,282.211029,13.039907,20.292212,0.857407,0.0,-0.379803,-0.92091,0.087602,6.183332,192.536179,0.2596,50.918694,77.522865,-37.680504,87.435593,82.066032,0.116462,6.651324,73.942871,165.984207,-3.120807
0.015808,-0.188038,-0.982035,0.546309,0.82422,-0.149026,0.837435,-0.534138,0.115756,62.400002,-0.926204,0.373232,-0.053324,293.93512,29.228209,26.636343,0.911106,0.0,-0.376834,-0.911978,0.162146,8.731757,194.101883,-0.036257,107.425957,43.133804,1.606122,87.435593,80.460464,0.664089,6.677369,76.660316,167.811829,-3.396807
-0.000702,-0.244602,-0.969623,0.486498,0.847059,-0.214036,0.873681,-0.47187,0.118404,62.400002,-0.916927,0.395261,-0.05489,304.584717,44.578403,26.885576,0.865925,0.0,-0.397213,-0.89082,0.220594,10.346797,194.472458,-0.435073,59.431053,-11.592137,-21.765921,87.435593,73.881271,0.66694,6.70339,77.905632,167.006378,-3.834614
-0.050024,-0.381125,-0.923169,0.413773,0.833362,-0.36647,0.909005,-0.400315,0.116011,62.400002,-0.920979,0.386341,-0.050385,315.045593,60.06031,25.791056,0.630658,0.0,-0.376646,-0.849769,0.368823,11.575491,191.238922,-0.321076,48.717342,-142.802002,17.311049,87.435593,63.589954,0.591217,6.729467,79.201843,163.923187,-4.308312
0.001843,-0.376926,-0.926242,0.397732,0.850106,-0.345152,0.9175,-0.36776,0.151482,62.400002,-0.939035,0.341583,-0.039166,318.825165,69.697685,34.453644,1.166009,0.0,-0.333197,-0.875998,0.348722,11.98766,189.070938,-0.556388,-149.105072,-118.906281,-44.886082,87.435593,65.316711,0.927002,6.755348,80.777252,165.113922,-4.848835
0.042656,-0.378546,-0.924599,0.455017,0.831254,-0.319337,0.88946,-0.407087,0.207703,62.400002,-0.966234,0.252372,-0.051963,314.739075,60.862331,49.772079,0.914037,0.0,-0.254807,-0.905922,0.338201,13.660131,185.198517,-1.23978,180.825989,-25.797031,-65.485504,87.435593,66.051071,0.943859,6.78138,83.96608,166.482162,-4.116943
0.021725,-0.366267,-0.930256,0.498455,0.810549,-0.307494,0.866643,-0.457011,0.200177,62.400002,-0.976095,0.184106,-0.115517,312.073395,50.051594,50.327129,1.344899,0.0,-0.213849,-0.908469,0.3591,16.046202,183.887695,-2.644484,-39.528004,13.618239,1.564089,87.435593,56.388145,0.772427,6.807478,87.220428,168.624313,-1.609409
-0.051379,-0.412414,-0.909546,0.511604,0.771299,-0.378629,0.857684,-0.484781,0.171364,62.400002,-0.985251,0.106545,-0.133898,308.948486,45.67878,43.843067,1.568644,0.0,-0.157121,-0.87323,0.461283,14.623661,183.107544,-2.459899,-81.281143,-33.196114,-0.72493,87.435593,54.60323,0.671822,6.833451,86.420052,171.45668,-0.61777
-0.048042,-0.327341,-0.943684,0.49561,0.812459,-0.307053,0.867216,-0.48245,0.123202,62.400002,-0.990187,0.019782,-0.138339,312.457977,50.712437,31.499142,1.347777,0.0,-0.075023,-0.910432,0.406799,15.045953,181.527664,-2.136966,10.258688,-83.534599,41.45763,87.435593,36.068516,0.025654,6.859582,87.456474,175.885559,-0.46588
-0.048713,-0.254549,-0.965832,0.509755,0.825229,-0.243202,0.85894,-0.504185,0.089558,62.400002,-0.992387,-0.036087,-0.117749,309.830536,49.245728,21.265942,1.379085,0.0,-0.007654,-0.936186,0.351422,14.543183,181.918396,-2.058205,-70.763351,-34.008442,-30.693201,87.435593,45.135845,0.195325,6.885547,86.976273,180.057877,-1.970137
-0.034291,-0.232975,-0.971878,0.485958,0.845862,-0.219913,0.873309,-0.479833,0.084211,62.400002,-0.992942,-0.022715,-0.116408,310.912048,55.791317,18.064556,2.142488,0.37385,-0.014984,-0.949598,0.313111,11.830022,182.366135,-3.77614,-78.501884,95.935402,-77.90889,87.435593,33.580021,0.267681,6.911562,84.329597,180.2854,-3.784201
-0.023761,-0.157827,-0.987181,0.457519,0.876267,-0.151106,0.888883,-0.455244,0.051388,62.400002,-0.990274,0.073288,-0.11826,313.47229,60.02853,7.434607,2.451592,0.96889,-0.097074,-0.972879,0.209961,10.424409,185.112976,-5.850986,-13.145633,132.384338,-74.414162,87.435593,35.65345,0.416784,6.93761,82.849243,178.142868,-5.898042
-0.049819,-0.157903,-0.986197,0.423741,0.890806,-0.164035,0.904412,-0.426064,0.022531,62.400002,-0.963852,0.230588,-0.133488,315.713928,63.208679,-0.776591,2.728954,1.0,-0.253361,-0.948253,0.191377,9.869698,190.241364,-7.262022,-15.650153,240.296951,-76.197533,87.435593,41.327877,0.520556,6.963578,81.061623,173.752228,-6.622246
-0.0377,-0.175499,-0.983757,0.412169,0.894085,-0.175297,0.910327,-0.412083,0.038628,62.400002,-0.890546,0.424557,-0.163338,314.318512,58.547337,3.453814,2.84118,0.411153,-0.449211,-0.877351,0.168716,10.803479,194.190125,-9.323857,54.144989,109.278946,-56.380745,87.435593,39.033527,0.405574,6.989572,78.131592,165.463409,-6.56845
0.024818,-0.12044,-0.99241,0.458599,0.88347,-0.09575,0.888297,-0.452742,0.077159,62.400002,-0.831453,0.535139,-0.149372,307.023712,46.405346,13.512618,2.773165,0.846704,-0.549632,-0.831529,0.080401,12.649984,199.550385,-9.060493,79.074348,194.694199,22.425789,87.435593,36.836689,0.320725,7.015542,76.552689,163.870605,-6.50662
0.055269,-0.107212,-0.992699,0.536057,0.841969,-0.061088,0.842371,-0.528767,0.104007,62.400002,-0.793508,0.592997,-0.136746,294.604523,25.466379,20.999163,2.400452,0.704785,-0.603387,-0.795879,0.050007,14.795253,202.67131,-8.127943,71.575653,104.00724,37.053024,87.435593,37.177818,0.404221,7.041539,76.049057,162.656326,-5.985666
0.077012,-0.112786,-0.99063,0.579013,0.813925,-0.047655,0.811673,-0.569918,0.127986,62.400002,-0.786256,0.60541,-0.123618,287.512421,13.259975,27.131659,1.62122,0.004892,-0.613712,-0.788395,0.04233,16.461021,202.269073,-7.66328,60.692524,-199.041962,4.937807,87.435593,36.61702,0.546255,7.067653,76.921577,161.126724,-6.074745
0.099315,-0.159875,-0.982129,0.531108,0.843175,-0.083549,0.841464,-0.513318,0.168651,62.400002,-0.825337,0.553704,-0.11059,296.981964,24.823622,38.127811,0.827916,0.0,-0.562679,-0.822851,0.079429,15.84478,195.338608,-6.681094,-21.413443,-194.016327,24.313606,87.435593,30.221989,0.7862,7.093644,78.661865,158.005493,-5.629109
0.117955,-0.151355,-0.981416,0.470863,0.87867,-0.078917,0.874285,-0.452804,0.174911,62.400002,-0.85641,0.501377,-0.123221,306.137207,42.265583,40.548985,0.663979,0.0,-0.511695,-0.856043,0.073204,14.260502,193.040176,-6.769077,-74.986847,-42.631077,-13.689363,87.435593,27.263102,0.891558,7.11974,79.301445,159.746811,-4.83217
0.118232,-0.160141,-0.979988,0.466205,0.880328,-0.087609,0.87674,-0.446517,0.178742,62.400002,-0.879763,0.454949,-0.13798,306.372833,45.64307,41.947018,0.594355,0.0,-0.468356,-0.879219,0.087273,12.47354,191.844284,-7.286698,-64.09539,-62.910057,-27.092915,87.435593,24.813997,0.949739,7.145587,78.900131,161.49324,-4.428109
0.132968,-0.115568,-0.984359,0.47265,0.880364,-0.039513,0.871161,-0.460004,0.171684,62.400002,-0.89753,0.411736,-0.157837,304.260406,41.166565,40.473255,0.426094,0.0,-0.423487,-0.904611,0.048348,10.640817,187.983856,-8.256881,-60.774925,-205.165909,-41.076977,87.435593,42.482079,0.501729,7.171767,78.235275,160.515762,-4.070645
0.15849,-0.008886,-0.987321,0.481066,0.873937,0.069358,0.862239,-0.485959,0.142785,62.400002,-0.901414,0.388445,-0.191216,302.226532,33.182095,35.202938,0.122313,0.0,-0.386467,-0.920995,-0.0491,10.373119,184.905731,-8.260421,44.158161,-102.235847,42.690842,87.435593,68.297531,0.0,7.197666,78.516121,159.265411,-1.843008
0.184757,0.091937,-0.978475,0.527692,0.830644,0.177686,0.8291,-0.549162,0.104953,62.400002,-0.897865,0.357525,-0.256932,295.823212,15.791239,29.451815,0.43529,0.0,-0.33637,-0.93358,-0.123624,12.574086,182.255951,-8.389423,60.573296,-69.089302,-9.455177,87.435928,72.951492,0.0,7.223654,80.71096,158.272751,2.221574
0.114152,0.049622,-0.992223,0.596365,0.795363,0.108386,0.794556,-0.604099,0.061199,62.749741,-0.924038,0.255814,-0.284102,286.886658,4.423788,18.728609,0.846321,0.0,-0.266535,-0.963825,-0.000956,11.403414,180.122528,-8.543642,-78.780907,-91.44342,7.712432,87.435928,71.082184,0.0,7.249734,80.736183,161.159622,2.850181
0.016448,-0.089276,-0.995871,0.567736,0.820704,-0.064196,0.823046,-0.564336,0.064184,62.749741,-0.945125,0.194676,-0.262373,293.75296,17.17594,18.167522,0.902296,0.0,-0.24387,-0.954785,0.170041,9.757963,179.45134,-7.909346,-53.811398,-4.082158,19.872398,87.435928,68.720139,0.209977,7.275723,80.210487,163.595078,1.514622
0.001137,-0.149673,-0.988735,0.523796,0.842337,-0.126909,0.851843,-0.517751,0.079356,62.749741,-0.970307,0.128684,-0.204804,303.719635,34.478252,18.425024,1.069033,0.0,-0.173631,-0.960064,0.219385,11.047663,180.188614,-7.911656,52.515781,23.449682,-26.897272,87.435928,62.606232,0.707721,7.301773,82.705757,168.810745,-2.164077
-0.0083,-0.145804,-0.989279,0.473005,0.871063,-0.132349,0.881021,-0.469032,0.061736,62.749741,-0.967448,0.160002,-0.19607,312.593475,46.997257,13.609253,1.575801,0.0,-0.198919,-0.95974,0.198318,12.355363,181.328247,-7.442069,76.360092,-174.908966,58.837929,87.435928,58.658798,0.800093,7.327762,84.009338,168.689438,-2.40851
-0.065587,-0.26457,-0.962134,0.478703,0.837667,-0.262976,0.875524,-0.477824,0.071711,62.749741,-0.970573,0.034775,-0.238284,315.534241,47.967136,19.769369,1.588933,0.0,-0.12593,-0.916726,0.37915,16.243416,178.336655,-6.39273,91.855812,-65.452965,2.796309,87.435928,49.472092,0.453208,7.353763,88.376335,171.94043,1.163748
-0.062342,-0.307977,-0.949349,0.526097,0.798179,-0.293484,0.848137,-0.517746,0.112266,62.749741,-0.963031,0.114505,-0.243845,306.472778,35.392384,29.79673,1.875411,0.0,-0.207772,-0.891861,0.401764,15.062113,181.894043,-7.639184,-99.998787,97.669273,-69.678596,87.435928,53.208416,0.176099,7.381133,86.420486,169.72345,0.668988
-0.042723,-0.287623,-0.95679,0.487227,0.830069,-0.271284,0.87223,-0.477764,0.104675,62.749741,-0.945828,0.249805,-0.207381,306.214783,40.846329,24.979565,2.484012,0.124406,-0.306717,-0.896952,0.318438,9.748219,184.330917,-8.108839,-292.330475,138.403732,41.02594,87.435928,42.23666,0.507956,7.405924,79.911415,164.803909,-2.178687
0.027035,-0.136671,-0.990248,0.467865,0.877141,-0.108287,0.883386,-0.460375,0.087657,62.749741,-0.921414,0.363158,-0.138245,305.884613,46.522655,16.582197,2.794275,0.256495,-0.37976,-0.916957,0.122362,7.932171,190.778244,-7.975617,45.738232,259.258484,-10.771956,87.435928,44.497292,0.450633,7.431782,76.686668,165.968613,-6.160655
0.060167,-0.039703,-0.997398,0.461057,0.887339,-0.007509,0.885329,-0.459405,0.071694,62.749741,-0.900969,0.414285,-0.128928,307.332001,45.761513,11.548591,2.868978,0.844313,-0.419334,-0.907731,0.01356,9.769942,192.2444,-8.506787,69.481911,16.993937,-43.065456,87.435928,40.586998,0.549786,7.457801,77.63015,164.955963,-7.052594
0.093945,-0.044466,-0.994584,0.513741,0.857885,0.010172,0.852786,-0.511914,0.103438,62.749741,-0.862479,0.479051,-0.163216,296.939911,30.721878,20.777208,2.959501,1.0,-0.484883,-0.874567,-0.004661,10.039861,195.608414,-10.091178,8.413234,97.995537,-46.63245,87.435928,42.238102,0.537229,7.501213,75.681259,163.539917,-6.060097
0.095637,-0.100973,-0.990282,0.545191,0.837671,-0.03276,0.832839,-0.53676,0.135162,62.749741,-0.821398,0.536947,-0.192335,289.836273,19.57279,30.269646,2.961319,1.0,-0.552001,-0.833261,0.031171,10.612106,195.353729,-10.865324,39.3466,-83.698494,-35.060608,87.435928,40.470764,0.566267,7.52722,73.753143,158.837158,-4.798678
0.098706,-0.112404,-0.988748,0.523255,0.851013,-0.04451,0.84644,-0.512974,0.142816,62.749741,-0.813414,0.553269,-0.179585,293.896027,23.26387,32.796474,1.806835,0.023079,-0.56734,-0.822739,0.035004,11.544613,193.677185,-9.577466,43.085541,4.058327,102.875305,87.435928,60.166687,0.510514,7.553175,74.283867,156.356903,-4.257727
0.09999,-0.072981,-0.992308,0.516044,0.856492,-0.010993,0.850706,-0.510976,0.123302,62.749741,-0.867124,0.476725,-0.144321,299.732208,25.474657,28.904957,1.376631,0.0,-0.483802,-0.875023,0.016428,13.309446,190.023117,-6.037649,-1.567384,-196.196289,108.832748,87.435928,70.591751,1.0,7.579226,79.013336,158.04921,-3.08617
0.048129,-0.123383,-0.991191,0.528219,0.84537,-0.079583,0.847743,-0.519736,0.10586,62.749741,-0.890981,0.442097,-0.103454,297.388031,21.918137,22.394955,0.980157,0.0,-0.450997,-0.888066,0.089107,10.884987,186.934998,-4.987182,-141.366806,-110.986488,3.870035,87.435928,79.00251,0.99221,7.605223,77.437889,156.765594,-5.070772
0.006289,-0.168882,-0.985616,0.562115,0.815768,-0.136192,0.827035,-0.553174,0.100061,62.749741,-0.907844,0.411264,-0.081743,291.513275,15.435393,18.699062,0.807763,0.0,-0.419169,-0.895159,0.151617,9.941983,187.885361,-5.552199,4.14823,119.559921,-29.92519,87.435928,80.163406,0.881854,7.631229,76.935921,158.958359,-7.26224
-0.032097,-0.26114,-0.964767,0.564815,0.791622,-0.233064,0.824593,-0.552396,0.122087,62.749741,-0.910028,0.408181,-0.072365,292.276031,18.334074,23.45188,0.84117,0.0,-0.412761,-0.876012,0.249462,11.606924,191.088577,-5.895885,118.909309,108.604111,-3.066131,87.435928,80.568863,1.0,7.657262,78.332275,161.655273,-8.224152
-0.067861,-0.409804,-0.909646,0.508617,0.770164,-0.38491,0.858314,-0.488782,0.156169,62.749741,-0.912837,0.399924,-0.082402,303.232574,33.27895,33.054131,1.571494,0.0,-0.398014,-0.826415,0.398276,13.768723,189.562317,-5.876337,60.921391,-120.385437,-23.761595,87.435928,69.328316,1.0,7.683298,80.539719,160.095306,-7.464577
-0.022916,-0.499154,-0.86621,0.433421,0.775819,-0.458532,0.9009,-0.385942,0.198565,62.749741,-0.914119,0.394237,-0.09468,314.00061,57.07159,43.99136,1.542019,0.0,-0.390953,-0.795196,0.463486,13.125768,185.844345,-7.109989,-45.741341,-109.510002,-53.193909,87.435928,65.374069,1.0,7.709319,80.258659,157.205582,-7.527057
0.017732,-0.496074,-0.868099,0.402434,0.798343,-0.447991,0.915277,-0.341409,0.213793,62.749741,-0.917176,0.383181,-0.109367,317.955109,69.399872,47.806629,1.795342,0.0,-0.389452,-0.803864,0.449589,12.843565,185.390472,-8.336862,24.588276,25.145741,-71.772682,87.435928,63.578274,1.0,7.735366,80.482918,157.979675,-7.662721
0.051866,-0.421711,-0.905246,0.392693,0.842057,-0.369774,0.918206,-0.336305,0.209277,62.749741,-0.959129,0.257597,-0.117113,323.627686,76.035927,46.926403,1.331808,0.0,-0.282949,-0.878019,0.386035,14.903095,182.144562,-8.537718,17.497995,-143.892258,7.550894,87.435928,55.9716,0.924276,7.761383,85.395668,163.291443,-7.371389
0.017766,-0.342413,-0.939382,0.462149,0.835954,-0.295972,0.886624,-0.428876,0.173098,62.749741,-0.973483,0.17004,-0.153027,317.404236,59.393135,39.552628,1.403607,0.0,-0.214159,-0.912573,0.348347,15.885474,184.700577,-8.495419,96.230934,86.24073,8.605629,87.435928,50.293774,0.398797,7.787314,87.366219,170.666672,-5.358188
-0.045153,-0.315071,-0.947993,0.516727,0.804785,-0.292086,0.854959,-0.503042,0.126468,62.749741,-0.983107,0.075007,-0.166955,308.942993,43.086472,28.212105,1.516914,0.0,-0.135873,-0.910246,0.391141,15.069616,182.854996,-8.135345,-67.511147,-98.208572,19.676159,87.435928,47.070465,0.170925,7.813565,87.120689,173.602676,-4.600381
-0.053081,-0.242762,-0.968632,0.519941,0.821423,-0.234361,0.852551,-0.516072,0.08262,62.749741,-0.988956,0.013056,-0.147635,307.079071,42.160362,14.965957,1.856334,0.018461,-0.063679,-0.936916,0.343706,13.512454,181.095139,-8.387515,-41.640587,5.294469,-18.806864,87.435928,34.425098,0.553837,7.839495,85.881409,176.05719,-6.47011
-0.052012,-0.169449,-0.984166,0.48195,0.85888,-0.173348,0.874654,-0.483334,0.036994,62.749741,-0.986911,0.096779,-0.129,311.060059,50.535191,0.306866,2.509616,0.994145,-0.125555,-0.963115,0.238004,11.908741,184.954208,-9.706384,-103.337395,184.363968,-53.352585,87.435928,26.64163,0.79139,7.86544,84.127823,175.938156,-9.291348
-0.068201,-0.154605,-0.98562,0.421765,0.890831,-0.168921,0.904136,-0.427221,0.004452,62.749741,-0.951752,0.287751,-0.106622,314.28479,57.414627,-10.477601,2.909956,1.0,-0.303286,-0.934974,0.18396,9.375979,188.278397,-10.401518,-79.573181,138.297836,-15.906649,87.435928,35.542866,0.681353,7.891349,79.703171,168.258682,-11.632582
-0.048108,-0.154387,-0.986839,0.401205,0.901792,-0.16064,0.914724,-0.403653,0.018557,62.749741,-0.903285,0.415168,-0.108219,314.753937,59.827183,-7.289262,2.88598,1.0,-0.427925,-0.88998,0.157529,9.663135,192.293518,-11.192706,49.115135,143.300797,-28.657618,87.435928,41.123615,0.533829,7.917391,77.425339,164.556488,-12.103976
-0.014701,-0.159396,-0.987105,0.441226,0.884863,-0.149457,0.897276,-0.437734,0.057321,62.749741,-0.863509,0.484769,-0.139105,311.542358,46.850212,5.668989,2.764301,0.995767,-0.501772,-0.853558,0.140227,13.181202,193.017746,-10.699753,139.00621,88.246147,49.107304,87.435928,41.118649,0.51329,7.943404,78.740807,160.421875,-9.203198
0.034153,-0.115321,-0.992741,0.523756,0.848057,-0.080495,0.851184,-0.517204,0.089364,62.749741,-0.841034,0.523319,-0.137109,299.944061,25.948095,15.650307,2.042209,0.074798,-0.535875,-0.840637,0.078536,15.124153,195.628464,-9.442163,57.00108,21.02939,41.671185,87.435928,39.723324,0.541724,7.969435,79.101227,160.138748,-7.53541
0.095877,-0.140328,-0.985452,0.546352,0.834971,-0.065744,0.83205,-0.5321,0.156723,62.749741,-0.829073,0.547265,-0.114631,295.252136,15.418384,33.292965,1.06228,0.0,-0.555941,-0.828721,0.064428,16.363258,190.494247,-8.605628,29.539085,-280.43045,41.517498,87.435928,33.804688,0.721765,7.995584,79.373611,153.473801,-7.369349
