0.128523,-0.683086,0.718941,-0.148408,0.703541,0.694985,0.980539,0.196018,0.010954,61.197964,-0.974241,0.18215,0.132952,303.379913,214.56662,9.612364,2.833881,1.0,-0.222697,-0.684279,-0.694384,-20.366745,175.65712,6.920684,5.923194,-5.795034,-26.765402,86.74147,0.738306,1.0,0.581157,50.995895,164.113022,6.792802
0.153716,-0.662695,0.732944,-0.113629,0.724984,0.679329,0.98156,0.187707,-0.03614,61.197964,-0.973699,0.194684,0.118359,303.618378,211.791031,-2.918364,2.826883,1.0,-0.222454,-0.700066,-0.678544,-20.238659,175.68129,6.036265,4.48577,3.638372,-35.993118,86.74147,2.224994,1.0,0.607046,50.97163,163.476532,6.383932
0.176765,-0.6267,0.758947,-0.07601,0.760095,0.645351,0.981314,0.171764,-0.086723,61.197964,-0.975349,0.19628,0.100835,303.717712,207.905426,-16.182035,2.808627,1.0,-0.214392,-0.734705,-0.643618,-20.074457,175.74884,5.131535,6.81019,1.158247,-32.616962,86.74147,6.382359,1.0,0.633149,51.134354,163.694672,6.139801
0.183929,-0.615756,0.766168,-0.052692,0.772169,0.633229,0.981526,0.15684,-0.109579,61.197964,-0.975333,0.199252,0.094995,304.094604,204.005081,-22.89765,2.778646,1.0,-0.213832,-0.746042,-0.630633,-19.709837,175.881317,4.143496,11.40572,7.199855,-14.517966,86.74147,9.963895,1.0,0.676528,51.456558,163.635483,5.307143
0.170546,-0.635783,0.752791,-0.034988,0.759594,0.649455,0.984728,0.137101,-0.107301,61.197964,-0.974842,0.200581,0.097216,305.066803,198.591019,-22.814947,2.765712,1.0,-0.215148,-0.732721,-0.645625,-19.511171,175.9991,3.781534,5.661972,3.266488,-11.620788,86.74147,9.879751,1.0,0.702423,51.60453,163.302277,4.803666
0.163565,-0.65228,0.74012,-0.016367,0.748326,0.663129,0.986397,0.120578,-0.111724,61.197964,-0.974593,0.201706,0.097386,305.535065,193.918228,-24.313284,2.754545,1.0,-0.215066,-0.721224,-0.65847,-19.416344,175.957657,3.503732,2.545056,-3.913928,-10.540612,86.74147,9.560849,1.0,0.728485,51.643337,162.882339,4.443713
0.161886,-0.661611,0.732164,-0.004416,0.741458,0.670985,0.9868,0.111857,-0.11711,61.197964,-0.974247,0.203478,0.097156,305.602295,191.186462,-25.951014,2.744706,1.0,-0.21557,-0.714174,-0.665946,-19.400892,175.751114,3.310412,-0.125667,-8.208513,-5.043387,86.74147,8.2902,0.991115,0.75448,51.606899,162.39534,4.192299
0.16057,-0.660432,0.733517,-0.003774,0.742743,0.669566,0.987017,0.11028,-0.11677,61.197964,-0.974652,0.202602,0.094903,305.623657,190.580658,-25.811293,2.737351,1.0,-0.213532,-0.715805,-0.664851,-19.445908,175.49559,3.21445,-3.372442,-13.091572,-2.93776,86.74147,7.170094,0.987654,0.780553,51.572243,162.195236,4.244532
0.182683,-0.653236,0.734786,0.000125,0.747378,0.664399,0.983172,0.121283,-0.136614,61.197964,-0.974133,0.211467,0.079664,304.320831,192.606354,-30.372755,3.141593,1.0,-0.21025,-0.718953,-0.662496,-19.597319,175.067612,3.010229,-0.715539,-16.180124,-5.233011,86.74147,2.243327,1.0,0.806497,51.259182,161.388992,4.790869
0.184384,-0.643343,0.743043,0.006452,0.756781,0.653636,0.982833,0.115726,-0.143689,61.197964,-0.975691,0.205122,0.077152,304.273071,191.287277,-32.038574,3.141593,1.0,-0.205089,-0.730553,-0.65133,-19.652699,174.717026,3.054694,-1.781473,-9.828809,5.57777,86.74147,1.214787,1.0,0.832599,51.298611,161.500198,4.945981
0.175374,-0.639711,0.748341,-0.000126,0.760107,0.649798,0.984502,0.114052,-0.133223,61.197964,-0.9769,0.19825,0.079775,304.842499,191.214066,-29.213352,3.141593,1.0,-0.202037,-0.735186,-0.647058,-19.629473,174.62439,3.230065,0.646969,-5.9835,4.299633,86.74147,3.643299,1.0,0.858533,51.438507,161.857925,5.077229
0.173256,-0.633435,0.75415,-0.014777,0.763972,0.64508,0.984766,0.122908,-0.123002,61.197964,-0.978126,0.191771,0.080587,305.059662,193.933502,-26.448963,3.141593,1.0,-0.198053,-0.740111,-0.642659,-19.587439,174.524002,3.299236,2.104242,-3.02962,2.013944,86.74147,3.568071,1.0,0.884561,51.587708,162.297882,5.210987
0.168213,-0.627659,0.760098,-0.032257,0.767167,0.640635,0.985223,0.132282,-0.108801,61.197964,-0.978943,0.187306,0.081162,305.300354,196.700912,-22.638201,3.141593,1.0,-0.195337,-0.744069,-0.638909,-19.545319,174.464691,3.335743,1.495331,-0.179126,0.854051,86.74147,3.575073,1.0,0.9106,51.710831,162.652527,5.366438
0.162118,-0.625718,0.763017,-0.046232,0.76758,0.639283,0.985688,0.138916,-0.095511,61.197964,-0.979301,0.185023,0.082078,305.521637,198.654053,-19.229855,3.141593,1.0,-0.194237,-0.744948,-0.63822,-19.489021,174.493698,3.241168,2.245011,2.591201,-6.295283,86.74147,3.486447,1.0,0.936691,51.812428,162.898117,5.353889
0.153634,-0.631125,0.760314,-0.053683,0.762982,0.644187,0.986668,0.139785,-0.083339,61.197964,-0.978356,0.18818,0.086065,305.839081,198.733109,-16.428606,3.141593,1.0,-0.198805,-0.739422,-0.64322,-19.397799,174.59787,3.043193,6.229899,3.735489,-7.05465,86.74147,3.359404,1.0,0.962559,51.877422,162.753357,5.022388
0.142441,-0.641576,0.753718,-0.052312,0.755539,0.653012,0.98842,0.132444,-0.074057,61.197964,-0.97656,0.194659,0.091856,306.303864,196.346146,-14.42792,3.141593,1.0,-0.206787,-0.730032,-0.651377,-19.306318,174.680023,2.938388,2.774075,1.491152,-1.498842,86.74147,3.005419,1.0,0.988709,51.891399,162.255875,4.6339
0.154032,-0.6526,0.741881,-0.035205,0.74674,0.664183,0.987439,0.128423,-0.092047,61.197964,-0.97306,0.213174,0.087809,305.814728,193.885254,-19.148258,3.141593,1.0,-0.216758,-0.716138,-0.663447,-19.245188,174.569855,2.81181,1.92306,-2.451717,1.323284,86.74147,2.493969,1.0,1.014697,51.654865,160.830002,4.544033
0.148912,-0.655688,0.740202,-0.025439,0.74576,0.665729,0.988523,0.117965,-0.094373,61.197964,-0.972359,0.212887,0.095903,306.134521,191.009689,-20.185728,3.141593,1.0,-0.221965,-0.715331,-0.662596,-19.219227,174.486954,2.901973,0.831122,-5.751543,2.647887,86.74147,2.620587,1.0,1.040637,51.695496,160.646225,4.105174
0.143806,-0.648361,0.747629,-0.03342,0.751868,0.658466,0.989041,0.119677,-0.086455,61.197964,-0.973431,0.206366,0.099221,306.349548,191.695511,-18.250217,3.141593,1.0,-0.220044,-0.723185,-0.654663,-19.259789,174.230942,2.906409,-2.10649,-12.167399,-1.103981,86.74147,3.045276,1.0,1.066677,51.777096,160.891541,4.002657
0.148842,-0.63871,0.754914,-0.049055,0.757709,0.650746,0.987643,0.133891,-0.081447,61.197964,-0.973565,0.209821,0.09026,305.889282,194.985733,-16.543699,3.141593,1.0,-0.217199,-0.728134,-0.650112,-19.319654,173.861221,2.701417,-4.565089,-19.940411,-15.445275,86.74147,3.256338,1.0,1.092676,51.676682,160.523178,4.420206
0.155974,-0.632424,0.758757,-0.0485,0.762329,0.64537,0.98657,0.13746,-0.088231,61.197964,-0.972982,0.212713,0.089779,305.467377,195.351181,-18.386419,3.141593,1.0,-0.219554,-0.73211,-0.644835,-19.433725,173.394531,2.635449,-5.463776,-15.35157,1.60332,86.74147,2.931725,1.0,1.120637,51.531109,159.96991,4.323593
0.150363,-0.628157,0.76342,-0.048779,0.766545,0.640335,0.987427,0.133521,-0.084619,61.197964,-0.973314,0.208742,0.095326,305.643799,194.17334,-17.752424,3.141593,1.0,-0.220688,-0.737582,-0.638177,-19.559938,172.966751,2.63594,-4.617914,-16.259037,-0.906455,86.74147,2.908313,1.0,1.144754,51.486984,159.805847,4.028029
0.149617,-0.622074,0.76853,-0.055722,0.770739,0.634709,0.987173,0.137787,-0.080652,61.197964,-0.97444,0.202929,0.096366,305.603363,195.396652,-16.773563,3.141593,1.0,-0.217385,-0.743576,-0.632327,-19.631281,172.625931,2.606253,-0.07738,-12.610436,0.760665,86.74147,2.877398,1.0,1.170721,51.511944,159.931198,3.985802
0.174635,-0.616955,0.767378,-0.049304,0.772897,0.632613,0.983398,0.148311,-0.104556,61.197964,-0.973355,0.21265,0.085791,304.385803,197.196106,-22.634085,3.141593,1.0,-0.218106,-0.743099,-0.63264,-19.708666,172.192673,2.488383,-2.537708,-14.034543,-1.016477,86.74147,2.540947,1.0,1.196721,51.265926,159.021774,4.277915
0.180507,-0.61975,0.763758,-0.039124,0.771375,0.635177,0.982795,0.144535,-0.114991,61.197964,-0.973265,0.211393,0.089827,304.154022,195.945496,-25.708023,3.141593,1.0,-0.219617,-0.741952,-0.633464,-19.796371,171.893097,2.463663,-4.380547,-12.759889,-2.576704,86.74147,2.482819,1.0,1.222668,51.18927,158.743286,3.889977
0.187418,-0.621448,0.760708,-0.033175,0.769984,0.6372,0.98172,0.14466,-0.123693,61.197964,-0.973563,0.209127,0.091872,303.829315,195.770691,-28.205139,3.141593,1.0,-0.219092,-0.741207,-0.634516,-19.865601,171.559113,2.427276,-1.968971,-13.651646,-1.31911,86.74147,2.759658,1.0,1.248758,51.141411,158.536301,3.632486
0.199664,-0.619442,0.759227,-0.031602,0.770354,0.636832,0.979355,0.151146,-0.134237,61.197964,-0.974328,0.205916,0.091012,303.162415,197.408066,-31.020697,3.141593,1.0,-0.216144,-0.742493,-0.634024,-19.954266,171.251785,2.382018,-4.31547,-13.518486,-0.115612,86.74147,3.059115,1.0,1.274714,51.083298,158.504074,3.530855
0.214757,-0.620721,0.754045,-0.028006,0.767828,0.640043,0.976266,0.158571,-0.147513,61.197964,-0.974111,0.207014,0.090844,302.241608,199.036209,-34.65604,3.141593,1.0,-0.216611,-0.739665,-0.637161,-20.043406,170.992416,2.30075,-1.555303,-7.882745,-3.366322,86.74147,3.182029,1.0,1.300737,50.957512,158.221008,3.312812
0.223736,-0.627091,0.746123,-0.021694,0.762136,0.647054,0.974408,0.160956,-0.156913,61.197964,-0.973164,0.210635,0.092652,301.635162,199.181137,-37.398972,3.141593,1.0,-0.219933,-0.732959,-0.643739,-20.099768,170.798218,2.204229,-2.67088,-8.815467,-4.18969,86.74147,3.118514,1.0,1.326792,50.829185,157.752228,2.989335
0.230318,-0.630617,0.741131,-0.016422,0.758979,0.650908,0.972977,0.162086,-0.164451,61.197964,-0.972315,0.213964,0.093928,301.141357,198.929184,-39.619316,3.141593,1.0,-0.222936,-0.72895,-0.647249,-20.163929,170.491379,2.092071,-0.6693,-12.302829,-5.486354,86.74147,2.416843,1.0,1.352799,50.703861,157.209244,2.709253
0.233318,-0.62867,0.741847,-0.019215,0.759773,0.649905,0.972211,0.165889,-0.165189,61.197964,-0.971925,0.215119,0.095322,300.899475,199.629105,-39.91214,3.141593,1.0,-0.224798,-0.729325,-0.646181,-20.197634,170.23703,2.083648,-1.674559,-9.259124,-0.113142,86.74147,1.697291,0.998994,1.378925,50.659168,156.930389,2.606349
0.24148,-0.631257,0.737022,-0.018105,0.756436,0.653817,0.970237,0.171227,-0.171235,61.197964,-0.969859,0.227574,0.087083,300.103424,200.064636,-41.149136,3.141593,1.0,-0.22815,-0.722631,-0.652497,-20.276575,170.066757,1.967657,-6.03066,3.724835,-9.255569,86.74147,2.006328,1.0,1.404873,50.371117,155.991959,2.925605
0.277603,-0.643291,0.713521,0.028848,0.74796,0.663117,0.960263,0.1635,-0.226194,61.197964,-0.966252,0.246524,0.074722,297.040558,196.505951,-55.195919,3.141593,1.0,-0.232958,-0.71245,-0.661925,-20.352486,169.829086,1.900416,-2.882042,-9.46666,2.782619,86.74147,3.218226,1.0,1.430909,49.875607,154.422211,3.024785
0.286297,-0.655433,0.698886,0.078165,0.742965,0.664751,0.954947,0.135688,-0.263941,61.197964,-0.968384,0.235082,0.083476,295.672089,189.548096,-65.565369,3.141593,1.0,-0.230502,-0.715238,-0.659775,-20.469236,169.607697,2.17981,-5.32456,-8.631929,10.692526,86.74147,3.425707,1.0,1.457174,49.875271,154.623047,2.371161
0.273202,-0.643122,0.71537,0.064849,0.754283,0.653339,0.959768,0.132102,-0.247777,61.197964,-0.972936,0.214537,0.085847,297.094513,189.545563,-61.141174,3.141593,1.0,-0.218103,-0.729869,-0.64786,-20.645609,169.162842,2.385405,-6.110781,-20.692631,8.366735,86.74147,0.785544,1.0,1.4829,50.056744,155.54332,2.634922
0.25699,-0.631002,0.731978,0.024451,0.76142,0.647798,0.966105,0.14858,-0.211106,61.197964,-0.975352,0.202246,0.088234,298.849152,194.147644,-51.234379,3.141593,1.0,-0.21087,-0.736574,-0.642645,-20.76889,168.534576,2.604504,-4.733031,-22.573845,8.46234,86.74147,0.025722,1.0,1.508877,50.180473,155.904236,3.102891
0.262172,-0.624395,0.735797,0.005808,0.763474,0.645812,0.965004,0.16504,-0.203788,61.197964,-0.97435,0.212724,0.073421,298.300507,197.395279,-48.376942,3.141593,1.0,-0.209143,-0.735536,-0.644396,-20.878798,168.011841,2.584173,-1.697206,-21.104849,-3.053424,86.74147,0.191924,1.0,1.534882,49.915237,154.915009,4.076734
0.257935,-0.63253,0.730326,0.011377,0.75784,0.652342,0.966095,0.159953,-0.202669,61.197964,-0.974461,0.209604,0.080576,298.659515,196.30687,-48.224884,2.731091,1.0,-0.210858,-0.730662,-0.649363,-20.846771,168.160095,2.892427,-1.71943,-7.075275,2.095977,86.74147,7.116916,1.0,1.560941,49.993252,155.136108,3.940816
0.243292,-0.635204,0.733025,0.00749,0.75694,0.653442,0.969924,0.153487,-0.188915,61.197964,-0.975398,0.203186,0.085523,299.746002,194.910446,-44.850185,2.73427,1.0,-0.209218,-0.730945,-0.649575,-20.857702,168.10849,2.888452,0.267872,-0.702815,-2.254613,86.74147,7.093029,1.0,1.587049,50.094242,155.404007,3.775337
0.23292,-0.634192,0.737258,0.000983,0.758262,0.651949,0.972495,0.151127,-0.177238,61.197964,-0.975869,0.199816,0.088055,300.482086,194.459213,-41.934715,2.737108,1.0,-0.208484,-0.732727,-0.6478,-20.851677,168.065842,2.8286,-0.199288,-3.412281,-3.613116,86.74147,7.134548,1.0,1.613006,50.168453,155.560181,3.68503
0.257257,-0.62959,0.7331,0.020627,0.762038,0.647204,0.966123,0.151376,-0.209026,61.197964,-0.974767,0.21181,0.070468,298.54364,193.742493,-49.563301,2.742938,1.0,-0.206457,-0.735409,-0.645407,-20.914358,167.966141,2.614718,-2.538109,-5.152297,-2.876247,86.74147,7.086138,1.0,1.638999,49.870281,154.779358,4.238561
0.263194,-0.627295,0.73296,0.034367,0.76536,0.642684,0.964131,0.143961,-0.222997,61.197964,-0.976391,0.203399,0.072731,298.14679,192.290451,-53.456284,2.74862,1.0,-0.202144,-0.741664,-0.639587,-20.903221,167.920242,2.591354,-0.660152,-0.515132,-1.67512,86.74147,6.857361,1.0,1.665045,49.986248,155.23584,3.941514
0.260546,-0.626071,0.73495,0.034963,0.766861,0.64086,0.964828,0.141277,-0.221692,61.197964,-0.977209,0.197946,0.076682,298.464783,191.9897,-53.270111,2.752864,1.0,-0.200747,-0.744272,-0.636992,-20.850073,167.979675,2.667643,1.880844,4.398155,4.698053,86.74147,6.569683,1.0,1.691104,50.12466,155.6259,3.791792
0.256197,-0.62316,0.738942,0.02741,0.768832,0.638863,0.966236,0.14342,-0.214053,61.197964,-0.977149,0.196859,0.080167,299.070984,192.940369,-51.301888,2.751328,1.0,-0.202327,-0.745841,-0.634653,-20.645508,168.271515,2.802823,8.564137,9.799992,2.644864,86.74147,6.211756,1.0,1.717061,50.368523,156.025024,3.793918
0.253713,-0.621872,0.740881,0.01964,0.769097,0.63883,0.96708,0.147529,-0.207344,61.197964,-0.976473,0.199262,0.082434,299.548523,194.267593,-49.528664,2.741521,1.0,-0.205598,-0.744992,-0.634599,-20.372032,168.652435,2.921769,9.788692,12.82604,5.82838,86.74147,5.863462,1.0,1.74305,50.628803,156.294708,3.840177
0.252349,-0.61071,0.750569,0.008193,0.776993,0.629456,0.967602,0.152693,-0.201077,61.197964,-0.976463,0.200151,0.080369,300.053101,196.132751,-47.62788,2.71763,1.0,-0.205711,-0.752252,-0.62594,-20.017002,169.095016,2.999878,5.848069,8.702457,-0.810022,86.74147,5.306936,1.0,1.786515,50.999138,156.830521,4.127971
0.25096,-0.602108,0.757948,0.003059,0.783495,0.62139,0.967993,0.153625,-0.198468,61.197964,-0.97677,0.199717,0.077676,300.230988,196.58992,-46.720844,2.706865,1.0,-0.204331,-0.758806,-0.618436,-19.959991,169.192047,3.026675,2.906862,1.270519,3.37094,86.74147,4.688012,1.0,1.812423,51.076382,157.047806,4.363469
0.246251,-0.58454,0.773094,-0.003309,0.797145,0.603779,0.9692,0.15124,-0.194364,61.197964,-0.978414,0.194718,0.069217,300.686096,196.220016,-45.300549,3.141593,1.0,-0.196598,-0.773827,-0.602114,-19.894129,168.964249,2.79162,5.530108,4.348495,0.544683,86.74147,0.00107,1.0,1.838417,51.2206,157.291962,4.727284
0.241075,-0.585989,0.773627,-0.00122,0.796954,0.604039,0.970506,0.146563,-0.191411,61.197964,-0.978153,0.1961,0.069007,301.139587,194.923492,-44.585079,3.141593,1.0,-0.197545,-0.773392,-0.602362,-19.762354,169.008591,2.702362,7.977448,3.902753,-4.811625,86.74147,0.386937,1.0,1.864518,51.338116,157.19931,4.682786
0.236087,-0.595087,0.768202,0.000248,0.790586,0.61235,0.971732,0.144377,-0.186795,61.197964,-0.977367,0.198581,0.07293,301.532593,194.006836,-43.729023,3.141593,1.0,-0.201225,-0.766294,-0.610166,-19.655579,168.919647,2.578215,3.245998,-5.449725,-4.998637,86.74147,0.15916,1.0,1.8905,51.415535,156.845123,4.350761
0.231868,-0.603304,0.76306,-0.000465,0.78437,0.620294,0.972747,0.144181,-0.18159,61.197964,-0.976276,0.201768,0.078574,301.814423,193.385986,-42.824715,3.141593,1.0,-0.206561,-0.759025,-0.617425,-19.601805,168.636688,2.452888,0.77056,-13.631442,-5.362575,86.74147,0.318918,1.0,1.916524,51.436012,156.274796,3.915174
0.229678,-0.613207,0.755794,-0.000991,0.776407,0.630232,0.973266,0.145499,-0.177716,61.197964,-0.975425,0.204001,0.083246,301.915771,193.033356,-42.320637,3.141593,1.0,-0.210396,-0.750219,-0.626822,-19.601078,168.17778,2.228347,-1.028707,-19.321457,-9.242885,86.74147,1.028162,1.0,1.942541,51.403755,155.582947,3.422124
0.227961,-0.62753,0.744473,0.000702,0.76471,0.644374,0.97367,0.146369,-0.174765,61.197964,-0.974947,0.205314,0.085581,301.938477,192.491074,-41.872143,3.141593,1.0,-0.211658,-0.737982,-0.640767,-19.641928,167.635162,2.059217,-1.307299,-24.288097,-5.431477,86.74147,1.240333,1.0,1.968487,51.322536,154.81665,3.111067
0.225133,-0.636658,0.737551,0.002796,0.757404,0.652941,0.974324,0.144936,-0.172297,61.197964,-0.974942,0.205453,0.085312,301.943604,191.291138,-41.395519,3.141593,1.0,-0.210794,-0.73062,-0.649431,-19.785091,166.91835,1.875287,-7.213424,-27.436171,-4.082387,86.74147,1.300452,1.0,1.994549,51.159306,153.985626,2.95248
0.21885,-0.63835,0.737979,0.001369,0.756514,0.653976,0.975758,0.142112,-0.166437,61.197964,-0.974673,0.20636,0.086186,302.122681,189.787888,-39.988651,3.141593,1.0,-0.211943,-0.729386,-0.650443,-19.969667,166.240585,1.768723,-7.624097,-23.643559,-3.805469,86.74147,1.035264,1.0,2.020643,50.969398,153.209274,2.851097
0.212287,-0.640727,0.737837,0.001139,0.755208,0.655484,0.977207,0.138311,-0.161051,61.197964,-0.974712,0.207076,0.084001,302.299194,188.105209,-38.58215,3.141593,1.0,-0.210874,-0.727937,-0.652411,-20.153494,165.636246,1.598767,-7.665537,-23.465641,-5.360542,86.74147,0.770472,1.0,2.046649,50.772972,152.504974,2.871245
0.214639,-0.636515,0.740796,0.004635,0.759129,0.650924,0.976682,0.13628,-0.165889,61.197964,-0.975049,0.208502,0.076195,301.891968,186.871521,-39.582584,3.141593,1.0,-0.20725,-0.732024,-0.64899,-20.390154,164.981506,1.397831,-7.930542,-24.845264,-7.540751,86.74147,0.213867,1.0,2.072689,50.500641,151.79393,3.11598
0.229072,-0.633449,0.7391,0.017715,0.761877,0.64748,0.973248,0.135227,-0.185746,61.197964,-0.975457,0.210246,0.06542,300.739807,185.852478,-44.411983,3.141593,1.0,-0.201923,-0.735661,-0.646552,-20.5839,164.304245,1.209914,-8.15074,-26.547565,-8.683136,86.74147,0.118093,1.0,2.098584,50.232426,151.046036,3.397792
0.250422,-0.625114,0.739271,0.039518,0.769565,0.637344,0.96733,0.130391,-0.217419,61.197964,-0.976488,0.208601,0.054379,298.993134,184.088593,-52.325184,3.141593,1.0,-0.194842,-0.746103,-0.636684,-20.768118,163.607391,1.073908,-5.72822,-22.199537,-0.904733,86.74147,1.257505,1.0,2.124616,50.009121,150.526794,3.637044
0.267895,-0.615159,0.741493,0.058131,0.778542,0.624894,0.961693,0.124302,-0.244328,61.197964,-0.977759,0.204008,0.048661,297.442383,182.53508,-59.101612,3.141593,1.0,-0.189251,-0.758207,-0.623945,-20.890533,163.256363,1.127532,-5.193347,-9.384274,1.013167,86.74147,1.440243,1.0,2.150617,49.909306,150.540604,3.786625
0.276478,-0.609257,0.743213,0.062691,0.783145,0.618671,0.958973,0.124456,-0.254717,61.197964,-0.97871,0.199822,0.046885,296.680206,182.820541,-61.598221,3.141593,1.0,-0.185624,-0.764251,-0.617628,-20.994965,163.17218,1.293798,-3.30072,0.486765,7.315423,86.74147,1.527585,1.0,2.176616,49.847107,150.786346,3.964184
0.275536,-0.603037,0.748616,0.051481,0.786901,0.614929,0.959911,0.130896,-0.247864,61.197964,-0.978883,0.198519,0.048763,296.893646,184.693466,-59.646328,3.141593,1.0,-0.186144,-0.767047,-0.613995,-21.067581,163.205444,1.521392,-1.04459,3.690751,8.648319,86.74147,1.444563,1.0,2.202702,49.81913,151.001801,4.152267
0.267373,-0.601141,0.753088,0.036411,0.787286,0.615512,0.962905,0.13715,-0.232387,61.197964,-0.978419,0.199781,0.052755,297.678711,186.403275,-55.566628,3.141593,1.0,-0.18948,-0.765643,-0.614726,-21.077959,163.333328,1.704443,0.051778,6.402788,6.806921,86.74147,1.198797,1.0,2.228629,49.833618,151.101761,4.248279
0.257834,-0.601895,0.755807,0.022782,0.785826,0.618028,0.965921,0.14213,-0.216325,61.197964,-0.978251,0.200468,0.053271,298.448822,187.741516,-51.125633,3.141593,1.0,-0.19,-0.762979,-0.61787,-21.096481,163.413452,1.879029,-1.227986,4.019905,9.372188,86.74147,1.118263,1.0,2.254746,49.827538,151.158188,4.554856
0.282484,-0.604785,0.744606,0.04062,0.783065,0.620613,0.958412,0.145067,-0.245769,61.197964,-0.97569,0.217755,0.024751,296.007935,187.2883,-57.418354,3.141593,1.0,-0.185301,-0.759384,-0.623699,-21.199379,163.25267,1.719462,-2.73112,-6.254344,1.314756,86.74147,1.882334,1.0,2.280749,49.319374,149.948975,5.840908
0.283677,-0.611943,0.738277,0.06534,0.780451,0.621794,0.956691,0.128149,-0.26138,61.197964,-0.978491,0.204258,0.02889,295.688538,183.623337,-61.741924,3.141593,1.0,-0.177488,-0.762199,-0.622535,-21.243715,163.278656,1.828036,-0.376573,2.940077,4.679299,86.74147,2.317896,1.0,2.311545,49.442818,150.638596,5.535501
0.269236,-0.611642,0.743912,0.061934,0.781833,0.620405,0.961081,0.120962,-0.248379,61.197964,-0.979946,0.195987,0.035983,297.031799,182.210327,-58.588219,3.141593,1.0,-0.175654,-0.76438,-0.620378,-21.188786,163.267471,1.929542,3.977539,0.753342,7.008911,86.74147,2.35769,1.0,2.332688,49.656288,151.075638,5.342879
0.265334,-0.611778,0.745202,0.058378,0.781681,0.62094,0.962388,0.121253,-0.243121,61.197964,-0.978476,0.204157,0.03009,297.237061,181.827927,-56.840652,3.141593,1.0,-0.178231,-0.762565,-0.621875,-21.195799,163.318527,1.906098,-0.530155,-2.92553,-1.059599,86.74147,2.463057,1.0,2.358715,49.525124,150.618301,5.737012
0.256838,-0.612011,0.747981,0.058948,0.782423,0.619951,0.964655,0.115135,-0.237033,61.197964,-0.979454,0.198315,0.036616,297.986755,180.697098,-55.510956,3.141593,1.0,-0.177897,-0.764133,-0.620043,-21.14432,163.456314,2.003441,2.82053,8.158928,6.561093,86.74147,2.188382,1.0,2.384723,49.691196,151.062134,5.499581
0.263813,-0.613799,0.744079,0.065164,0.780986,0.62114,0.96237,0.115378,-0.246031,61.197964,-0.978542,0.20392,0.029542,297.38623,180.520325,-57.601437,3.141593,1.0,-0.177719,-0.76273,-0.621819,-21.035612,163.568176,1.889871,3.535876,-1.522278,-0.63228,86.74147,2.135023,1.0,2.410734,49.678776,150.822861,5.725363
0.251552,-0.612645,0.749258,0.058761,0.782391,0.620009,0.966058,0.111937,-0.232812,61.197964,-0.979617,0.197202,0.038228,298.586884,180.084213,-54.488007,3.141593,1.0,-0.178029,-0.764205,-0.619917,-20.93165,163.632202,1.994241,4.406341,-0.782171,2.866602,86.74147,1.641194,1.0,2.436925,49.930141,151.2724,5.43621
0.236165,-0.612833,0.754097,0.04323,0.781907,0.621895,0.970751,0.11427,-0.211152,61.197964,-0.979716,0.19492,0.046515,299.985504,180.824783,-49.11483,3.141593,1.0,-0.181152,-0.762214,-0.621461,-20.833851,163.636749,2.080696,4.781651,1.394473,4.535571,86.74147,1.224631,1.0,2.462773,50.120922,151.412506,5.234114
0.223981,-0.618205,0.753429,0.030621,0.777152,0.628568,0.974112,0.117717,-0.192997,61.197964,-0.97858,0.198403,0.054935,301.055389,181.578659,-44.708149,3.141593,1.0,-0.188364,-0.755232,-0.627808,-20.632723,163.765442,2.159818,7.594425,5.309283,2.236293,86.74147,0.872975,1.0,2.488831,50.3256,151.27919,4.968006
0.235066,-0.622824,0.746214,0.033031,0.772401,0.634276,0.971418,0.124448,-0.202137,61.197964,-0.974935,0.217242,0.048041,300.183899,182.172989,-46.865376,3.141593,1.0,-0.19768,-0.746692,-0.635117,-20.513472,163.790329,2.04101,2.379612,-1.289563,-3.523605,86.74147,0.665529,1.0,2.514849,50.147594,150.140854,5.163412
0.236208,-0.621485,0.746969,0.038442,0.774096,0.631899,0.970942,0.120545,-0.206739,61.197964,-0.975104,0.214507,0.056213,300.218384,181.516525,-48.455795,3.141593,1.0,-0.201169,-0.749052,-0.631231,-20.425491,163.985886,2.184451,4.915956,10.156446,5.567111,86.74147,0.080243,1.0,2.540837,50.30468,150.489029,4.7574
0.223827,-0.628577,0.744844,0.029549,0.768259,0.639457,0.974181,0.121118,-0.190531,61.197964,-0.974524,0.213408,0.06899,301.230255,181.743866,-44.787163,3.141593,1.0,-0.207618,-0.742022,-0.637415,-20.311611,164.082565,2.319356,3.758267,-0.078764,4.323517,86.74147,0.214174,1.0,2.567003,50.482868,150.568832,4.254319
0.208408,-0.635989,0.743023,0.012601,0.761388,0.648174,0.977961,0.125722,-0.166693,61.197964,-0.973859,0.212788,0.079501,302.38681,183.080521,-39.028992,3.141593,1.0,-0.212971,-0.733572,-0.64538,-20.178961,164.254257,2.365083,5.714055,9.428075,2.135979,86.74147,0.344232,1.0,2.592866,50.666458,150.720535,3.876657
0.193509,-0.642855,0.741142,-0.004587,0.75482,0.655916,0.981088,0.130325,-0.143116,61.197964,-0.97261,0.214431,0.089712,303.391785,184.400864,-33.271809,3.141593,1.0,-0.220058,-0.725159,-0.652471,-19.992489,164.542709,2.462606,8.647125,16.665539,6.012166,86.74147,1.238879,1.0,2.618982,50.86657,150.856079,3.565133
0.182313,-0.648755,0.738836,-0.016124,0.749356,0.661971,0.983108,0.132599,-0.126157,61.197964,-0.970957,0.217409,0.099876,304.074768,185.125244,-29.176353,3.141593,1.0,-0.2284,-0.717984,-0.65752,-19.813023,164.922287,2.66639,5.439877,20.224533,10.041648,86.74147,2.081184,1.0,2.645019,51.029503,150.995163,3.295665
0.178643,-0.654737,0.734443,-0.01918,0.743991,0.667915,0.983727,0.133405,-0.12035,61.197964,-0.969518,0.220581,0.106674,304.204041,185.459167,-27.915176,3.141593,1.0,-0.234728,-0.711292,-0.662545,-19.799707,165.309372,2.812503,1.319662,16.228022,4.838747,86.74147,2.082069,1.0,2.671085,50.99947,151.121704,3.062187
0.181171,-0.659489,0.729555,-0.016166,0.739734,0.672705,0.983319,0.133669,-0.123357,61.197964,-0.968814,0.222501,0.109056,304.056152,185.705795,-28.807243,3.141593,1.0,-0.237299,-0.7064,-0.666849,-19.801558,165.657639,2.88675,-0.075154,13.039091,4.472073,86.74147,2.105442,1.0,2.697037,50.956703,151.300415,2.944024
0.20355,-0.664248,0.719265,0.011029,0.736154,0.676724,0.979002,0.129814,-0.15717,61.197964,-0.967143,0.236117,0.094245,302.676025,184.143738,-36.992085,3.141593,1.0,-0.236678,-0.700856,-0.672892,-19.791634,166.004135,2.845434,0.351665,12.848981,0.834672,86.74147,3.851758,1.0,2.722956,50.687557,150.730408,3.462386
0.209885,-0.650354,0.730061,0.026061,0.750148,0.660756,0.977379,0.119657,-0.174394,61.197964,-0.96935,0.227422,0.09295,302.453186,182.540848,-41.403774,3.141593,1.0,-0.231481,-0.718656,-0.655706,-19.742588,166.392609,2.921015,3.446023,19.663908,2.320082,86.74147,4.074145,1.0,2.749083,50.88266,151.74205,3.483978
0.211185,-0.641662,0.737341,0.028794,0.758111,0.65149,0.977022,0.116354,-0.178577,61.197964,-0.970814,0.220704,0.093861,302.520935,182.459091,-42.480255,3.141593,1.0,-0.228089,-0.728655,-0.645784,-19.698826,166.673599,2.998711,-0.479218,8.012398,3.249681,86.74147,4.013974,1.0,2.775132,51.04224,152.510483,3.484357
0.213418,-0.636335,0.741304,0.027202,0.762362,0.646579,0.976582,0.117827,-0.180011,61.197964,-0.971719,0.216815,0.093558,302.551086,183.445679,-42.818195,3.141593,1.0,-0.225441,-0.733869,-0.64079,-19.620617,166.969757,3.015048,3.706024,10.885873,2.474787,86.74147,3.841707,1.0,2.801023,51.185551,153.117859,3.515397
0.21435,-0.629808,0.74659,0.023761,0.767492,0.640618,0.976468,0.119577,-0.179477,61.197964,-0.97224,0.215044,0.092227,302.628693,184.283157,-42.544323,3.141593,1.0,-0.223774,-0.739356,-0.635042,-19.551846,167.164764,3.051192,2.921466,5.702045,2.432202,86.74147,3.532237,1.0,2.827119,51.292629,153.504929,3.651868
0.210583,-0.620933,0.755048,0.01736,0.774621,0.632188,0.977422,0.120021,-0.173901,61.197964,-0.972734,0.214303,0.088671,302.986389,184.797791,-40.811268,3.141593,1.0,-0.221655,-0.746534,-0.627341,-19.471066,167.42572,3.05312,0.355316,3.266309,0.490548,86.74147,3.16876,1.0,2.870377,51.40477,153.905334,3.949713
0.206575,-0.617521,0.758943,0.016843,0.777803,0.628282,0.978286,0.117004,-0.171075,61.197964,-0.972567,0.215871,0.086682,303.341675,184.144501,-39.947006,3.141593,1.0,-0.221937,-0.749408,-0.623805,-19.324543,167.636719,3.029076,3.02297,4.826967,0.648717,86.74147,3.23481,1.0,2.896453,51.537651,154.028458,4.086594
0.200828,-0.613811,0.763481,0.015384,0.78124,0.624042,0.979506,0.11358,-0.166338,61.197964,-0.972411,0.217023,0.085547,303.799072,183.382477,-38.562378,3.141593,1.0,-0.222483,-0.75256,-0.619802,-19.17786,167.819412,3.066197,7.548677,7.102733,3.558572,86.74147,3.316473,1.0,2.922484,51.681076,154.147797,4.251858
0.195312,-0.609418,0.768416,0.01204,0.784936,0.61946,0.980667,0.111737,-0.160645,61.197964,-0.97253,0.217043,0.084127,304.142334,183.135117,-36.975025,3.141593,1.0,-0.222006,-0.756177,-0.615557,-19.147314,168.019806,3.032091,-0.176983,5.528354,-1.18295,86.74147,3.387471,1.0,2.948451,51.725353,154.374878,4.373819
0.188864,-0.603191,0.774913,0.006461,0.789861,0.613252,0.981982,0.110815,-0.153074,61.197964,-0.972959,0.215789,0.082378,304.610748,183.265808,-34.902283,3.141593,1.0,-0.220472,-0.761285,-0.609784,-19.05341,168.255722,2.957752,4.618315,8.895352,-4.042965,86.74147,3.387774,1.0,2.974474,51.855377,154.742828,4.497831
0.180803,-0.600008,0.779295,-0.000656,0.79228,0.610157,0.983519,0.11083,-0.142854,61.197964,-0.973358,0.214795,0.080227,305.172333,183.522842,-32.132298,3.141593,1.0,-0.218601,-0.763747,-0.607375,-18.91382,168.417084,2.851536,6.555161,5.232635,-3.728665,86.74147,3.76752,1.0,3.00044,52.021309,154.996094,4.637208
0.173609,-0.596791,0.78339,-0.009239,0.794448,0.607262,0.984771,0.112664,-0.13241,61.197964,-0.973706,0.213567,0.079281,305.620636,184.23082,-29.371294,3.141593,1.0,-0.217267,-0.765971,-0.605048,-18.820189,168.531235,2.752469,3.354305,4.713375,-4.288113,86.74147,3.991684,1.0,3.026484,52.147316,155.231888,4.710064
0.171696,-0.596127,0.784317,-0.01436,0.79454,0.607042,0.985045,0.115489,-0.127859,61.197964,-0.974035,0.211687,0.080278,305.843109,185.132935,-28.344275,3.141593,1.0,-0.216407,-0.766371,-0.604851,-18.702429,168.55986,2.622929,4.667309,2.861936,-4.448933,86.74147,4.318541,1.0,3.052491,52.299244,155.406891,4.565777
0.174714,-0.59861,0.781755,-0.016413,0.792086,0.610189,0.984482,0.119439,-0.128564,61.197964,-0.973941,0.211373,0.082225,305.802032,186.19577,-28.790062,3.141593,1.0,-0.217089,-0.763843,-0.607796,-18.60187,168.579788,2.492815,3.334053,-1.874728,-3.996029,86.74147,4.753135,1.0,3.07848,52.403053,155.452942,4.301419
0.18703,-0.605235,0.773764,-0.010863,0.786341,0.617698,0.982294,0.123933,-0.140494,61.197964,-0.971939,0.223044,0.074744,305.028931,186.580765,-31.733942,3.141593,1.0,-0.220769,-0.755194,-0.617205,-18.601576,168.569016,2.293928,-2.252059,-1.108285,-14.738688,86.74147,5.277411,1.0,3.104488,52.193192,154.681198,4.428324
0.204414,-0.612921,0.763245,0.014639,0.781536,0.623688,0.978775,0.116317,-0.16873,61.197964,-0.972219,0.222215,0.073553,304.069672,184.450684,-39.376331,3.141593,1.0,-0.218909,-0.751931,-0.621834,-18.613005,168.471893,2.147123,-1.822,-2.335326,-4.805118,86.74147,6.087889,1.0,3.130552,52.139713,154.511475,4.053507
0.205784,-0.622046,0.755455,0.028437,0.775452,0.630766,0.978184,0.108319,-0.177265,61.197964,-0.972335,0.219424,0.080115,303.907104,182.40799,-42.118313,3.141593,1.0,-0.220276,-0.747148,-0.627095,-18.649416,168.466278,2.109258,-2.054376,-0.521445,0.13057,86.74147,6.519424,1.0,3.156559,52.129269,154.527481,3.508527
0.201924,-0.627754,0.751766,0.028882,0.77106,0.636108,0.978975,0.106733,-0.173826,61.197964,-0.971944,0.219192,0.085321,304.113495,181.89003,-41.486759,3.141593,1.0,-0.222905,-0.742557,-0.631603,-18.653603,168.417297,2.153253,-2.289928,0.159798,0.440727,86.74147,6.894419,1.0,3.182578,52.131996,154.41777,3.254835
0.198077,-0.629246,0.751542,0.021976,0.769391,0.6384,0.97994,0.109936,-0.166227,61.197964,-0.971514,0.220287,0.087374,304.353424,182.631729,-39.604233,3.141593,1.0,-0.224807,-0.74002,-0.633902,-18.657253,168.3983,2.133891,-0.190895,-0.237584,-0.838817,86.74147,6.979326,1.0,3.208697,52.123596,154.334991,3.181419
0.195326,-0.629138,0.752352,0.013316,0.768759,0.6394,0.980648,0.114873,-0.158536,61.197964,-0.971354,0.220888,0.087633,304.518066,183.875397,-37.584496,3.141593,1.0,-0.22529,-0.738666,-0.635309,-18.676399,168.372803,2.113485,0.436439,-3.121687,-1.554666,86.74147,7.042679,1.0,3.234575,52.106045,154.307999,3.221601
0.194655,-0.629395,0.752311,0.006635,0.767809,0.640644,0.980849,0.119713,-0.153634,61.197964,-0.9713,0.221278,0.087253,304.553284,185.092484,-36.270679,3.141593,1.0,-0.225177,-0.737226,-0.637019,-18.691452,168.335083,2.094666,1.558107,-1.536338,-0.88409,86.74147,6.971132,1.0,3.260596,52.089428,154.279236,3.273603
0.195325,-0.629702,0.75188,0.004327,0.767193,0.641402,0.980729,0.122028,-0.152576,61.197964,-0.971348,0.221328,0.086588,304.52063,185.672546,-35.984425,3.141593,1.0,-0.224689,-0.736482,-0.638051,-18.691086,168.307404,2.058346,-0.493697,3.976217,1.403034,86.74147,7.001196,1.0,3.286613,52.087711,154.263306,3.287622
0.195515,-0.630736,0.750963,0.005314,0.766412,0.642328,0.980686,0.121594,-0.153197,61.197964,-0.971484,0.220934,0.086058,304.474762,185.575104,-36.197632,3.141593,1.0,-0.223957,-0.735866,-0.639019,-18.726877,168.310577,1.979827,-1.842097,-0.066446,-3.341523,86.74147,7.192861,1.0,3.312767,52.052872,154.277695,3.234125
0.195577,-0.631606,0.750216,0.008745,0.766082,0.642684,0.980649,0.119134,-0.155351,61.197964,-0.971659,0.220067,0.086315,304.431549,184.913452,-36.797741,3.141593,1.0,-0.223454,-0.735945,-0.639103,-18.768934,168.255051,1.972378,-1.531665,-0.945915,-0.026531,86.74147,7.340144,1.0,3.338628,52.019157,154.249268,3.188494
0.194878,-0.629977,0.751766,0.010544,0.767762,0.640648,0.980771,0.116921,-0.156262,61.197964,-0.972023,0.21842,0.086391,304.407288,184.366653,-37.060089,3.141593,1.0,-0.222478,-0.738191,-0.63685,-18.85079,168.174545,1.953706,-2.733326,0.091057,-2.432445,86.74147,7.293517,1.0,3.364685,51.963627,154.271896,3.160711
0.195703,-0.629228,0.752179,0.013525,0.768669,0.639503,0.98057,0.114979,-0.158941,61.197964,-0.9723,0.217244,0.086244,304.292999,183.917496,-37.787376,3.141593,1.0,-0.221621,-0.739599,-0.635513,-18.928087,168.157761,1.931622,-3.598941,-1.72281,0.306197,86.74147,7.260392,1.0,3.391055,51.901047,154.322632,3.122994
0.196794,-0.631018,0.750392,0.016832,0.767421,0.640923,0.9803,0.113499,-0.161645,61.197964,-0.972172,0.217508,0.087013,304.151337,183.475388,-38.62175,3.141593,1.0,-0.222197,-0.738432,-0.636669,-18.990976,168.14241,1.871668,-2.269106,1.645888,-2.640602,86.74147,7.209079,1.0,3.416661,51.828781,154.261536,2.984489
0.209025,-0.635752,0.743053,0.034523,0.764162,0.6441,0.977301,0.10898,-0.181677,61.197964,-0.970092,0.230474,0.07618,303.024109,181.324814,-43.595932,3.141593,1.0,-0.224653,-0.733585,-0.641392,-19.09675,168.034424,1.59685,-4.26822,-8.303581,-7.817556,86.74147,7.063623,1.0,3.442746,51.473656,153.274063,3.166488
0.215016,-0.644354,0.733878,0.06481,0.759212,0.647609,0.974458,0.091684,-0.205003,61.197964,-0.969634,0.231765,0.078064,302.21579,176.401291,-50.017776,3.141593,1.0,-0.226567,-0.731138,-0.64351,-19.107363,167.849716,1.543086,0.628982,-5.318954,-0.597213,86.74147,6.943787,1.0,3.468655,51.397095,152.80249,2.748519
0.225745,-0.65197,0.723861,0.094506,0.754193,0.649817,0.969592,0.078283,-0.23187,61.197964,-0.967886,0.241047,0.071366,300.706573,171.981934,-56.886696,3.141593,1.0,-0.228965,-0.728077,-0.646126,-19.147865,167.609116,1.459173,0.601234,-6.207497,2.470245,86.74147,6.616718,1.0,3.494717,51.140385,151.832336,2.795145
0.217234,-0.654458,0.72422,0.102924,0.753159,0.649737,0.970678,0.066605,-0.230972,61.197964,-0.968665,0.235268,0.079607,301.109741,169.222595,-57.05479,3.141593,1.0,-0.230023,-0.728869,-0.644856,-19.125885,167.622559,1.558483,2.055857,5.020186,5.073848,86.74147,6.091521,1.0,3.520785,51.263916,152.078873,2.395744
0.199361,-0.648667,0.734497,0.078278,0.75769,0.647903,0.976795,0.071672,-0.201831,61.197964,-0.969502,0.229442,0.086157,302.885864,171.079483,-49.561153,3.141593,1.0,-0.230101,-0.731103,-0.642294,-19.081865,167.747238,1.64879,0.834402,6.242167,3.594198,86.74147,5.949994,1.0,3.546823,51.465687,152.631729,2.388709
0.18396,-0.64291,0.743522,0.04246,0.760923,0.647451,0.982016,0.087535,-0.167277,61.197964,-0.969824,0.226742,0.089613,304.417999,175.587311,-40.508011,3.141593,1.0,-0.230287,-0.731215,-0.6421,-19.002483,167.845032,1.664334,2.717762,3.415187,-2.690976,86.74147,5.868324,1.0,3.572776,51.653797,153.056427,2.548006
0.174443,-0.639959,0.748347,0.013168,0.761448,0.648093,0.984579,0.103201,-0.141256,61.197964,-0.969546,0.226869,0.092256,305.215698,179.792923,-33.752575,3.141593,1.0,-0.231918,-0.729422,-0.643551,-18.907959,167.885574,1.621517,3.336127,0.995098,-4.000118,86.74147,5.506793,1.0,3.598935,51.791809,153.22963,2.605697
0.170783,-0.640597,0.748644,-0.002717,0.759498,0.650504,0.985305,0.113129,-0.127969,61.197964,-0.968438,0.230645,0.094498,305.471558,182.148758,-30.504761,3.141593,1.0,-0.23586,-0.725381,-0.646678,-18.801371,167.857468,1.46031,4.666871,-2.380157,-8.167133,86.74147,5.236163,1.0,3.624852,51.860886,153.030121,2.433554
0.16886,-0.645684,0.744701,-0.004229,0.755069,0.655632,0.985631,0.113859,-0.12477,61.197964,-0.966762,0.236645,0.096798,305.557281,181.807251,-30.008583,3.141593,1.0,-0.241251,-0.718934,-0.651868,-18.703445,167.755508,1.256635,4.053277,-7.370147,-10.047787,86.74147,5.070951,1.0,3.650858,51.862682,152.500626,2.106353
0.167114,-0.655559,0.73642,0.006103,0.747597,0.664124,0.985919,0.10649,-0.128935,61.197964,-0.964933,0.243364,0.098374,305.54422,179.055527,-31.539803,3.141593,1.0,-0.246303,-0.709844,-0.659891,-18.656265,167.485107,0.957945,2.475736,-12.642973,-12.037084,86.74147,0.315051,1.0,3.676953,51.775551,151.645645,1.647064
0.167633,-0.659339,0.73292,0.022802,0.745834,0.665741,0.985586,0.094888,-0.14006,61.197964,-0.963911,0.246911,0.099555,305.457489,175.226425,-34.923077,3.141593,1.0,-0.249611,-0.708154,-0.660464,-18.578245,166.992996,0.62884,3.57187,-18.092325,-9.864436,86.74147,2.120558,1.0,3.702991,51.774498,150.802917,1.127525
0.172488,-0.661092,0.730209,0.035339,0.744996,0.666132,0.984377,0.089095,-0.151866,61.197964,-0.962359,0.250153,0.106251,305.163483,173.182968,-38.642349,3.141593,1.0,-0.256539,-0.707004,-0.659039,-18.498245,166.706558,0.489159,2.185476,-10.986913,-2.42135,86.74147,2.534731,1.0,3.728901,51.791515,150.250595,0.44679
0.186035,-0.665004,0.723298,0.041895,0.740848,0.670365,0.98165,0.094409,-0.165684,61.197964,-0.959045,0.26375,0.103289,304.280029,173.453217,-42.398949,3.141593,1.0,-0.263897,-0.699495,-0.664127,-18.419775,166.449417,0.264672,1.971874,-15.738478,-19.120615,86.74147,2.7524,1.0,3.754876,51.61021,149.153,0.246898
0.217528,-0.661405,0.717792,0.064935,0.743579,0.665487,0.973892,0.098152,-0.204698,61.197964,-0.956205,0.27772,0.092436,302.08252,173.291504,-52.420044,3.141593,1.0,-0.267582,-0.701422,-0.660611,-18.320656,166.091339,0.011723,2.947981,-11.087829,-4.202822,86.74147,2.886482,1.0,3.780958,51.409554,148.027802,0.267819
0.201645,-0.709734,0.674994,0.02956,0.693246,0.720095,0.979012,0.125251,-0.16077,61.197964,-0.944465,0.28703,0.159999,303.553558,178.961472,-44.187183,2.58139,0.927819,-0.313041,-0.637768,-0.703745,-17.861494,165.768555,0.877582,11.836501,-36.245323,11.806927,86.74147,5.77716,0.90964,3.807322,51.562534,146.722763,-2.806148
0.183382,-0.705944,0.684116,-0.052237,0.687936,0.723889,0.981653,0.168484,-0.089279,61.197964,-0.940645,0.292288,0.172496,304.386414,189.404373,-25.824272,2.610609,0.88827,-0.324253,-0.623851,-0.711105,-17.676046,165.093582,0.926625,8.150792,-17.829912,-1.426139,86.74147,10.270094,0.81964,3.832989,51.715752,146.037643,-2.844488
0.248702,-0.69084,0.678887,-0.078509,0.684225,0.725033,0.965393,0.233616,-0.115931,61.197964,-0.935085,0.316177,0.160148,299.93985,204.953918,-32.176384,2.699757,1.0,-0.329352,-0.60825,-0.72219,-17.446217,164.769333,1.001201,8.322215,-12.276978,5.041245,86.74147,13.49863,0.817926,3.859139,51.454357,144.82283,-2.336466
0.322704,-0.68846,0.649526,-0.051402,0.67248,0.738328,0.945103,0.271649,-0.181624,61.197964,-0.929425,0.335098,0.154526,294.439911,213.81955,-49.333591,3.141593,1.0,-0.334583,-0.588646,-0.735901,-17.172417,164.756882,1.181441,8.250234,-2.640899,-1.883355,86.74147,10.850267,0.829574,3.884991,51.176918,143.899078,-2.58484
