0.106804,-0.1997,-0.974019,0.197564,0.964351,-0.176054,0.974454,-0.173628,0.14245,61.429531,-0.992527,-0.008199,-0.12175,325.085938,97.630714,37.637234,0.236876,0.0,-0.016648,-0.979312,0.20167,2.68431,140.939102,-0.041858,2.387446,-2.850407,1.565674,86.528008,76.20533,0.0,1.742894,74.884895,142.211411,1.061772
0.107049,-0.198503,-0.974237,0.197905,0.964514,-0.174776,0.974358,-0.174097,0.142535,61.440723,-0.992553,-0.009257,-0.121459,325.132416,97.534309,37.631996,0.231712,0.0,-0.015408,-0.979558,0.20057,2.760613,140.89267,-0.054547,2.611315,-4.335729,0.247793,86.52755,76.222908,0.0,1.768961,74.957443,142.235245,1.034813
0.106722,-0.197698,-0.974436,0.198171,0.9646,-0.173999,0.97434,-0.174536,0.142123,61.447727,-0.992524,-0.009594,-0.12167,325.177673,97.321114,37.587784,0.230916,0.0,-0.015037,-0.979696,0.199922,2.812867,140.770157,-0.003326,1.506076,-4.090364,3.311378,86.527145,76.264374,0.0,1.794945,75.008575,142.134521,1.096755
0.106605,-0.195477,-0.974897,0.198749,0.964886,-0.171737,0.974235,-0.175451,0.141713,61.454067,-0.992446,-0.009885,-0.122287,325.152954,96.954071,37.54977,0.233894,0.0,-0.014623,-0.980113,0.197901,2.818076,140.612915,0.02412,-0.81322,-5.743555,-0.101562,86.526749,76.352478,0.0,1.820909,75.011887,142.002335,1.16406
0.105662,-0.196373,-0.97482,0.20133,0.96423,-0.172417,0.973808,-0.178042,0.141418,61.454563,-0.992399,-0.01018,-0.122639,325.038269,96.164703,37.573174,0.236098,0.0,-0.014553,-0.979871,0.199099,2.816583,140.506821,0.107311,-1.297709,-1.708643,4.278899,86.526375,76.365044,0.0,1.846925,75.008041,141.87793,1.263431
0.104651,-0.199023,-0.974391,0.203938,0.963244,-0.174843,0.973374,-0.180418,0.141393,61.446301,-0.992352,-0.010695,-0.122972,324.921539,95.551483,37.634903,0.241102,0.0,-0.014488,-0.979262,0.20208,2.814415,140.520355,0.162327,2.529419,-2.416757,-0.0927,86.526093,76.339905,0.0,1.87297,75.003601,141.874603,1.331654
0.103306,-0.198633,-0.974614,0.204875,0.963095,-0.17457,0.973321,-0.18164,0.140188,61.436817,-0.992271,-0.01143,-0.123562,324.883911,95.327019,37.431107,0.247601,0.0,-0.013896,-0.979251,0.202174,2.792228,140.576981,0.243448,-0.460251,3.953723,3.424075,86.525887,76.276794,0.0,1.899045,74.980232,141.963669,1.437261
0.10192,-0.196887,-0.975114,0.204371,0.963454,-0.173172,0.973573,-0.181635,0.138433,61.424965,-0.992233,-0.014273,-0.12357,324.91449,95.644035,37.094189,0.25368,0.0,-0.010961,-0.979499,0.201152,2.76343,140.706528,0.371846,0.053043,2.952737,5.0679,86.525757,76.174026,0.0,1.925082,74.946518,142.279434,1.551038
0.10122,-0.194191,-0.975728,0.202444,0.964265,-0.170909,0.974049,-0.18023,0.136915,61.412186,-0.992214,-0.01839,-0.123182,325.089569,96.35099,36.757687,0.258433,0.0,-0.006564,-0.979943,0.199168,2.825194,140.764481,0.459504,3.163303,2.946647,1.653292,86.525665,76.099258,0.0,1.951054,74.999825,142.625641,1.604301
0.099659,-0.19128,-0.976463,0.200489,0.965081,-0.168589,0.974614,-0.178968,0.134528,61.397209,-0.992213,-0.021559,-0.122674,325.346802,96.920753,36.138836,0.26205,0.0,-0.003047,-0.980409,0.196949,2.943349,140.780838,0.50399,3.812359,0.692256,1.518481,86.525635,76.047012,0.0,1.977656,75.112083,142.871384,1.598371
0.098427,-0.1912,-0.976604,0.19834,0.965449,-0.169027,0.975179,-0.177062,0.132949,61.384148,-0.992234,-0.024158,-0.122018,325.585632,97.651772,35.734467,0.265867,0.0,-0.000399,-0.980336,0.197336,3.041212,140.843323,0.563291,3.169735,3.162915,2.898253,86.525673,76.011139,0.0,2.003164,75.205872,143.112991,1.599405
0.097867,-0.192731,-0.976359,0.19569,0.965642,-0.171,0.97577,-0.174328,0.13222,61.370907,-0.99225,-0.025856,-0.121536,325.812347,98.470528,35.483517,0.262008,0.0,0.001154,-0.979986,0.199063,3.117185,140.839676,0.542038,3.619006,-0.516726,-2.211247,86.525757,75.989868,0.0,2.029062,75.280525,143.229843,1.535743
0.09768,-0.194087,-0.976109,0.192545,0.965954,-0.1728,0.976414,-0.171065,0.131725,61.359493,-0.992284,-0.027172,-0.12097,326.010498,99.36927,35.29892,0.249849,0.0,0.002389,-0.979698,0.200463,3.149969,140.795898,0.528751,-0.700271,-1.661205,1.237891,86.525887,75.950966,0.0,2.058728,75.312943,143.290878,1.478052
0.097574,-0.196487,-0.975639,0.191218,0.965754,-0.175372,0.976686,-0.169448,0.131804,61.350224,-0.992312,-0.027521,-0.120664,326.113831,99.774788,35.317024,0.235313,0.0,0.002495,-0.979213,0.202821,3.181835,140.766922,0.551128,1.6988,-1.467299,1.081065,86.526085,75.925789,0.0,2.081101,75.346123,143.281265,1.475776
0.097794,-0.199731,-0.974958,0.190263,0.965337,-0.178675,0.97685,-0.168025,0.132405,61.339275,-0.992315,-0.027872,-0.120559,326.187897,100.026978,35.449875,0.221197,0.0,0.002458,-0.978548,0.206005,3.211983,140.643051,0.538271,0.850681,-6.284186,-1.317748,86.526337,75.925667,0.0,2.107093,75.377274,143.168198,1.45421
0.097884,-0.203121,-0.974249,0.190671,0.964642,-0.181961,0.976762,-0.16795,0.133152,61.329033,-0.992312,-0.027258,-0.120724,326.136108,99.813019,35.628998,0.215003,0.0,0.001399,-0.977854,0.209282,3.178884,140.474243,0.515988,-1.815533,-7.976067,0.017837,86.526665,75.949074,0.0,2.133147,75.347321,142.934952,1.441458
0.098471,-0.205561,-0.973678,0.191832,0.964003,-0.184118,0.976475,-0.168653,0.13436,61.32061,-0.992363,-0.026686,-0.120432,326.016815,99.369484,35.866623,0.2175,0.0,0.000617,-0.977381,0.211486,3.131028,140.272522,0.454727,-1.251424,-5.477492,-4.19403,86.527077,75.991425,0.0,2.159239,75.300522,142.672134,1.368846
0.099097,-0.206147,-0.97349,0.193339,0.963651,-0.184383,0.976115,-0.169942,0.135351,61.315357,-0.992484,-0.027192,-0.119317,325.898621,98.828636,36.062191,0.221569,0.0,0.001302,-0.977292,0.211893,3.107821,140.048126,0.455872,-1.094361,-9.693274,-0.161335,86.527565,76.023369,0.0,2.185208,75.273529,142.462631,1.309697
0.10017,-0.206906,-0.973219,0.195518,0.963161,-0.184644,0.975571,-0.171787,0.136934,61.31329,-0.99256,-0.02762,-0.118583,325.744751,98.256302,36.421787,0.225085,0.0,0.001809,-0.977169,0.212454,3.09663,139.94664,0.439509,0.876481,-2.517035,-1.959003,86.528091,75.99781,0.0,2.211254,75.25779,142.364105,1.262711
0.101166,-0.205662,-0.97338,0.196684,0.963223,-0.183074,0.975234,-0.172927,0.137895,61.312336,-0.992593,-0.028035,-0.118211,325.62558,97.982506,36.643127,0.226755,0.0,0.00247,-0.977467,0.211076,3.066356,139.940613,0.423449,-1.184033,-3.319273,-0.30917,86.528648,75.989136,0.0,2.237212,75.223541,142.383438,1.236966
0.101786,-0.204288,-0.973605,0.197115,0.963425,-0.181544,0.975082,-0.173434,0.138331,61.315731,-0.992599,-0.028195,-0.118121,325.554718,97.869675,36.744968,0.224992,0.0,0.002828,-0.977778,0.209626,3.034727,139.941574,0.410521,-0.226333,4.502118,-0.230487,86.52919,75.940247,0.0,2.263348,75.190048,142.401001,1.226691
0.102351,-0.204287,-0.973546,0.197358,0.9634,-0.18141,0.974974,-0.173569,0.138922,61.318565,-0.992607,-0.027692,-0.118169,325.503845,97.751999,36.880295,0.223952,0.0,0.002344,-0.977815,0.209459,3.008983,139.890381,0.384363,0.558337,0.750425,-2.717383,86.529716,75.890106,0.0,2.289426,75.165405,142.318359,1.210024
0.1027,-0.204422,-0.973481,0.197728,0.963321,-0.181429,0.974862,-0.173851,0.139353,61.321136,-0.992624,-0.026711,-0.118252,325.448975,97.663971,36.97403,0.224394,0.0,0.001368,-0.97783,0.209398,2.978505,139.938766,0.357679,0.044474,4.942188,-2.317702,86.530251,75.856369,0.0,2.315225,75.137695,142.303055,1.193071
0.102795,-0.204654,-0.973422,0.197808,0.963267,-0.181631,0.974836,-0.17388,0.139501,61.323643,-0.992631,-0.026435,-0.118259,325.418182,97.639091,36.998898,0.22446,0.0,0.001072,-0.977793,0.20957,2.951704,139.940369,0.342748,-1.466562,-0.712161,0.280193,86.530792,75.828156,0.0,2.341326,75.112091,142.28569,1.179642
0.102913,-0.204213,-0.973502,0.197993,0.96332,-0.181147,0.974786,-0.174104,0.139571,61.323624,-0.992582,-0.027029,-0.118533,325.362274,97.751541,37.083813,0.224935,0.0,0.001639,-0.977859,0.209257,2.908753,140.073502,0.390586,-2.440072,7.656216,1.234069,86.531372,75.793869,0.0,2.367291,75.067429,142.456192,1.246251
0.102078,-0.203819,-0.973672,0.197902,0.963381,-0.180917,0.974892,-0.174224,0.138676,61.321678,-0.992593,-0.02717,-0.118409,325.293091,97.863647,36.937794,0.26012,0.0,0.001835,-0.977911,0.209014,2.809625,140.207031,0.490479,-5.256218,-3.537551,5.979721,86.531944,76.130592,0.0,2.393448,74.969261,142.599319,1.32978
0.096442,-0.206774,-0.973624,0.202686,0.961767,-0.184179,0.974483,-0.179577,0.134665,61.317318,-0.992684,-0.027574,-0.117553,325.114563,96.457893,36.041122,0.319505,0.0,0.00192,-0.977056,0.212975,2.73277,140.239029,0.727724,-2.00304,1.947234,10.760004,86.532455,76.9431,0.0,2.419363,74.894249,142.56842,1.462803
0.091404,-0.205595,-0.974359,0.208807,0.96066,-0.183116,0.973676,-0.186716,0.130738,61.310188,-0.992619,-0.032727,-0.116773,324.947815,95.102425,35.298111,0.376181,0.0,0.00708,-0.976896,0.213599,2.789282,140.474365,1.082144,4.202646,7.926575,14.321022,86.53289,77.543533,0.0,2.445597,74.93338,143.046127,1.727996
0.087427,-0.204157,-0.975026,0.213107,0.959948,-0.181891,0.973109,-0.191883,0.127432,61.307808,-0.992673,-0.037564,-0.114849,324.915466,94.116142,34.757076,0.435486,0.0,0.012266,-0.976869,0.213488,2.91952,140.566147,1.542647,6.475204,0.915369,19.606016,86.533257,78.021065,0.0,2.471492,75.045387,143.386856,2.035649
0.08444,-0.214396,-0.97309,0.218173,0.956859,-0.191888,0.97225,-0.196099,0.127573,61.312466,-0.993011,-0.040062,-0.111018,324.792633,93.201599,35.039841,0.470151,0.0,0.014268,-0.974477,0.224033,3.02585,140.709396,2.052366,3.100698,6.464126,18.992973,86.533653,78.500595,0.0,2.497562,75.14212,143.555008,2.282188
0.08626,-0.222373,-0.971138,0.222601,0.95443,-0.198775,0.971086,-0.19903,0.131829,61.316238,-0.993389,-0.035187,-0.109268,324.474304,92.47364,36.43428,0.444019,0.0,0.009103,-0.973011,0.23058,2.993632,141.123489,2.434988,-0.089087,31.839149,10.715503,86.534134,78.626122,0.0,2.523412,75.121468,143.580078,2.583535
0.096986,-0.224952,-0.969531,0.21802,0.955267,-0.199833,0.971113,-0.191996,0.141691,61.322025,-0.993726,-0.024617,-0.109095,324.350372,94.2248,39.271099,0.34499,0.0,-0.001048,-0.973382,0.229187,2.835509,141.643616,2.647119,-5.93556,20.706018,7.767815,86.534737,77.883759,0.0,2.549621,74.988815,143.525345,2.887753
0.106463,-0.227713,-0.967891,0.210641,0.956495,-0.201863,0.971749,-0.182386,0.149797,61.334362,-0.994011,-0.016725,-0.107997,324.403809,96.79277,41.535507,0.268195,0.0,-0.008462,-0.973475,0.228636,2.706917,142.132309,2.815681,-4.038418,18.842579,5.982969,86.535248,77.262665,0.0,2.575421,74.877426,143.626022,3.070518
0.112388,-0.229871,-0.96671,0.200843,0.958049,-0.204462,0.973155,-0.171178,0.153841,61.349266,-0.994252,-0.011541,-0.106439,324.723267,99.987267,42.675671,0.218889,0.0,-0.013184,-0.973408,0.228698,2.649364,142.656433,2.974958,-1.157045,19.559969,5.648226,86.535622,76.827705,0.0,2.601577,74.834541,143.942673,3.172079
0.115018,-0.230954,-0.966142,0.193379,0.959196,-0.206271,0.974359,-0.163107,0.154987,61.36417,-0.99439,-0.008707,-0.105415,325.076904,102.325081,43.044392,0.198943,0.0,-0.015734,-0.973341,0.228822,2.683042,143.015778,3.103058,-1.113085,6.870395,4.562485,86.535812,76.611488,0.0,2.627527,74.878387,144.208023,3.246482
0.11267,-0.238493,-0.964586,0.193662,0.957422,-0.2141,0.974577,-0.162681,0.15406,61.375385,-0.99452,-0.008343,-0.104216,325.127747,102.230042,42.757145,0.265362,0.0,-0.01663,-0.971497,0.236468,2.674184,142.89296,3.156384,-2.760722,-8.428868,1.68533,86.535904,77.486504,0.0,2.653506,74.872902,144.003708,3.197242
0.108185,-0.240495,-0.964603,0.199911,0.95574,-0.215864,0.973823,-0.169482,0.151474,61.378891,-0.994523,-0.008185,-0.104194,324.960114,100.435349,42.060154,0.318793,0.0,-0.017064,-0.970835,0.239141,2.700944,142.947266,3.156843,-0.464011,-2.678182,0.297952,86.536011,78.092972,0.0,2.679532,74.898575,143.955399,3.164119
0.103907,-0.240027,-0.965189,0.207865,0.954252,-0.214929,0.972623,-0.178296,0.149046,61.378326,-0.994457,-0.008342,-0.104814,324.70636,98.22039,41.460228,0.350499,0.0,-0.017104,-0.970738,0.239532,2.758883,143.080963,3.166514,2.874471,16.222076,-0.666963,86.53614,78.301079,0.0,2.705597,74.95266,144.003937,3.18758
0.100879,-0.243502,-0.96464,0.213346,0.952325,-0.218082,0.971755,-0.183802,0.14802,61.379658,-0.994525,-0.00931,-0.10408,324.502747,96.670189,41.146038,0.386338,0.0,-0.016412,-0.969746,0.243566,2.782956,142.97493,3.180619,1.770477,-4.04566,0.982728,86.536285,78.797646,0.0,2.731593,74.971649,143.867599,3.136837
0.098039,-0.247736,-0.963854,0.217962,0.950351,-0.222095,0.971021,-0.188309,0.147169,61.377682,-0.994583,-0.010991,-0.103361,324.350647,95.285187,40.779221,0.398052,0.0,-0.015117,-0.968528,0.248447,2.824335,142.730179,3.096346,0.77943,-10.536806,-5.014348,86.536491,79.043533,0.0,2.757713,75.007523,143.640167,2.988612
0.101876,-0.245702,-0.963977,0.216514,0.951266,-0.21958,0.970949,-0.186345,0.150109,61.373436,-0.994298,-0.015014,-0.105577,324.416473,95.698914,41.470985,0.317601,0.0,-0.01156,-0.969028,0.246679,2.915214,142.353546,2.859989,4.034927,0.81724,-4.116517,86.536804,77.924736,0.0,2.800943,75.090904,143.549591,2.925296
0.107467,-0.243459,-0.963939,0.210224,0.953196,-0.217308,0.971729,-0.179289,0.153618,61.37624,-0.994106,-0.018265,-0.106867,324.633759,97.541321,42.335514,0.27251,0.0,-0.008426,-0.96971,0.244112,2.935646,142.086777,2.700909,-0.9205,-26.596138,-3.242252,86.537323,77.355934,0.0,2.826958,75.106636,143.58046,2.888451
0.107062,-0.241769,-0.964409,0.209918,0.953615,-0.21576,0.97184,-0.179347,0.152848,61.380146,-0.993948,-0.020891,-0.107845,324.706573,97.486084,42.114887,0.260298,0.0,-0.005987,-0.969988,0.243078,2.982637,141.874725,2.62201,5.949543,2.04335,-6.046486,86.537888,77.039658,0.0,2.852907,75.149391,143.540329,2.865349
0.104964,-0.245318,-0.963744,0.213337,0.95209,-0.219116,0.971324,-0.182603,0.15227,61.375656,-0.993908,-0.02345,-0.107689,324.595123,96.43367,41.945427,0.285178,0.0,-0.003942,-0.968913,0.24737,3.008044,141.568588,2.62521,-1.90289,-19.15473,1.998959,86.538635,77.314507,0.0,2.879157,75.168472,143.32431,2.843904
0.1003,-0.250204,-0.962984,0.220109,0.949463,-0.223766,0.970305,-0.189518,0.150304,61.366306,-0.993975,-0.02564,-0.106569,324.327393,94.386345,41.362904,0.340362,0.0,-0.002203,-0.967385,0.253299,3.006812,141.282349,2.649455,1.423007,-10.837839,-2.116806,86.539452,78.051582,0.0,2.905058,75.160103,143.053177,2.765973
0.096188,-0.251521,-0.96306,0.226778,0.947638,-0.224843,0.969185,-0.196774,0.148191,61.352634,-0.99402,-0.027067,-0.105791,324.086761,92.420799,40.755314,0.384865,0.0,-0.000875,-0.966788,0.255577,3.057843,141.18631,2.658136,2.047983,-4.068861,-0.877561,86.540405,78.524872,0.0,2.930903,75.204453,142.951431,2.700453
0.094119,-0.251605,-0.963243,0.230792,0.946695,-0.224732,0.96844,-0.201158,0.14717,61.344536,-0.994114,-0.027538,-0.104785,323.904968,91.271751,40.467991,0.412075,0.0,-0.000208,-0.966672,0.25602,3.068594,141.18367,2.706278,-1.00189,-1.312997,2.788672,86.541435,78.741913,0.0,2.956956,75.21096,142.928726,2.674938
0.09382,-0.251845,-0.963209,0.231947,0.946383,-0.224853,0.968193,-0.202318,0.147204,61.339355,-0.994209,-0.027633,-0.103852,323.832825,90.949417,40.437874,0.424344,0.0,0.000108,-0.966632,0.256168,3.05851,141.16748,2.725038,-0.963973,-3.47215,3.524155,86.542526,78.767296,0.0,2.98297,75.199165,142.90506,2.635634
0.094296,-0.252846,-0.9629,0.231516,0.946263,-0.225805,0.96825,-0.201634,0.147767,61.335548,-0.994315,-0.027122,-0.102964,323.882507,91.129417,40.530334,0.424108,0.0,-0.00023,-0.966465,0.2568,3.089166,141.202499,2.723632,0.66827,4.737996,0.939065,86.543655,78.714355,0.0,3.009006,75.231049,142.910049,2.583043
0.095248,-0.25271,-0.962842,0.230279,0.946597,-0.225666,0.968452,-0.200228,0.148356,61.332584,-0.994377,-0.026403,-0.102551,323.920624,91.452774,40.633461,0.416746,0.0,-0.000763,-0.966608,0.256259,3.06958,141.191177,2.693888,0.126365,-0.182388,-2.230521,86.54483,78.638847,0.0,3.035027,75.214035,142.873108,2.534495
0.09613,-0.252412,-0.962833,0.228358,0.947105,-0.225489,0.96882,-0.198194,0.148686,61.332733,-0.994423,-0.026093,-0.102182,324.013611,91.99543,40.693176,0.408138,0.0,-0.000901,-0.966771,0.255643,3.062229,141.204941,2.687017,-0.586431,-0.750067,-1.723488,86.546013,78.539322,0.0,3.061028,75.209137,142.894012,2.508961
0.096223,-0.2531,-0.962643,0.225914,0.947444,-0.226522,0.969383,-0.195678,0.148345,61.335106,-0.994467,-0.026082,-0.101756,324.115601,92.690536,40.612312,0.398045,0.0,-0.000863,-0.966623,0.2562,3.012584,141.233582,2.7249,-3.337868,-1.172798,3.829385,86.547226,78.487701,0.0,3.087078,75.162918,142.943573,2.515136
0.096775,-0.252943,-0.962629,0.224133,0.947865,-0.226531,0.969742,-0.193834,0.148423,61.33778,-0.994498,-0.026328,-0.101394,324.206299,93.212364,40.62476,0.38833,0.0,-0.000497,-0.966706,0.255888,3.006475,141.245422,2.738127,-0.887087,1.560408,2.532226,86.548447,78.470909,0.0,3.113072,75.158081,142.992645,2.50699
0.097087,-0.254175,-0.962273,0.223004,0.947814,-0.227856,0.969971,-0.192469,0.148703,61.338741,-0.994622,-0.025753,-0.100314,324.2211,93.617561,40.715294,0.375253,0.0,-0.00087,-0.966478,0.256748,2.956826,141.329468,2.822898,-2.72879,3.703408,4.636105,86.549667,78.503189,0.0,3.139046,75.110535,143.047867,2.525093
0.098074,-0.257063,-0.961405,0.221773,0.947415,-0.230699,0.970154,-0.190588,0.149927,61.337051,-0.994812,-0.025876,-0.09838,324.211182,94.176453,41.068356,0.360685,0.0,-0.000498,-0.965857,0.259074,2.897797,141.398254,2.974382,-2.112085,2.684844,4.80235,86.550888,78.613144,0.0,3.165124,75.050117,143.124405,2.563265
0.099904,-0.257605,-0.961072,0.221165,0.94749,-0.230974,0.970106,-0.18948,0.151631,61.328995,-0.994939,-0.025745,-0.097123,324.193024,94.603928,41.538513,0.353426,0.0,-0.000289,-0.965877,0.258999,2.890597,141.537994,3.066952,-0.608816,4.813498,3.618167,86.552101,78.692886,0.0,3.191211,75.040817,143.268127,2.595039
0.102231,-0.256624,-0.961089,0.220587,0.947946,-0.229651,0.969995,-0.188526,0.153517,61.323849,-0.995013,-0.025868,-0.096329,324.169403,94.944786,42.051186,0.339687,0.0,0.000197,-0.966294,0.257443,2.894953,141.603928,3.121359,0.492469,2.28972,4.227016,86.553307,78.758812,0.0,3.217155,75.042145,143.364655,2.622757
0.104339,-0.254977,-0.961301,0.220573,0.948438,-0.227624,0.969774,-0.188287,0.1552,61.323318,-0.995094,-0.025467,-0.095596,324.098694,95.180077,42.53735,0.322265,0.0,0.000229,-0.966889,0.255196,2.879911,141.782043,3.198339,-1.092606,7.517819,0.236291,86.554497,78.747864,0.0,3.243295,75.024849,143.539062,2.676209
0.104936,-0.253527,-0.96162,0.218802,0.94915,-0.226362,0.97011,-0.186651,0.155073,61.325874,-0.995143,-0.025022,-0.095207,324.173065,95.7174,42.533897,0.302508,0.0,6.9e-05,-0.967333,0.25351,2.862177,141.896378,3.249248,1.573786,5.246889,1.852483,86.555618,78.703064,0.0,3.269109,75.00943,143.65686,2.704985
0.105258,-0.252591,-0.961831,0.216605,0.949805,-0.225728,0.970568,-0.184577,0.154687,61.33392,-0.995179,-0.023898,-0.095117,324.266754,96.309875,42.444542,0.292244,0.0,-0.000882,-0.967636,0.25235,2.829679,141.995621,3.265932,-0.959442,4.755116,-1.669898,86.556648,78.67765,0.0,3.295216,74.982414,143.717392,2.714126
0.105099,-0.251215,-0.962209,0.214892,0.950444,-0.224671,0.970966,-0.183158,0.153874,61.343246,-0.995137,-0.023864,-0.095562,324.351898,96.747269,42.275494,0.293161,0.0,-0.000901,-0.967961,0.251098,2.806189,142.045822,3.283255,0.020689,3.604339,1.050326,86.557632,78.645569,0.0,3.321189,74.96244,143.790756,2.753356
0.104361,-0.25071,-0.962421,0.213,0.950885,-0.224608,0.971463,-0.181555,0.152636,61.3536,-0.995083,-0.024004,-0.096088,324.460999,97.294403,42.004471,0.29581,0.0,-0.000872,-0.968023,0.250861,2.780801,142.154327,3.309512,-0.728441,2.190705,-0.300624,86.558571,78.640221,0.0,3.347153,74.941338,143.926758,2.799896
0.103454,-0.251806,-0.962232,0.211074,0.950947,-0.226159,0.97198,-0.179705,0.151529,61.364307,-0.995049,-0.024734,-0.096254,324.622009,97.927773,41.798885,0.296253,0.0,-0.000349,-0.967658,0.252266,2.803661,142.259872,3.392324,2.461596,7.520458,2.802548,86.559448,78.630745,0.0,3.373262,74.966919,144.085388,2.878313
0.102568,-0.249871,-0.962831,0.209726,0.95161,-0.224618,0.972366,-0.178892,0.15001,61.370888,-0.994985,-0.024374,-0.097011,324.740601,98.368996,41.474072,0.302673,0.0,-0.000717,-0.968093,0.250589,2.81569,142.492538,3.422386,1.686228,11.167854,0.391419,86.560318,78.643761,0.0,3.399229,74.98394,144.318146,2.943392
0.100485,-0.247759,-0.963596,0.208999,0.952146,-0.22302,0.97274,-0.17898,0.147458,61.381237,-0.994939,-0.023841,-0.097613,324.874603,98.511024,40.866863,0.313072,0.0,-0.001211,-0.968529,0.248899,2.845527,142.677658,3.45542,1.863132,4.936121,2.808633,86.561127,78.628258,0.0,3.425259,75.019455,144.483322,2.991277
0.098387,-0.246452,-0.964148,0.210368,0.952104,-0.221907,0.972659,-0.180993,0.145521,61.392155,-0.994916,-0.022926,-0.098065,324.907349,98.151253,40.376625,0.325807,0.0,-0.002114,-0.968775,0.247933,2.892689,142.905197,3.451978,1.063341,8.828168,-1.216337,86.561852,78.587601,0.0,3.451271,75.070793,144.640976,2.998271
0.096925,-0.246125,-0.96438,0.212437,0.951729,-0.221545,0.972356,-0.183397,0.144533,61.398865,-0.994896,-0.021221,-0.098645,324.900177,97.507019,40.166626,0.336102,0.0,-0.003898,-0.968819,0.247739,2.95636,143.008591,3.469043,3.037006,0.670963,-1.202485,86.562538,78.511772,0.0,3.477243,75.13945,144.614624,3.041772
0.096738,-0.245997,-0.964431,0.215965,0.951078,-0.220929,0.971597,-0.186911,0.145133,61.400349,-0.994849,-0.020179,-0.099336,324.787079,96.533592,40.336365,0.346863,0.0,-0.005075,-0.968841,0.247632,3.035901,143.039017,3.434423,2.53288,-0.65301,-3.988158,86.563225,78.433861,0.0,3.503316,75.219299,144.544296,3.057112
0.096351,-0.245903,-0.964494,0.219641,0.950368,-0.22036,0.970811,-0.19061,0.145579,61.399231,-0.994823,-0.020576,-0.099523,324.672485,95.646545,40.42474,0.351517,0.0,-0.004744,-0.968819,0.247724,3.125036,143.117111,3.391162,4.462389,2.441554,-2.633775,86.56395,78.358818,0.0,3.529346,75.304482,144.607803,3.03046
0.096123,-0.247277,-0.964165,0.220957,0.949784,-0.22156,0.970535,-0.191742,0.145933,61.398525,-0.994837,-0.021659,-0.099148,324.691895,95.392876,40.407967,0.348818,0.0,-0.003755,-0.968436,0.249234,3.216722,143.111481,3.305871,2.805001,-5.511545,-4.686056,86.564713,78.284935,0.0,3.555307,75.392662,144.645309,2.922357
0.096787,-0.249002,-0.963655,0.2215,0.949309,-0.223048,0.970345,-0.191861,0.147034,61.398785,-0.99489,-0.022813,-0.098355,324.663208,95.214417,40.543083,0.336747,0.0,-0.002602,-0.968024,0.250846,3.238815,142.906754,3.199336,1.077788,-7.100054,-4.413052,86.565544,78.187805,0.0,3.58132,75.410378,144.497849,2.774327
0.098263,-0.250632,-0.963083,0.222126,0.948874,-0.224271,0.970054,-0.191888,0.148911,61.396667,-0.994928,-0.024741,-0.097503,324.627441,95.073959,40.920376,0.32462,0.0,-0.000664,-0.967647,0.252307,3.282909,142.666092,3.130797,0.832442,-8.959232,-3.660118,86.56646,78.104607,0.0,3.607425,75.446991,144.364883,2.669137
0.099371,-0.251469,-0.96275,0.222035,0.948748,-0.224894,0.969962,-0.191417,0.150113,61.392937,-0.994927,-0.027342,-0.096813,324.631317,95.026894,41.124588,0.31816,0.0,0.00195,-0.967417,0.253181,3.315646,142.338638,3.057963,1.169824,-13.188709,-0.44692,86.567505,78.076447,0.0,3.633402,75.471664,144.19722,2.564085
0.099287,-0.253676,-0.96218,0.222088,0.948216,-0.227077,0.969958,-0.191143,0.150484,61.386669,-0.994884,-0.029258,-0.09669,324.618866,94.87191,41.137539,0.317427,0.0,0.003584,-0.96676,0.255659,3.30449,142.012375,2.984317,0.011771,-13.77293,-3.216955,86.568695,78.129791,0.0,3.659428,75.456787,143.972549,2.481378
0.098994,-0.255492,-0.96173,0.221864,0.947816,-0.228958,0.970039,-0.190708,0.150512,61.383144,-0.994818,-0.032165,-0.096453,324.616974,94.75267,41.043747,0.317765,0.0,0.006232,-0.966147,0.257918,3.284548,141.615295,2.901769,-2.186179,-14.603539,-4.307291,86.569969,78.207802,0.0,3.685471,75.430428,143.74231,2.379741
0.098896,-0.253588,-0.962244,0.221826,0.94827,-0.227107,0.970058,-0.190991,0.150032,61.380322,-0.994604,-0.03531,-0.097547,324.613434,94.406898,40.835342,0.336409,0.0,0.00913,-0.966438,0.256736,3.279137,141.139816,2.749659,-0.973017,-16.940525,-7.220604,86.57135,78.222275,0.0,3.711463,75.418213,143.469971,2.294014
0.099102,-0.249327,-0.963335,0.222449,0.949152,-0.222772,0.969895,-0.192215,0.149526,61.379108,-0.994272,-0.039742,-0.099216,324.549805,93.94104,40.688755,0.358018,0.0,0.013369,-0.96725,0.253475,3.266192,140.698135,2.625678,0.576149,-15.450439,-4.448658,86.572792,78.22628,0.0,3.737399,75.392509,143.319443,2.276925
0.098556,-0.249765,-0.963278,0.22435,0.948647,-0.223018,0.969512,-0.194132,0.149529,61.375721,-0.993995,-0.045577,-0.099479,324.432892,93.320442,40.691574,0.368355,0.0,0.018807,-0.966756,0.255007,3.263461,140.239624,2.612605,0.763158,-18.238741,0.514064,86.574226,78.258949,0.0,3.763519,75.369675,143.191956,2.278146
0.09703,-0.254191,-0.962274,0.227275,0.94695,-0.227226,0.968985,-0.196653,0.149654,61.364948,-0.993759,-0.05144,-0.098984,324.288025,92.647125,40.727886,0.376424,0.0,0.024003,-0.96515,0.260593,3.271083,139.922607,2.65666,0.044218,-13.220926,1.124582,86.575729,78.242508,0.0,3.789579,75.35614,143.167297,2.281839
0.095643,-0.258069,-0.961381,0.230536,0.945292,-0.230816,0.968352,-0.199557,0.149905,61.343708,-0.993563,-0.055574,-0.098716,324.116974,91.883141,40.825821,0.383748,0.0,0.027536,-0.963744,0.265406,3.273538,139.718643,2.712622,1.104693,-6.964261,0.934299,86.577408,78.224152,0.0,3.815463,75.342979,143.150223,2.314625
0.093699,-0.261092,-0.960756,0.232954,0.943963,-0.23381,0.967963,-0.201904,0.14927,61.319038,-0.993487,-0.057278,-0.098501,324.024078,91.173302,40.708477,0.383635,0.0,0.028821,-0.962681,0.269099,3.279997,139.56218,2.784492,-1.317961,-5.712703,3.614065,86.579208,78.171799,0.0,3.841466,75.344818,143.044373,2.359457
0.093037,-0.266516,-0.95933,0.235005,0.942164,-0.238956,0.967531,-0.203216,0.150289,61.295132,-0.993637,-0.055851,-0.097809,323.752167,90.285271,41.050606,0.387125,0.0,0.027031,-0.961266,0.274294,3.106254,139.158981,2.907546,-5.689677,-11.769614,3.169771,86.581078,78.175392,0.0,3.884859,75.178596,142.494568,2.439191
0.094326,-0.270347,-0.958131,0.235456,0.941175,-0.242383,0.967297,-0.202735,0.152433,61.263348,-0.993923,-0.051552,-0.097256,323.618439,89.994408,41.687634,0.378197,0.0,0.022717,-0.960596,0.27702,3.011152,139.031616,3.011507,-4.173108,-1.497359,3.136244,86.582764,78.283768,0.0,3.91082,75.100464,142.081055,2.524606
0.096945,-0.269199,-0.958193,0.235513,0.941591,-0.240707,0.967024,-0.202331,0.154682,61.231354,-0.994159,-0.048932,-0.096193,323.438354,89.986916,42.387714,0.366453,0.0,0.020739,-0.961317,0.274664,2.889405,139.061081,3.171527,-3.468463,2.754314,3.703382,86.584892,78.408409,0.0,3.941966,74.984413,141.97113,2.645868
0.098084,-0.267731,-0.958488,0.233682,0.9424,-0.239324,0.967353,-0.200507,0.154998,61.2211,-0.994304,-0.049294,-0.094502,323.407379,90.540939,42.575542,0.347851,0.0,0.021774,-0.961872,0.272633,2.775834,139.08844,3.376267,-0.588312,0.415498,4.252578,86.587151,78.496483,0.0,3.965415,74.866791,142.056961,2.752181
0.099478,-0.266327,-0.958736,0.231143,0.943343,-0.238067,0.967821,-0.197923,0.155401,61.187359,-0.994411,-0.048906,-0.093566,323.398376,91.327766,42.724934,0.333568,0.0,0.021866,-0.962426,0.270662,2.633306,139.193863,3.471051,-7.628071,3.493259,3.691746,86.589302,78.510391,0.0,3.988944,74.727318,142.181824,2.796272
0.10159,-0.264167,-0.959112,0.228243,0.944572,-0.235986,0.968289,-0.194937,0.156253,61.166058,-0.994474,-0.047645,-0.093544,323.436523,92.25045,42.980671,0.324511,0.0,0.020952,-0.963229,0.267864,2.537948,139.374527,3.494158,-4.699068,6.486427,0.753195,86.591499,78.47612,0.0,4.017095,74.63826,142.338776,2.831989
0.102004,-0.262606,-0.959496,0.226206,0.945383,-0.234695,0.968724,-0.193104,0.155836,61.158169,-0.994501,-0.046493,-0.093843,323.447205,92.869377,42.940235,0.317782,0.0,0.019945,-0.963739,0.266102,2.42439,139.561127,3.542553,-6.204111,6.466668,3.026777,86.593933,78.432541,0.0,4.042349,74.532082,142.487656,2.897893
0.102411,-0.259597,-0.960271,0.222533,0.94686,-0.232239,0.969531,-0.189908,0.154738,61.159805,-0.994498,-0.047319,-0.093456,323.605011,93.955627,42.658249,0.311278,0.0,0.021174,-0.964547,0.263059,2.366551,139.717346,3.571207,-2.885594,6.270936,0.823737,86.595917,78.372627,0.0,4.066914,74.474754,142.75441,2.896975
0.102637,-0.257022,-0.96094,0.218139,0.948342,-0.230354,0.970506,-0.185976,0.153401,61.166252,-0.9945,-0.04745,-0.093374,323.852509,95.123695,42.323906,0.314178,0.0,0.021601,-0.965247,0.260443,2.354226,139.804657,3.593361,-1.726271,3.670254,3.366462,86.597816,78.330788,0.0,4.092926,74.46653,142.912994,2.905124
0.102971,-0.254839,-0.961485,0.215284,0.949422,-0.228586,0.971108,-0.183455,0.152625,61.176586,-0.994552,-0.046216,-0.093435,324.038818,95.903625,42.125244,0.310016,0.0,0.020645,-0.965918,0.258024,2.372817,139.967957,3.592918,0.489196,6.52748,-1.782603,86.599602,78.301567,0.0,4.11894,74.49295,143.046082,2.905029
0.103098,-0.254176,-0.961647,0.212734,0.950063,-0.228307,0.971656,-0.181037,0.152022,61.185169,-0.994587,-0.046013,-0.093163,324.219971,96.714668,41.928501,0.302627,0.0,0.020599,-0.966124,0.257254,2.40417,140.139679,3.572403,2.371096,6.718867,-1.459208,86.601364,78.299835,0.0,4.145001,74.528137,143.236832,2.862539
0.103001,-0.254885,-0.96147,0.20985,0.950423,-0.229476,0.972293,-0.178128,0.151382,61.197083,-0.994626,-0.046379,-0.092563,324.44046,97.708588,41.707184,0.291496,0.0,0.021039,-0.965937,0.25792,2.453644,140.339447,3.560655,2.749068,6.68636,-1.106805,86.603119,78.304718,0.0,4.171027,74.579803,143.484146,2.804853
0.103096,-0.254944,-0.961444,0.20542,0.951214,-0.230204,0.973229,-0.173766,0.150437,61.210541,-0.994707,-0.045886,-0.091939,324.682373,98.97081,41.44735,0.277387,0.0,0.020735,-0.965982,0.257776,2.443685,140.465729,3.592031,-0.981846,0.740776,2.058367,86.604897,78.340446,0.0,4.197055,74.576164,143.626328,2.787067
0.103556,-0.254238,-0.961582,0.202883,0.951852,-0.229817,0.973712,-0.17129,0.150151,61.216969,-0.994712,-0.045827,-0.091907,324.845642,99.639961,41.360771,0.270609,0.0,0.020769,-0.966193,0.256981,2.474508,140.470459,3.581838,0.1437,-2.012486,-1.263276,86.606636,78.310158,0.0,4.223057,74.610214,143.659927,2.773291
0.103596,-0.25588,-0.961142,0.203249,0.951396,-0.231378,0.973631,-0.171382,0.150568,61.219376,-0.994708,-0.045525,-0.092106,324.854797,99.454132,41.426731,0.267882,0.0,0.020255,-0.96577,0.258608,2.495931,140.342422,3.526663,0.705934,-6.405117,-2.934071,86.608398,78.296692,0.0,4.24909,74.635025,143.498581,2.731297
0.103239,-0.258846,-0.960385,0.20699,0.949997,-0.233796,0.972881,-0.174653,0.151656,61.219841,-0.994626,-0.045865,-0.092824,324.680634,98.350334,41.634361,0.269147,0.0,0.02006,-0.964909,0.261816,2.509606,140.120071,3.404298,0.844325,-11.570439,-5.56039,86.610222,78.313789,0.0,4.275091,74.648552,143.236572,2.658612
0.101423,-0.262315,-0.959638,0.213365,0.947901,-0.236556,0.971694,-0.180761,0.152108,61.219486,-0.994548,-0.045455,-0.093853,324.430908,96.35038,41.656849,0.294536,0.0,0.018974,-0.963855,0.265752,2.557093,139.812851,3.2482,1.451507,-11.126624,-6.490344,86.612122,78.421043,0.0,4.301066,74.698509,142.807266,2.56394
0.099517,-0.265476,-0.958968,0.219599,0.945848,-0.239055,0.970501,-0.186798,0.152426,61.218388,-0.994454,-0.045412,-0.094862,324.109894,94.459488,41.738316,0.318502,0.0,0.018262,-0.962832,0.269482,2.535921,139.571518,3.187655,-1.881222,-6.892153,-1.118017,86.614098,78.530914,0.0,4.32711,74.678276,142.469055,2.562797
0.098922,-0.268269,-0.958252,0.224576,0.944149,-0.241138,0.969423,-0.191347,0.153644,61.214783,-0.994387,-0.046269,-0.095147,323.837372,93.092545,42.059872,0.333862,0.0,0.018676,-0.961946,0.272602,2.539206,139.395081,3.170521,0.216368,-9.022187,0.048329,86.616096,78.617508,0.0,4.353101,74.677292,142.272293,2.570518
0.099118,-0.268414,-0.958191,0.227768,0.943488,-0.240735,0.968658,-0.194384,0.154653,61.209431,-0.994278,-0.047272,-0.095798,323.716003,92.221176,42.335888,0.347245,0.0,0.019423,-0.961812,0.273022,2.61298,139.27803,3.135318,2.850654,-3.198652,0.903509,86.618126,78.679314,0.0,4.379127,74.746742,142.182648,2.58624
0.099564,-0.268808,-0.958034,0.228386,0.943287,-0.240935,0.968466,-0.194813,0.15531,61.202747,-0.994172,-0.048063,-0.096497,323.719452,92.051804,42.51453,0.353406,0.0,0.019933,-0.961636,0.273605,2.660516,139.180084,3.094609,2.962559,-1.959577,-3.20717,86.620201,78.69603,0.0,4.405213,74.793449,142.124832,2.595036
0.099489,-0.268894,-0.958018,0.227988,0.943341,-0.241099,0.968568,-0.19443,0.155157,61.196136,-0.994095,-0.048839,-0.096897,323.761353,92.074417,42.511074,0.354214,0.0,0.020541,-0.961535,0.273912,2.670054,139.05545,3.106616,-0.794934,-5.797759,0.576329,86.62233,78.658043,0.0,4.431233,74.803223,142.050156,2.629866
0.09967,-0.267806,-0.958304,0.228871,0.943446,-0.23985,0.968341,-0.195422,0.155326,61.190125,-0.994018,-0.049087,-0.097566,323.731293,91.852989,42.52771,0.359137,0.0,0.020702,-0.961797,0.272979,2.691637,139.077164,3.033212,0.657475,1.360885,-3.2423,86.624504,78.575195,0.0,4.457306,74.825241,142.085037,2.602115
