0.667341,-0.176341,-0.723574,0.465734,0.856964,0.22069,0.58116,-0.484269,0.654016,55.26479,-0.7761,0.025625,-0.630089,212.714859,24.37867,211.481277,0.690909,0.0,-0.107431,-0.989941,0.092066,14.812028,145.929489,14.034959,-20.041674,-42.294277,-4.583026,82.171562,70.690224,0.0,1.083983,71.02153,142.448837,52.024952
0.683326,-0.163531,-0.711564,0.443602,0.86707,0.226729,0.579898,-0.470581,0.665035,55.320827,-0.770212,0.036418,-0.636748,211.299026,25.787504,214.261322,0.748011,0.0,-0.105047,-0.991977,0.070329,13.95729,144.412643,13.453577,-21.807579,-31.178974,-17.997215,82.215096,71.305328,0.0,1.13599,69.838547,140.581131,52.032719
0.682376,-0.164747,-0.712195,0.436936,0.873,0.216698,0.586046,-0.459053,0.667698,55.393841,-0.762486,0.056798,-0.644507,212.303146,26.029676,215.109161,0.757116,0.0,-0.126073,-0.990088,0.061898,13.691251,143.021332,13.049475,-7.457378,-20.927732,-6.498572,82.255913,71.075981,0.0,1.188107,69.270782,138.067657,52.148655
0.682245,-0.167695,-0.711632,0.423601,0.88399,0.197798,0.595906,-0.436395,0.674133,55.433353,-0.762754,0.063388,-0.643574,214.75499,31.137905,216.699249,0.746712,0.0,-0.133627,-0.989156,0.060946,13.556298,142.827698,13.009702,1.471552,7.436911,-0.124634,82.294464,70.952049,0.0,1.240117,69.247673,137.696014,52.090527
0.685585,-0.166945,-0.708592,0.422816,0.883667,0.200895,0.592621,-0.437335,0.676416,55.469727,-0.76381,0.065999,-0.642057,214.076004,30.927376,217.181091,0.743901,0.0,-0.132896,-0.989525,0.056381,13.567364,143.031982,12.898788,2.901134,10.041394,-3.67279,82.332336,70.869476,0.0,1.292113,69.304047,137.764313,51.938633
0.687925,-0.168689,-0.705906,0.433843,0.875297,0.213624,0.581842,-0.45321,0.675323,55.486774,-0.763776,0.064415,-0.642259,211.822418,27.437117,217.271561,0.716615,0.0,-0.130645,-0.989841,0.056088,13.941392,143.53717,13.130495,5.242024,18.828302,7.474385,82.369995,70.812759,0.0,1.344147,69.618523,138.202866,52.220608
0.679853,-0.169712,-0.713441,0.447298,0.866899,0.220022,0.581141,-0.468704,0.665276,55.528934,-0.764961,0.05445,-0.641771,211.981781,24.841595,215.74469,0.749058,0.0,-0.126294,-0.989757,0.066561,14.106899,144.399643,14.102801,-1.71542,12.693709,28.052946,82.405716,71.019974,0.0,1.396232,69.886955,139.444321,53.078083
0.655752,-0.173455,-0.73478,0.485883,0.84187,0.23489,0.577847,-0.511047,0.636337,55.578552,-0.76934,0.052364,-0.63669,211.650681,15.46423,210.211456,0.695154,0.0,-0.133486,-0.987812,0.080054,14.218189,145.872238,16.157017,4.465742,35.264198,38.382584,82.440361,70.058418,0.0,1.44825,70.301773,140.473007,54.555073
0.657602,-0.17604,-0.732509,0.496848,0.832232,0.246033,0.566306,-0.525737,0.634743,55.563465,-0.772608,0.053912,-0.63259,208.825806,12.223999,210.683304,0.681565,0.0,-0.131959,-0.988265,0.076942,14.060019,146.506912,17.18083,-3.552742,-4.951313,8.084324,82.473488,69.563728,0.0,1.500334,70.243813,140.878448,55.353905
0.664405,-0.178751,-0.725682,0.490145,0.837219,0.242532,0.564202,-0.516829,0.643867,55.536964,-0.773143,0.057306,-0.631638,208.230927,14.072768,213.083389,0.717244,0.0,-0.132364,-0.988559,0.072329,13.916384,146.304596,17.24399,-0.397593,-0.340263,-0.497141,82.505241,69.75499,0.0,1.552281,70.110138,140.596252,55.460037
0.665198,-0.180542,-0.724511,0.48181,0.845065,0.231784,0.570412,-0.503259,0.649123,55.544628,-0.771009,0.060812,-0.633914,209.552246,16.952995,214.448654,0.737836,0.0,-0.137669,-0.987808,0.07268,13.70999,145.99585,17.081587,-6.541697,-7.884764,-3.263121,82.535965,70.034935,0.0,1.604319,69.858856,140.200653,55.47908
0.665928,-0.181918,-0.723496,0.475788,0.850541,0.224067,0.574601,-0.493443,0.652953,55.572117,-0.768995,0.064596,-0.635983,210.234421,18.7896,215.417221,0.74016,0.0,-0.142597,-0.987147,0.072158,13.368567,145.61055,16.890486,-8.47663,-9.193994,-3.632621,82.565689,70.159332,0.0,1.656467,69.464287,139.677017,55.45179
0.666591,-0.188947,-0.721079,0.473634,0.854332,0.213981,0.57561,-0.484166,0.658982,55.608917,-0.770465,0.059448,-0.634704,210.079758,20.701281,216.825623,0.751838,0.0,-0.142172,-0.98659,0.080175,12.820366,144.935104,16.80591,-10.660245,-14.344911,-1.345864,82.59407,70.172943,0.0,1.708387,69.013557,139.356995,55.327309
0.661385,-0.191111,-0.72529,0.468366,0.860518,0.200355,0.585835,-0.472214,0.658644,55.645699,-0.772855,0.051889,-0.632458,212.397842,23.241947,216.73967,0.731705,0.0,-0.139714,-0.986109,0.089826,12.36078,144.056335,16.927891,-5.859312,-13.93095,4.42741,82.621025,70.337143,0.0,1.760425,68.778526,139.006577,55.271122
0.66447,-0.18903,-0.723013,0.464957,0.861994,0.201942,0.58506,-0.470354,0.66066,55.651382,-0.772391,0.051737,-0.633037,211.975677,22.933052,217.206528,0.722113,0.0,-0.137456,-0.986673,0.087077,12.10436,143.274567,16.77286,1.936375,-8.838901,-4.750694,82.644836,70.581001,0.0,1.82989,68.501106,138.278351,55.192509
0.662902,-0.194317,-0.72305,0.460827,0.867027,0.189482,0.590084,-0.458809,0.6643,55.617294,-0.771858,0.054696,-0.633438,213.302032,24.975351,217.97818,0.712975,0.0,-0.144132,-0.985408,0.090541,12.128839,142.619949,16.568256,1.051768,-14.783224,-3.134126,82.669418,70.528969,0.0,1.881844,68.55558,137.520325,55.026623
0.667704,-0.200286,-0.716978,0.462284,0.866472,0.188466,0.583494,-0.457287,0.671136,55.60088,-0.771222,0.055506,-0.634142,211.789124,24.834461,219.609238,0.70965,0.0,-0.14632,-0.984975,0.091735,12.267497,142.190201,16.352638,1.214907,-3.39745,-0.95816,82.692902,70.39994,0.0,1.933817,68.618256,137.038025,54.933983
0.672641,-0.203897,-0.711323,0.465098,0.864166,0.192097,0.575533,-0.460047,0.676105,55.603882,-0.771004,0.056941,-0.63428,209.926254,24.026291,220.882477,0.714167,0.0,-0.146988,-0.985013,0.090245,12.384991,142.202545,16.278397,2.863974,2.590909,-2.272464,82.715675,70.317383,0.0,1.985934,68.669617,136.938416,54.941742
0.67427,-0.202905,-0.710063,0.46076,0.866996,0.189785,0.577114,-0.455135,0.67808,55.607609,-0.770898,0.059113,-0.63421,210.401382,25.130043,221.250931,0.718838,0.0,-0.147605,-0.98516,0.087595,12.417239,142.195389,16.093401,0.848786,0.371167,-7.614526,82.738297,70.373909,0.0,2.037904,68.718216,136.867157,54.780273
0.673749,-0.202898,-0.71056,0.458624,0.868777,0.186788,0.57942,-0.451728,0.678391,55.623413,-0.769935,0.059424,-0.635349,211.012878,26.021332,221.215469,0.711261,0.0,-0.148909,-0.984897,0.088335,12.438269,142.274612,15.857849,0.43922,5.612984,0.255127,82.761009,70.421944,0.0,2.089931,68.724586,136.952362,54.622665
0.672825,-0.20357,-0.711242,0.459391,0.868545,0.185985,0.579885,-0.451874,0.677897,55.647221,-0.770447,0.058842,-0.634783,211.113495,25.97891,221.169968,0.711266,0.0,-0.148954,-0.984785,0.089502,12.339189,142.273376,15.922697,-2.950745,-2.152901,0.712712,82.783249,70.440796,0.0,2.142089,68.672462,136.975693,54.653618
0.671001,-0.205722,-0.712345,0.463735,0.866079,0.1867,0.578539,-0.455615,0.676541,55.653217,-0.771854,0.055256,-0.633394,210.45845,25.05719,221.073654,0.713539,0.0,-0.147322,-0.984647,0.093628,11.897231,142.146088,16.21104,-9.676338,-4.972109,7.327844,82.804398,70.405212,0.0,2.194132,68.311295,137.00209,54.84726
0.668178,-0.210754,-0.713527,0.474533,0.859367,0.190543,0.573023,-0.465909,0.67422,55.634911,-0.773434,0.055006,-0.631486,208.695206,22.082577,220.817841,0.727499,0.0,-0.14941,-0.983978,0.097285,11.393784,141.855927,16.616541,-10.548561,-4.769156,7.28406,82.823486,70.174469,0.0,2.246039,67.870247,136.583405,55.122894
0.672795,-0.208341,-0.709888,0.472362,0.859463,0.195441,0.569404,-0.466816,0.676655,55.628181,-0.772604,0.061792,-0.631874,207.275818,21.118429,221.698929,0.775085,0.0,-0.151089,-0.984554,0.088458,10.901562,141.507507,16.783289,-8.145121,-6.252321,-2.070032,82.841576,70.107773,0.0,2.298164,67.309456,135.867371,55.369152
0.679286,-0.208411,-0.703658,0.457082,0.870292,0.183486,0.574148,-0.446269,0.686438,55.641861,-0.771684,0.066362,-0.632535,208.045883,25.832216,224.103928,0.810355,0.0,-0.15346,-0.984585,0.083922,10.494246,141.230576,16.619654,-11.092278,-4.303569,-3.687826,82.859329,70.472031,0.0,2.350127,66.883217,135.554077,55.333008
0.679198,-0.208479,-0.703723,0.452776,0.873639,0.178181,0.577653,-0.439649,0.687769,55.671238,-0.774433,0.063885,-0.629423,208.82785,27.780525,224.38475,0.774813,0.0,-0.150635,-0.984896,0.085374,10.209794,141.352219,16.728048,-5.520532,-10.095106,7.90358,82.876762,70.275352,0.0,2.402107,66.773407,135.89743,55.251148
0.662594,-0.193201,-0.723632,0.482963,0.848673,0.21564,0.572465,-0.492369,0.655634,55.683834,-0.780287,0.05231,-0.62323,207.571152,15.055559,216.143372,0.665983,0.0,-0.13421,-0.987286,0.085165,9.885031,141.417877,16.979765,-8.230609,6.343527,4.200834,82.893494,69.158577,0.0,2.454157,66.76368,136.161942,54.879082
0.656615,-0.190771,-0.729701,0.495978,0.838086,0.227195,0.56821,-0.511095,0.644918,55.686886,-0.781624,0.050141,-0.621731,206.285385,10.6174,213.687134,0.61777,0.0,-0.132125,-0.987454,0.086468,9.551598,141.684402,17.29669,-3.247572,5.610082,6.054778,82.909126,68.600128,0.0,2.50618,66.498077,136.353699,55.028507
0.655476,-0.183926,-0.732477,0.489708,0.841862,0.226836,0.574923,-0.507385,0.641891,55.720364,-0.781091,0.051426,-0.622296,208.038528,11.905652,213.181122,0.613215,0.0,-0.130542,-0.988029,0.082204,9.593733,142.084412,17.493637,1.926838,6.295073,3.407406,82.924232,68.47821,0.0,2.558228,66.573853,136.752106,55.23843
0.658078,-0.18345,-0.73026,0.484811,0.845305,0.22454,0.5761,-0.501803,0.645215,55.766518,-0.780317,0.053977,-0.62305,208.616867,13.433486,214.221481,0.632554,0.0,-0.131681,-0.988114,0.079316,9.885872,142.339676,17.602461,8.684069,8.206852,2.576577,82.939034,68.689957,0.0,2.610239,66.837128,136.928558,55.432293
0.657305,-0.187594,-0.729903,0.489305,0.842851,0.224014,0.573176,-0.504391,0.645801,55.792263,-0.778342,0.057508,-0.625201,208.600113,12.985363,214.232162,0.65363,0.0,-0.13796,-0.987124,0.080953,10.669799,142.827423,17.295406,17.960146,9.502391,-8.344969,82.953278,69.04023,0.0,2.662405,67.515518,137.138824,55.271336
0.654616,-0.191016,-0.731431,0.494016,0.840462,0.222645,0.572211,-0.507086,0.644545,55.823006,-0.774604,0.057112,-0.629863,208.945679,12.560689,213.786346,0.661399,0.0,-0.143352,-0.985849,0.086903,11.403681,143.155762,16.852068,6.870269,12.330599,-13.873326,82.967049,69.688454,0.0,2.714276,68.075157,137.398224,55.1082
0.656375,-0.196738,-0.728331,0.496761,0.839284,0.220975,0.567802,-0.506849,0.648617,55.84938,-0.776165,0.045792,-0.628865,208.369934,12.925779,214.634613,0.643829,0.0,-0.136706,-0.985857,0.09694,11.839479,142.84346,16.698221,4.53994,-4.96793,-1.152939,82.980484,69.754242,0.0,2.766366,68.561974,137.725357,54.927872
0.661924,-0.202071,-0.72182,0.481926,0.852291,0.20334,0.574111,-0.482459,0.661535,55.841019,-0.771932,0.050245,-0.633717,209.839432,19.28278,218.076965,0.706407,0.0,-0.144379,-0.984678,0.097797,11.909936,143.254837,16.534414,2.855757,6.523888,-0.362497,82.99398,70.640259,0.0,2.81838,68.455231,138.096176,55.163254
0.665146,-0.204295,-0.718224,0.470701,0.861394,0.190897,0.579674,-0.465043,0.669114,55.847507,-0.770752,0.053889,-0.634852,211.170227,23.565416,220.079544,0.746964,0.0,-0.148408,-0.984194,0.096635,11.867682,143.308182,16.516954,-4.351696,-3.825876,0.351728,83.007957,70.829674,0.0,2.870357,68.392174,138.108917,55.271793
0.666116,-0.205994,-0.716837,0.467565,0.864134,0.18616,0.581096,-0.459172,0.671929,55.846279,-0.770982,0.05639,-0.634355,211.523941,24.089884,220.368896,0.740707,0.0,-0.150803,-0.983909,0.09582,11.821598,142.49614,16.094955,-1.539528,-20.878031,-12.567241,83.020752,70.624191,0.0,2.939769,68.373619,137.204819,54.842178
0.669191,-0.2099,-0.71283,0.468257,0.863969,0.185186,0.576992,-0.457712,0.676447,55.850277,-0.771419,0.051551,-0.634235,210.518082,24.0672,221.005432,0.721126,0.0,-0.148034,-0.983905,0.100081,11.808907,141.84642,15.549414,2.540829,-6.072368,-8.868347,83.035477,70.648865,0.0,2.99184,68.353928,136.842178,54.33672
0.675927,-0.200996,-0.70903,0.461108,0.865848,0.194129,0.574893,-0.458157,0.677931,55.915432,-0.769515,0.054043,-0.636338,210.081161,23.576605,221.032471,0.767505,0.0,-0.143013,-0.98569,0.089232,11.984227,141.55249,14.989547,2.341283,-7.217098,-9.304873,83.051155,70.754501,0.0,3.043781,68.407433,136.482407,53.966751
0.683017,-0.195106,-0.703862,0.455123,0.867398,0.201207,0.571272,-0.457772,0.681244,56.001827,-0.768225,0.05489,-0.637822,209.243958,23.480761,221.713638,0.807976,0.0,-0.137937,-0.987108,0.081189,12.116398,141.360046,14.65903,2.62443,-1.577335,-6.176834,83.066818,70.767159,0.0,3.09585,68.436096,136.312973,53.79958
0.683599,-0.1982,-0.702431,0.459133,0.864915,0.202777,0.567353,-0.461128,0.682255,56.06551,-0.768493,0.052174,-0.637728,208.315964,22.663841,221.997452,0.808254,0.0,-0.13706,-0.986959,0.084419,12.133192,141.283997,14.648885,-1.331146,-2.826015,1.706283,83.082642,70.669258,0.0,3.147928,68.447365,136.344818,53.802395
0.682771,-0.198485,-0.703155,0.457434,0.866562,0.199561,0.569718,-0.457902,0.682457,56.104652,-0.768834,0.054537,-0.637118,208.981003,23.333063,222.065811,0.79763,0.0,-0.139261,-0.986722,0.083588,12.139932,141.290909,14.671493,-0.925122,-0.926366,-1.125585,83.098846,70.525902,0.0,3.200061,68.502228,136.240662,53.788223
0.68149,-0.198311,-0.704446,0.456574,0.86749,0.197486,0.571937,-0.456216,0.68173,56.126244,-0.768937,0.055929,-0.636873,209.571259,23.680754,221.966278,0.787888,0.0,-0.140782,-0.986527,0.08334,12.118931,141.315491,14.738984,-0.826869,0.56975,1.760756,83.115219,70.45282,0.0,3.251956,68.517639,136.194855,53.834976
0.681256,-0.198629,-0.704583,0.455796,0.86825,0.195938,0.572835,-0.45463,0.682035,56.14798,-0.769032,0.056855,-0.636677,209.836487,24.11281,222.101761,0.788588,0.0,-0.141761,-0.986403,0.083145,12.111223,141.420853,14.771197,1.375288,6.103409,0.096552,83.13176,70.439995,0.0,3.304045,68.533279,136.258102,53.861862
0.681154,-0.199749,-0.704364,0.45461,0.869519,0.193046,0.573897,-0.451705,0.683084,56.165215,-0.76939,0.055226,-0.636387,210.090286,24.830023,222.403656,0.795797,0.0,-0.141293,-0.986292,0.085232,12.037367,141.322067,14.789427,-1.065102,-2.865355,-0.139129,83.148445,70.601585,0.0,3.356023,68.496544,136.276123,53.870949
0.682178,-0.197414,-0.704032,0.452386,0.870404,0.194277,0.57444,-0.451026,0.683078,56.176979,-0.769099,0.053941,-0.636849,210.140091,24.859262,222.507935,0.810036,0.0,-0.138895,-0.986724,0.084163,11.928356,141.106079,14.819979,-2.954864,-3.29681,2.998175,83.165161,70.714188,0.0,3.408071,68.384064,136.160126,53.94302
0.680856,-0.197656,-0.705243,0.453865,0.869594,0.194453,0.57484,-0.45248,0.681778,56.185562,-0.769893,0.052284,-0.636028,210.188522,24.370245,222.250549,0.819057,0.0,-0.137872,-0.986729,0.085777,11.791859,140.920654,14.909422,-0.749353,-6.811101,1.956609,83.181732,70.91481,0.0,3.460279,68.305405,136.052063,53.972916
0.680383,-0.198562,-0.705445,0.456283,0.868038,0.195745,0.573485,-0.455064,0.681198,56.179146,-0.77088,0.050639,-0.634964,209.838425,23.724728,222.19696,0.819469,0.0,-0.136616,-0.986782,0.087163,11.695724,140.86882,15.029867,-0.566454,-2.310808,0.225285,83.198151,71.09095,0.0,3.512413,68.261772,136.066772,54.029057
0.680142,-0.201137,-0.704948,0.460102,0.865759,0.196893,0.570713,-0.458263,0.681382,56.179314,-0.771882,0.050203,-0.63378,209.130615,22.826448,222.290283,0.810701,0.0,-0.136932,-0.986609,0.088619,11.60156,140.802429,15.108921,-0.022936,-0.238329,2.11694,83.214806,71.137985,0.0,3.564126,68.210625,135.980438,54.043835
0.678977,-0.203444,-0.705409,0.460894,0.866023,0.193858,0.571461,-0.456744,0.681775,56.181992,-0.772074,0.051198,-0.633467,209.341507,23.241056,222.474686,0.801701,0.0,-0.139411,-0.986117,0.090215,11.568825,140.929016,15.180115,0.25823,1.129004,0.777637,83.231163,71.068451,0.0,3.616138,68.208549,136.042419,54.097473
0.679123,-0.204791,-0.704878,0.459409,0.86754,0.190572,0.572482,-0.453249,0.683249,56.184631,-0.772594,0.051416,-0.632815,209.601929,23.848475,222.846863,0.793439,0.0,-0.140158,-0.985938,0.091009,11.505162,140.679672,15.18317,0.098015,-10.982081,-1.504877,83.247383,71.002716,0.0,3.668287,68.18914,135.80864,54.072773
0.679888,-0.20438,-0.704259,0.463469,0.864008,0.196691,0.568286,-0.46013,0.682152,56.184166,-0.772795,0.050533,-0.632641,208.628448,22.076284,222.694534,0.790991,0.0,-0.138293,-0.98628,0.090149,11.55313,140.63826,15.268079,0.856801,1.184907,0.882805,83.263184,70.989639,0.0,3.720206,68.225479,135.757889,54.159309
0.679741,-0.205438,-0.704094,0.464068,0.863851,0.195965,0.567973,-0.459953,0.682532,56.176632,-0.772865,0.051034,-0.632515,208.600494,22.043362,222.915512,0.796485,0.0,-0.139249,-0.986106,0.090585,11.563565,140.618759,15.362651,0.571628,-1.445183,1.332204,83.278725,70.950577,0.0,3.772291,68.248535,135.702484,54.254875
0.68105,-0.204315,-0.703154,0.457952,0.868151,0.191298,0.571359,-0.452294,0.684821,56.168423,-0.772696,0.051904,-0.632651,209.458527,23.877451,223.519287,0.80391,0.0,-0.13936,-0.986207,0.089299,11.536674,140.543671,15.340406,-2.419174,-2.828084,-0.219019,83.294235,70.947899,0.0,3.824428,68.243645,135.664734,54.261635
0.683902,-0.203973,-0.70048,0.456484,0.868602,0.192752,0.569122,-0.451582,0.687149,56.174034,-0.772564,0.052728,-0.632744,208.818985,23.722418,224.103943,0.812197,0.0,-0.138577,-0.986524,0.086989,11.444625,140.258896,15.273764,-3.050717,-6.419129,-2.5978,83.309753,70.967918,0.0,3.876285,68.130638,135.354446,54.239037
0.685026,-0.206601,-0.69861,0.455999,0.869462,0.190005,0.568159,-0.448723,0.689813,56.194149,-0.773597,0.051692,-0.631566,208.314804,24.211897,224.756912,0.816135,0.0,-0.138341,-0.986403,0.088718,11.100376,139.980499,15.285271,-8.421078,-2.969207,0.525606,83.325058,71.045425,0.0,3.928513,67.838676,135.157761,54.202019
0.678554,-0.204275,-0.705575,0.468746,0.859969,0.201819,0.565546,-0.467681,0.679289,56.218529,-0.779342,0.044424,-0.625022,207.547775,19.445452,222.077774,0.718508,0.0,-0.129582,-0.987347,0.0914,10.65607,139.668655,15.671062,-7.225553,0.470008,14.556148,83.340034,70.108475,0.0,3.980467,67.692894,135.099075,54.095226
0.667204,-0.20962,-0.714771,0.4971,0.839943,0.217689,0.554735,-0.500555,0.664615,56.168945,-0.782671,0.050856,-0.620355,204.434677,11.257173,218.988312,0.643251,0.0,-0.137281,-0.986218,0.092351,10.05708,140.41098,16.58577,-6.613723,10.961942,10.169119,83.352676,68.574509,0.0,4.049904,67.23172,135.059921,54.608459
0.666352,-0.205507,-0.716758,0.497284,0.838749,0.221828,0.555593,-0.504248,0.661098,56.115871,-0.782089,0.057129,-0.620542,204.413528,10.460922,218.538223,0.653937,0.0,-0.140013,-0.986439,0.085647,9.813609,140.93222,16.98275,-2.519971,6.499306,7.228301,83.365479,68.166054,0.0,4.102026,66.976898,135.196396,55.003029
0.662236,-0.199004,-0.722386,0.489349,0.844958,0.215832,0.567434,-0.496431,0.656944,56.125343,-0.781748,0.056154,-0.621061,207.264587,12.683578,217.726105,0.685387,0.0,-0.138821,-0.986617,0.085533,9.628098,141.086212,17.198172,0.363634,2.828099,1.077762,83.377251,68.376518,0.0,4.153948,66.878845,135.502823,55.195141
0.664782,-0.199235,-0.719979,0.470791,0.860037,0.196705,0.580018,-0.469725,0.665535,56.172169,-0.777644,0.060184,-0.625818,210.231277,19.598965,220.186127,0.75014,0.0,-0.145246,-0.985678,0.085692,9.579009,141.390427,17.164516,-0.560364,7.179208,-3.666878,83.388496,69.476265,0.0,4.205866,66.7127,135.826874,55.507465
0.674724,-0.206389,-0.708626,0.450296,0.875828,0.173666,0.584791,-0.436268,0.683878,56.236828,-0.774914,0.064108,-0.628807,211.267792,27.993851,224.997757,0.812712,0.0,-0.15157,-0.984663,0.086401,9.539297,141.432007,17.084076,-3.187308,-7.623975,-1.860012,83.399391,70.561684,0.0,4.257874,66.54911,135.957245,55.757919
0.677036,-0.207108,-0.706207,0.448249,0.877106,0.172507,0.58369,-0.43335,0.686668,56.288715,-0.774399,0.064318,-0.62942,211.006348,28.850477,225.755508,0.812594,0.0,-0.151654,-0.984688,0.085963,9.565074,141.561035,17.058369,2.632596,4.502834,0.319514,83.409996,70.762329,0.0,4.30986,66.541695,136.10553,55.803593
0.675097,-0.205852,-0.708427,0.451136,0.874997,0.175658,0.583712,-0.438184,0.683575,56.331833,-0.775347,0.062566,-0.628429,211.086502,27.74909,224.975311,0.796075,0.0,-0.149637,-0.984945,0.086559,9.561933,141.610794,17.107101,1.529047,2.661448,0.425477,83.420303,70.738556,0.0,4.361959,66.598518,136.213989,55.767925
0.674677,-0.206206,-0.708724,0.455663,0.871735,0.180139,0.580674,-0.444475,0.6821,56.35672,-0.775364,0.061608,-0.628502,210.354294,26.088017,224.604813,0.782081,0.0,-0.148856,-0.985017,0.087084,9.577485,141.531219,17.077253,0.510436,1.901661,1.057358,83.430344,70.599762,0.0,4.414091,66.601021,136.123505,55.742264
0.675328,-0.206675,-0.707967,0.456846,0.870818,0.181568,0.578985,-0.446051,0.682507,56.371273,-0.775576,0.062249,-0.628178,209.995193,25.684608,224.759155,0.775381,0.0,-0.149008,-0.985058,0.086359,9.616435,141.582932,17.118711,1.769619,5.513901,-0.067706,83.439972,70.441956,0.0,4.466039,66.643349,136.123016,55.776154
0.674309,-0.203952,-0.709726,0.461026,0.867057,0.188856,0.576855,-0.45455,0.678692,56.383621,-0.776911,0.06007,-0.626738,209.645721,23.948103,223.912994,0.740705,0.0,-0.144969,-0.985759,0.085225,9.718045,141.899231,17.306988,2.241845,17.28397,3.053929,83.449142,69.924805,0.0,4.518034,66.805344,136.503311,55.855942
0.670931,-0.199847,-0.714081,0.468111,0.861004,0.198859,0.575085,-0.46769,0.671225,56.394978,-0.779895,0.054491,-0.623534,209.559113,21.219294,222.026108,0.69997,0.0,-0.137441,-0.986798,0.085669,9.901778,142.213562,17.504316,2.00798,1.837076,7.145921,83.458267,69.451042,0.0,4.570118,67.141396,137.040878,55.799755
0.663856,-0.196951,-0.721461,0.483261,0.849208,0.21285,0.570749,-0.489955,0.658931,56.376198,-0.780665,0.053965,-0.622616,208.656677,15.853784,218.933685,0.671697,0.0,-0.136662,-0.986894,0.085815,10.022245,142.582031,17.585888,1.119879,16.35248,-2.751737,83.46682,69.215096,0.0,4.622144,67.298279,137.201813,55.735153
0.668086,-0.2058,-0.715058,0.470787,0.861095,0.19203,0.576213,-0.464932,0.672173,56.380554,-0.776868,0.061179,-0.626684,209.937469,22.584751,222.590027,0.737324,0.0,-0.148792,-0.984918,0.088299,10.093394,143.358032,17.600946,0.039422,12.684342,1.931675,83.475281,70.136375,0.0,4.674246,67.211357,137.74707,56.094681
0.667203,-0.207228,-0.71547,0.471845,0.860813,0.190689,0.57637,-0.464819,0.672117,56.402119,-0.775589,0.06207,-0.628179,210.059906,22.85104,222.708405,0.763058,0.0,-0.151429,-0.98439,0.089697,10.217485,143.681229,17.623108,3.513731,0.203061,-1.064124,83.483437,70.333916,0.0,4.726282,67.2808,137.996689,56.210728
0.666691,-0.207588,-0.715842,0.475732,0.857863,0.194295,0.573761,-0.470084,0.670686,56.43055,-0.775794,0.06011,-0.628117,209.487427,21.786219,222.463516,0.762499,0.0,-0.150004,-0.984483,0.091058,10.279019,143.874496,17.724129,1.001783,7.660218,4.67468,83.491394,70.295013,0.0,4.778352,67.340942,138.247162,56.304497
0.665279,-0.205962,-0.717624,0.474866,0.858442,0.193852,0.576113,-0.469741,0.668908,56.462559,-0.77675,0.058035,-0.627129,210.101807,22.081278,222.077164,0.760419,0.0,-0.147742,-0.984751,0.09186,10.222743,143.962357,17.842331,-1.62187,0.99382,2.405125,83.499451,70.263687,0.0,4.830362,67.359062,138.468414,56.342594
0.664902,-0.203157,-0.718772,0.473655,0.858753,0.195433,0.577544,-0.470393,0.667213,56.481785,-0.777204,0.057748,-0.626594,210.341599,21.826523,221.699219,0.755646,0.0,-0.145863,-0.985191,0.090127,10.054708,143.851074,17.910954,-4.415173,-3.148217,0.831757,83.507515,70.2174,0.0,4.882334,67.230408,138.386597,56.368603
0.664418,-0.199829,-0.720151,0.472572,0.858834,0.197688,0.578986,-0.47167,0.665058,56.495171,-0.777623,0.057822,-0.626066,210.637436,21.493122,221.237671,0.747711,0.0,-0.14398,-0.985678,0.0878,9.941337,143.840408,18.012089,-2.17013,1.262719,4.182492,83.515526,70.125092,0.0,4.93432,67.155075,138.380783,56.425106
0.662722,-0.195193,-0.722979,0.468857,0.860948,0.197338,0.583928,-0.469754,0.662087,56.509098,-0.777692,0.057184,-0.626039,211.835373,22.1236,220.528122,0.743079,0.0,-0.1419,-0.986121,0.086201,9.852188,143.928207,18.052279,-1.104778,6.85308,2.632557,83.523438,70.129333,0.0,4.98633,67.114494,138.547516,56.436493
0.660531,-0.192012,-0.72583,0.468406,0.860922,0.198516,0.586766,-0.47111,0.658606,56.536469,-0.778474,0.054431,-0.625313,212.600204,21.935944,219.713669,0.737111,0.0,-0.13866,-0.986533,0.086749,9.829242,143.92601,18.162012,-1.886549,-6.086405,-1.496732,83.531319,70.027924,0.0,5.038505,67.162415,138.706848,56.469296
0.659479,-0.192584,-0.726636,0.470479,0.859642,0.199162,0.586291,-0.47321,0.657522,56.562695,-0.778398,0.055257,-0.625335,212.570358,21.516777,219.462677,0.730964,0.0,-0.139945,-0.986326,0.087044,9.90153,144.118484,18.169365,1.735871,7.113163,-0.355511,83.539139,70.035538,0.0,5.090518,67.236526,138.81926,56.471691
0.660499,-0.196438,-0.724674,0.47498,0.856813,0.200661,0.581493,-0.476743,0.659228,56.577236,-0.776643,0.060058,-0.627071,211.494125,20.530716,219.9431,0.739042,0.0,-0.145835,-0.985544,0.086229,10.121895,144.366776,18.075956,4.056962,2.799985,1.757727,83.546158,70.124115,0.0,5.159908,67.337502,138.718872,56.515324
0.661983,-0.201803,-0.721841,0.477481,0.855903,0.198603,0.577747,-0.476137,0.66295,56.585136,-0.775681,0.062075,-0.628065,210.732422,20.533379,220.905838,0.739733,0.0,-0.150103,-0.984741,0.088056,10.349805,144.376511,18.002073,6.790678,1.97234,-0.081378,83.553749,70.060516,0.0,5.211931,67.491524,138.582077,56.540543
0.661089,-0.203152,-0.722281,0.477649,0.856334,0.196325,0.57863,-0.474785,0.663148,56.574745,-0.774553,0.062874,-0.629377,211.089401,20.889574,221.015503,0.740673,0.0,-0.152635,-0.98422,0.08952,10.516992,144.462921,17.965223,0.878578,-0.420191,1.509973,83.561424,69.999374,0.0,5.263867,67.616333,138.613998,56.585892
0.660075,-0.206022,-0.722396,0.476665,0.858126,0.190812,0.580596,-0.470291,0.664631,56.565292,-0.774775,0.061341,-0.629254,211.645569,21.973745,221.352554,0.732714,0.0,-0.153727,-0.983691,0.093385,10.538994,144.332275,17.926174,-2.284796,-4.005905,-0.279417,83.569107,69.984833,0.0,5.315885,67.671913,138.594528,56.540131
0.663668,-0.205267,-0.719312,0.47419,0.859157,0.192334,0.578522,-0.468737,0.667531,56.548458,-0.773766,0.062887,-0.630342,211.118393,22.197035,222.064178,0.736198,0.0,-0.153503,-0.984018,0.090257,10.583927,144.237946,17.792578,0.053096,-0.021784,-2.560771,83.576859,69.868011,0.0,5.367877,67.645538,138.443176,56.517281
0.665264,-0.206992,-0.717341,0.475217,0.858437,0.193013,0.57584,-0.469297,0.669454,56.533401,-0.77317,0.064855,-0.630874,210.466583,21.995277,222.577271,0.745902,0.0,-0.155397,-0.983807,0.08931,10.633003,144.313843,17.75316,0.185339,-1.19037,0.667469,83.584473,69.904305,0.0,5.420039,67.64592,138.391083,56.538418
0.666109,-0.207326,-0.71646,0.47452,0.85891,0.192624,0.575439,-0.468283,0.670508,56.519615,-0.77345,0.065415,-0.630473,210.364471,22.130348,222.814163,0.754047,0.0,-0.155451,-0.98386,0.088622,10.603661,144.226929,17.724798,-0.105422,2.20655,0.503411,83.592041,69.914803,0.0,5.471991,67.630394,138.285049,56.498711
0.666017,-0.206844,-0.716685,0.473744,0.859431,0.192209,0.576184,-0.46754,0.670387,56.512234,-0.773895,0.064896,-0.62998,210.589539,22.418173,222.76236,0.760744,0.0,-0.154635,-0.983991,0.088598,10.5979,144.297989,17.71867,1.299788,-2.806913,-1.120764,83.599533,69.945084,0.0,5.524022,67.657776,138.398911,56.462105
0.665611,-0.207046,-0.717003,0.474291,0.859129,0.192209,0.576202,-0.468005,0.670047,56.513615,-0.774117,0.064028,-0.629797,210.586578,22.25596,222.709656,0.762933,0.0,-0.154159,-0.983989,0.089449,10.560118,144.21817,17.748228,1.008922,-1.018697,0.994065,83.606964,69.949226,0.0,5.576342,67.637573,138.362457,56.478958
0.665678,-0.206422,-0.717121,0.474631,0.858671,0.193417,0.575845,-0.469121,0.669573,56.51709,-0.774046,0.064356,-0.62985,210.518372,22.042854,222.655624,0.764153,0.0,-0.153989,-0.984084,0.088692,10.569348,144.319046,17.791563,-0.692584,7.023475,0.499228,83.614265,69.973434,0.0,5.628199,67.645477,138.436508,56.527954
0.665358,-0.206286,-0.717457,0.473088,0.859956,0.191477,0.577482,-0.466821,0.66977,56.523811,-0.77423,0.063614,-0.6297,210.938782,22.588493,222.705124,0.762257,0.0,-0.15359,-0.98408,0.089427,10.544299,144.237625,17.787569,0.295707,1.455603,3.113452,83.621483,70.009224,0.0,5.680342,67.647263,138.421494,56.514011
0.664193,-0.206234,-0.718551,0.474966,0.858673,0.192584,0.577283,-0.4692,0.668278,56.523212,-0.773932,0.063161,-0.630111,211.012878,22.06707,222.332962,0.754956,0.0,-0.153828,-0.983962,0.090309,10.663578,144.321976,17.75555,2.541191,2.566788,-1.921474,83.628624,69.920624,0.0,5.732069,67.75853,138.500198,56.497974
0.664058,-0.20617,-0.718694,0.476428,0.857493,0.194222,0.576232,-0.471381,0.66765,56.522552,-0.772975,0.064778,-0.631121,210.925186,21.403419,222.124527,0.754553,0.0,-0.155454,-0.983788,0.08942,10.875103,144.332672,17.622458,4.495704,1.273916,-4.23164,83.635643,69.933693,0.0,5.784158,67.919624,138.387604,56.431362
0.663029,-0.203086,-0.72052,0.475564,0.857592,0.195897,0.578128,-0.472539,0.665188,56.509113,-0.77201,0.065329,-0.632244,211.692871,21.24419,221.278976,0.769302,0.0,-0.155216,-0.983966,0.087856,11.18736,144.505844,17.318645,7.842869,4.007657,-2.676117,83.642799,70.178894,0.0,5.836149,68.204681,138.525726,56.182846
0.662534,-0.201704,-0.721362,0.473999,0.858601,0.195265,0.579977,-0.471295,0.664461,56.49091,-0.771593,0.062515,-0.633037,212.382874,21.770096,220.892654,0.789394,0.0,-0.153138,-0.984147,0.089466,11.40663,144.552841,17.054213,0.877191,2.193067,-3.39514,83.650528,70.561363,0.0,5.888283,68.422638,138.753601,55.962032
0.662493,-0.199804,-0.721929,0.474622,0.857585,0.198198,0.579514,-0.473948,0.662976,56.46888,-0.77139,0.059553,-0.633569,212.361481,21.241278,220.58606,0.797544,0.0,-0.150087,-0.98455,0.090192,11.494364,144.536819,17.071224,-0.816522,0.493636,1.490092,83.65863,70.619118,0.0,5.940349,68.502274,138.89473,56.008282
0.661965,-0.20067,-0.722173,0.476686,0.856249,0.199019,0.578423,-0.475993,0.662463,56.454647,-0.77183,0.057822,-0.633194,212.202774,20.820547,220.515793,0.792681,0.0,-0.149208,-0.984519,0.091973,11.57067,144.561569,17.136953,0.217714,-1.139801,1.190398,83.666885,70.543472,0.0,5.992321,68.600334,138.993286,56.048893
0.662668,-0.200528,-0.721568,0.476655,0.856075,0.199839,0.577642,-0.476366,0.662876,56.448292,-0.77188,0.057612,-0.633152,212.05394,20.752798,220.717606,0.799049,0.0,-0.148603,-0.984648,0.091567,11.601002,144.585037,17.212017,1.067183,3.37863,-1.047764,83.675148,70.697166,0.0,6.044336,68.631012,139.029739,56.132019
0.661897,-0.19966,-0.722516,0.474566,0.857724,0.197727,0.580241,-0.473756,0.662477,56.43819,-0.772124,0.056073,-0.632994,212.728653,21.416636,220.62233,0.807418,0.0,-0.14743,-0.984728,0.092603,11.577725,144.492966,17.216812,-0.768309,3.023661,0.716503,83.683365,70.831367,0.0,6.096362,68.646324,139.057159,56.119717
0.660706,-0.197487,-0.724201,0.474893,0.857128,0.19952,0.58133,-0.475742,0.660095,56.437065,-0.77245,0.055561,-0.63264,213.102295,20.919001,219.891937,0.80161,0.0,-0.146114,-0.98499,0.091899,11.63341,144.480545,17.100409,1.863409,3.114796,-1.735324,83.691589,70.726494,0.0,6.148414,68.735451,139.06424,55.964745
0.660908,-0.197541,-0.724001,0.475708,0.856429,0.200579,0.580433,-0.476977,0.659993,56.440624,-0.772634,0.055479,-0.632423,212.950409,20.504469,219.727829,0.797735,0.0,-0.145798,-0.985055,0.091709,11.681993,144.391129,16.953518,2.966537,-1.235933,-0.958073,83.699913,70.607147,0.0,6.20037,68.792,138.968262,55.809696
0.666237,-0.201779,-0.717923,0.475705,0.856387,0.200763,0.57431,-0.475275,0.666544,56.436592,-0.772817,0.058291,-0.631947,211.41507,20.826481,221.354324,0.806024,0.0,-0.147502,-0.985002,0.089526,11.700259,144.44754,16.893419,1.504522,9.544672,1.874854,83.707413,73.928543,0.0,6.269762,68.764526,138.878235,55.794075
0.667045,-0.202194,-0.717056,0.476009,0.856064,0.201419,0.57312,-0.47568,0.667279,56.431477,-0.772602,0.05904,-0.632139,211.145126,20.599003,221.591293,0.808129,0.0,-0.147976,-0.984991,0.088861,11.728098,144.380493,16.905424,-0.082201,-5.600138,0.369693,83.71563,73.959564,0.0,6.321975,68.776192,138.762894,55.832352
0.666638,-0.202178,-0.717439,0.4773,0.855081,0.202536,0.57252,-0.477451,0.666529,56.436005,-0.772839,0.058575,-0.631893,211.09874,20.152397,221.403503,0.81134,0.0,-0.147564,-0.985025,0.089169,11.802673,144.377197,16.905203,5.841588,1.007581,-4.937061,83.723381,73.974937,0.0,6.374643,68.865211,138.767654,55.814899
0.667242,-0.203024,-0.716638,0.477819,0.854744,0.202734,0.571383,-0.477696,0.667329,56.432495,-0.773052,0.05932,-0.631563,210.899231,20.190376,221.583023,0.811002,0.0,-0.148081,-0.984986,0.08874,11.864856,144.535614,16.877085,0.44953,-1.114753,-1.73494,83.73217,73.917427,0.0,6.42586,68.933983,138.878326,55.778889
0.666653,-0.203063,-0.717174,0.477842,0.854875,0.202129,0.57205,-0.477446,0.666937,56.434605,-0.773272,0.059427,-0.631284,211.106522,20.246811,221.481491,0.807895,0.0,-0.148322,-0.984929,0.088965,11.868448,144.548386,16.876192,-0.182125,-3.12517,-1.583824,83.740692,73.945061,0.0,6.477859,68.96109,138.884705,55.758053
0.667801,-0.203439,-0.715999,0.47769,0.854837,0.202647,0.570836,-0.477353,0.668042,56.442509,-0.773347,0.060139,-0.631124,210.767014,20.365271,221.780182,0.807069,0.0,-0.148423,-0.985,0.088009,11.818381,144.693222,16.875589,-1.773679,4.904663,0.577185,83.749321,73.997604,0.0,6.530043,68.908455,138.992371,55.765179
0.667118,-0.202224,-0.716979,0.478739,0.853775,0.204639,0.570756,-0.479764,0.666382,56.454544,-0.773645,0.059835,-0.630788,210.6577,19.908968,221.468506,0.808656,0.0,-0.147518,-0.985184,0.087475,11.692076,144.849213,16.988548,-1.582224,-4.438869,2.719464,83.75795,74.088493,0.0,6.58197,68.804596,139.147446,55.8489
0.664379,-0.205418,-0.718612,0.480756,0.853633,0.20046,0.572253,-0.478659,0.665892,56.466557,-0.774496,0.05853,-0.629865,210.82016,20.210978,221.461411,0.806682,0.0,-0.149135,-0.984538,0.091892,11.399909,144.83284,17.162334,-9.732388,1.097835,1.770007,83.766296,70.848526,0.0,6.634012,68.580566,139.186798,55.946922
0.662561,-0.20652,-0.719973,0.480289,0.854744,0.196811,0.574748,-0.476194,0.66551,56.487682,-0.775229,0.060009,-0.628823,211.250656,20.689707,221.428986,0.797662,0.0,-0.151253,-0.984153,0.092549,11.130538,144.785324,17.286446,-9.379059,-0.533572,-0.632408,83.774292,70.777588,0.0,6.686065,68.377251,139.064301,55.99342
0.662342,-0.205235,-0.720543,0.479093,0.855432,0.196739,0.575997,-0.475516,0.664915,56.516357,-0.77522,0.061258,-0.628715,211.415527,20.677145,221.439117,0.791568,0.0,-0.15157,-0.98425,0.09099,10.957698,144.673981,17.438192,-4.001966,-0.981083,3.641657,83.781731,70.611732,0.0,6.73804,68.218643,138.893661,56.136616
0.660678,-0.207675,-0.72137,0.484395,0.85207,0.198338,0.573468,-0.480466,0.663541,56.539814,-0.776913,0.058919,-0.626845,210.72023,19.478273,221.262222,0.770254,0.0,-0.15057,-0.984109,0.094118,10.8019,144.644562,17.718971,-3.84835,-1.082051,3.146331,83.788605,70.3311,0.0,6.790074,68.140259,138.935394,56.28764
0.661007,-0.203767,-0.722183,0.484321,0.850968,0.20319,0.573152,-0.484079,0.661185,56.566841,-0.77697,0.057105,-0.626942,210.727356,18.614632,220.791534,0.764531,0.0,-0.146809,-0.984855,0.092235,10.872755,144.59079,17.822254,0.331751,2.347783,-0.128052,83.795006,70.24205,0.0,6.842141,68.215034,138.979263,56.39011
0.660712,-0.201733,-0.723024,0.485566,0.849407,0.206723,0.572439,-0.48766,0.659167,56.587673,-0.776514,0.056541,-0.627558,210.579956,17.744411,220.334122,0.763508,0.0,-0.145559,-0.985123,0.091351,10.914948,144.614716,17.8228,3.22679,1.405217,-2.612609,83.801178,70.19986,0.0,6.89417,68.23436,139.008392,56.42218
0.660088,-0.203022,-0.723232,0.485575,0.849916,0.204596,0.573149,-0.486236,0.659602,56.592575,-0.775633,0.058253,-0.62849,210.964783,18.193373,220.429947,0.755459,0.0,-0.148423,-0.984644,0.091907,11.14572,144.822525,17.737415,5.078084,2.596601,-1.202442,83.807426,70.301651,0.0,6.946291,68.43206,139.112213,56.397678
0.661128,-0.202445,-0.722444,0.48327,0.851454,0.203657,0.573899,-0.483779,0.660756,56.587303,-0.774282,0.061266,-0.629868,211.377518,18.721558,220.62117,0.768043,0.0,-0.150761,-0.984504,0.089566,11.422595,144.899734,17.525881,7.457639,0.074147,-6.332031,83.814026,70.457001,0.0,6.998218,68.647255,139.038757,56.289215
0.661,-0.200498,-0.723104,0.485183,0.849308,0.208022,0.57243,-0.48834,0.658671,56.584278,-0.773411,0.058194,-0.631228,211.300583,17.695179,220.075897,0.783821,0.0,-0.148003,-0.984833,0.090546,11.748189,144.878281,17.405895,4.584975,-1.678981,-1.508414,83.82106,70.475761,0.0,7.050212,68.923668,139.156845,56.248871
0.663171,-0.201345,-0.720877,0.484797,0.849347,0.208762,0.570242,-0.487924,0.660874,56.592037,-0.773414,0.056149,-0.631409,210.892273,17.879818,220.599854,0.79277,0.0,-0.146041,-0.985058,0.091289,11.888984,144.840073,17.32769,0.420157,-2.183995,-0.544193,83.828484,70.501579,0.0,7.102253,69.047142,139.248703,56.210434
0.663311,-0.203692,-0.720089,0.481662,0.852641,0.202496,0.57273,-0.481158,0.663677,56.604996,-0.7739,0.055308,-0.630888,211.555557,19.632637,221.298935,0.791852,0.0,-0.146761,-0.984724,0.093701,11.87389,144.814484,17.334469,2.248745,4.454819,1.561146,83.835938,73.959145,0.0,7.154306,69.078773,139.329147,56.197575
0.663627,-0.203888,-0.719743,0.480139,0.853898,0.200813,0.573643,-0.478841,0.664564,56.612598,-0.773683,0.05524,-0.63116,211.710541,20.25226,221.737305,0.790962,0.0,-0.146968,-0.984667,0.093976,11.789495,144.842087,17.511965,-2.83361,0.573418,3.453061,83.84343,73.995125,0.0,7.20629,68.993942,139.383011,56.400597
0.663109,-0.200701,-0.721114,0.481771,0.85175,0.205959,0.572873,-0.483985,0.661495,56.605156,-0.774023,0.054252,-0.630829,211.24675,19.107307,221.209671,0.787781,0.0,-0.144255,-0.985229,0.092269,11.486293,144.962097,17.76795,-7.177178,2.40551,4.049325,83.850899,70.602203,0.0,7.258354,68.709145,139.528732,56.621799
0.66147,-0.2027,-0.722059,0.481725,0.852744,0.201915,0.574803,-0.481395,0.66171,56.598896,-0.776759,0.052711,-0.627589,211.471344,20.269836,221.503494,0.770344,0.0,-0.143323,-0.98514,0.094648,11.056539,145.379166,18.209583,-7.009874,9.203134,5.486884,83.858017,70.379921,0.0,7.327721,68.441162,140.056946,56.847912
0.653417,-0.196551,-0.731036,0.48304,0.851806,0.202729,0.582855,-0.485586,0.651526,56.617043,-0.778109,0.053451,-0.625851,213.606216,19.458796,219.08847,0.755514,0.0,-0.143118,-0.985251,0.093791,11.021466,145.701187,18.529213,-1.268972,6.892115,4.472841,83.864594,70.061569,0.0,7.379718,68.561234,140.298203,56.954338
0.649865,-0.194239,-0.734811,0.483474,0.851622,0.202466,0.586454,-0.486838,0.647349,56.623775,-0.778428,0.051134,-0.625648,214.662827,19.724934,218.23172,0.758014,0.0,-0.141643,-0.985281,0.095704,11.111698,146.168777,18.753788,2.783816,7.595469,5.353394,83.872009,69.932152,0.0,7.431762,68.709251,140.886475,57.123028
0.647118,-0.195185,-0.736981,0.487691,0.848998,0.203372,0.586,-0.491024,0.644592,56.610367,-0.777703,0.050697,-0.626584,214.703308,18.844412,217.704956,0.74766,0.0,-0.143447,-0.984757,0.098367,11.276862,146.386475,18.863384,4.054262,1.576841,2.092493,83.879761,69.985321,0.0,7.483799,68.849335,141.059158,57.267666
0.645647,-0.195617,-0.738155,0.490414,0.847169,0.204447,0.585349,-0.494002,0.642906,56.604275,-0.776991,0.051193,-0.627427,214.706787,18.414835,217.55954,0.737754,0.0,-0.145085,-0.984419,0.099349,11.459082,146.786072,19.08053,5.317025,11.130589,2.99518,83.887451,70.065651,0.0,7.535859,69.001434,141.382141,57.527084
0.64548,-0.195022,-0.738459,0.493501,0.844419,0.208358,0.582935,-0.498921,0.641299,56.591278,-0.776274,0.055106,-0.627983,214.315567,17.157196,217.393967,0.738578,0.0,-0.147806,-0.984314,0.096334,11.703422,147.046753,19.265667,3.856699,1.294221,2.450054,83.89476,69.836868,0.0,7.587857,69.198395,141.359711,57.74752
0.650372,-0.191801,-0.735003,0.484321,0.850119,0.206714,0.585192,-0.490419,0.645786,56.575565,-0.775823,0.057903,-0.628288,215.238358,19.017633,218.287231,0.754789,0.0,-0.14637,-0.985132,0.089951,12.069485,146.830185,18.956701,8.522132,-8.947032,-9.741913,83.902313,61.943153,0.0,7.639866,69.546349,141.114426,57.509434
0.65452,-0.185669,-0.732892,0.473938,0.856028,0.206394,0.589055,-0.482435,0.648283,56.634644,-0.775716,0.051184,-0.629004,216.542252,21.371008,218.458618,0.777637,0.0,-0.136937,-0.98661,0.088593,12.385274,146.666183,18.415129,4.748587,1.398609,-8.574866,83.910248,73.191734,0.0,7.691914,69.87468,141.491333,57.044037
