0.653167,0.089121,-0.751951,0.445135,0.758149,0.476514,0.612558,-0.645963,0.455527,56.511635,-0.748593,0.187162,-0.636066,232.456238,-6.373386,171.155807,1.875672,0.0,-0.0863,-0.978675,-0.186407,22.193245,169.106033,18.261272,-0.644263,2.360115,0.815677,84.502815,68.935455,0.635843,1.984479,78.857216,155.601913,56.932312
0.653432,0.088096,-0.751842,0.453247,0.749959,0.481796,0.606295,-0.655591,0.450118,56.511635,-0.748657,0.186151,-0.636287,230.886566,-8.811102,169.743668,1.875097,0.0,-0.086061,-0.978937,-0.185137,22.230539,169.142166,18.233446,1.553979,4.077971,0.727832,84.502815,68.986549,0.637049,2.036467,78.857986,155.578583,56.876469
0.656185,0.087332,-0.74953,0.454889,0.746735,0.485245,0.602078,-0.659363,0.45027,56.511635,-0.747181,0.188794,-0.637242,229.819138,-9.905476,169.701111,1.874739,0.0,-0.087345,-0.978383,-0.187449,22.333813,169.193451,18.071054,3.066103,-2.041445,-4.200637,84.502815,68.937485,0.636306,2.088464,78.847954,155.429855,56.795868
0.656836,0.087723,-0.748913,0.455279,0.74559,0.486638,0.601072,-0.660606,0.449792,56.511635,-0.745806,0.188973,-0.638798,229.480301,-10.318888,169.591232,1.874383,0.0,-0.087486,-0.9784,-0.187295,22.326488,169.121658,17.980701,-0.277457,-2.893808,-0.745236,84.502815,68.928482,0.636655,2.14048,78.76149,155.328156,56.805782
0.656658,0.08767,-0.749076,0.45602,0.744938,0.486943,0.600705,-0.661348,0.44919,56.511635,-0.745472,0.188707,-0.639266,229.344086,-10.589085,169.457382,1.873382,0.0,-0.087622,-0.978508,-0.186669,22.300543,169.035126,17.974396,-1.188105,-4.126858,0.181221,84.502815,68.874237,0.634632,2.19252,78.717186,155.244156,56.822849
0.655911,0.088823,-0.749594,0.453724,0.747237,0.485562,0.603254,-0.658595,0.44982,56.511635,-0.746893,0.185498,-0.638547,229.911087,-9.86068,169.626953,1.875208,0.0,-0.08438,-0.978978,-0.185696,22.138102,168.835846,18.033567,-4.447719,-1.626154,2.35306,84.502815,68.850746,0.633981,2.244574,78.645119,155.282028,56.834423
0.65655,0.093871,-0.748419,0.446492,0.751348,0.485923,0.607937,-0.653196,0.451385,56.511635,-0.748468,0.18481,-0.636899,230.97702,-8.416426,169.966614,1.873704,0.0,-0.079534,-0.978468,-0.190457,21.925734,168.772766,18.056751,-4.754984,-2.280724,-0.401234,84.502815,68.8592,0.638331,2.29659,78.53669,155.372513,56.781837
0.656507,0.096016,-0.748184,0.440553,0.756316,0.483631,0.612299,-0.647122,0.454227,56.511635,-0.749927,0.181851,-0.636034,231.929764,-6.718951,170.689117,1.872505,0.0,-0.075368,-0.9787,-0.19096,21.685566,168.674423,18.099358,-5.295129,-1.38842,0.077288,84.502815,68.935135,0.643758,2.348817,78.395546,155.547089,56.791603
0.653823,0.099209,-0.750115,0.441438,0.75515,0.484646,0.614531,-0.648002,0.44994,56.511635,-0.750021,0.179699,-0.636535,232.249649,-6.881542,169.649536,1.871054,0.0,-0.073533,-0.979074,-0.189757,21.416191,168.612656,18.146887,-3.656387,-3.87982,0.431623,84.502815,69.018242,0.650263,2.404783,78.155968,155.605042,56.827049
0.654049,0.100677,-0.749722,0.441892,0.753565,0.486694,0.613963,-0.649618,0.44838,56.511635,-0.751287,0.174808,-0.636404,231.807877,-7.070126,169.407562,1.871248,0.0,-0.068289,-0.979699,-0.188487,21.059488,168.537216,18.317394,-7.392406,3.259213,2.744883,84.502815,69.026527,0.653396,2.452721,77.856407,155.821823,56.976139
0.652052,0.100538,-0.751479,0.442505,0.754372,0.484883,0.615644,-0.648702,0.447402,56.511635,-0.753287,0.172219,-0.634744,231.993942,-6.770207,169.132385,1.875208,0.0,-0.066821,-0.980154,-0.186636,20.704021,168.440781,18.416872,-4.225213,-2.208838,0.610895,84.502815,68.998222,0.654995,2.504734,77.621162,155.892029,56.946358
0.653123,0.100742,-0.750521,0.442707,0.753296,0.486369,0.614362,-0.64992,0.447396,56.511635,-0.752794,0.173045,-0.635104,231.520599,-7.255774,169.098679,1.877884,0.0,-0.066839,-0.979935,-0.187776,20.589687,168.319672,18.352913,-1.200443,-2.071046,-2.727196,84.502815,68.902328,0.651406,2.556761,77.469131,155.711716,56.913982
0.654931,0.10085,-0.748929,0.442081,0.752644,0.487946,0.612886,-0.650659,0.448346,56.511635,-0.751704,0.173828,-0.636179,230.995987,-7.548018,169.406052,1.878714,0.0,-0.066679,-0.979728,-0.188912,20.508108,168.264023,18.333876,-3.272129,-6.598072,0.638779,84.502815,68.881081,0.648378,2.608756,77.314758,155.604797,56.983177
0.65709,0.100373,-0.7471,0.438281,0.755488,0.486978,0.613304,-0.647428,0.452432,56.511635,-0.75061,0.175152,-0.637108,230.920059,-6.753335,170.536469,1.879132,0.0,-0.067041,-0.979438,-0.19028,20.390406,168.285751,18.336374,-0.262961,2.7903,1.27494,84.502815,68.853485,0.646466,2.66085,77.133896,155.58934,57.088966
0.655516,0.096827,-0.748949,0.4402,0.756841,0.483131,0.613615,-0.646387,0.453498,56.511635,-0.750205,0.175758,-0.637418,230.904938,-6.424042,171.077164,1.881495,0.0,-0.070931,-0.979853,-0.186698,20.306471,168.413162,18.602024,-3.073202,4.879303,8.831786,84.502815,68.847176,0.642887,2.712836,77.040825,155.657608,57.362446
0.651947,0.094874,-0.752306,0.444012,0.756491,0.480182,0.614669,-0.647086,0.451067,56.511635,-0.75028,0.175157,-0.637495,231.173599,-6.435407,170.766739,1.882195,0.0,-0.074022,-0.980458,-0.182272,20.282389,168.585144,18.943899,0.036542,0.88597,6.210495,84.502815,68.804909,0.632506,2.764863,77.045189,155.821579,57.661613
0.646853,0.093178,-0.756901,0.449717,0.754962,0.477271,0.615903,-0.649115,0.446445,56.511635,-0.751046,0.172081,-0.637431,231.518112,-6.965199,169.838089,1.881347,0.0,-0.075824,-0.981531,-0.175635,20.246544,168.444458,19.254517,-0.271965,-4.748672,4.038824,84.502815,68.837662,0.626986,2.816908,77.080429,155.800568,57.891808
0.643644,0.098122,-0.759009,0.459395,0.743669,0.485708,0.61211,-0.661308,0.433582,56.511635,-0.751379,0.171068,-0.637311,230.526184,-10.378094,166.525269,1.878493,0.0,-0.074199,-0.98159,-0.176001,20.196505,168.166626,19.278612,-2.729462,-6.898909,-0.571118,84.502815,68.874283,0.625448,2.868945,77.039474,155.445053,57.804615
0.641983,0.0953,-0.760773,0.463348,0.742337,0.483989,0.610874,-0.663215,0.43241,56.511635,-0.752057,0.166819,-0.637637,230.179092,-11.137684,166.059265,1.873178,0.0,-0.07367,-0.982653,-0.170193,20.12443,167.679749,19.118641,-2.02949,-14.758151,-7.351647,84.502815,69.088692,0.630831,2.920977,77.002289,155.16362,57.632294
0.646629,0.093293,-0.757078,0.453392,0.751145,0.47981,0.613438,-0.653512,0.443414,56.511635,-0.752,0.165223,-0.638121,230.790695,-9.291743,168.55455,1.86761,0.0,-0.070491,-0.982682,-0.171367,20.104637,166.859375,18.720821,0.600524,-16.46633,-7.22676,84.502815,69.248154,0.643897,2.972977,76.971062,154.576599,57.368458
0.653742,0.090746,-0.751257,0.437629,0.76458,0.473179,0.617335,-0.638108,0.460125,56.511635,-0.751148,0.171046,-0.637589,231.732224,-6.450804,172.446213,1.867382,0.0,-0.07195,-0.981308,-0.17849,20.121746,165.973267,18.286085,2.082433,-10.080306,-9.062352,84.502815,69.201118,0.657319,3.025075,76.935295,153.555023,57.069824
0.661296,0.07689,-0.746174,0.435573,0.770492,0.465423,0.610707,-0.632795,0.476032,56.511635,-0.749984,0.171893,-0.63873,230.024887,-5.520026,176.316956,1.875754,0.0,-0.076875,-0.981751,-0.173941,20.207853,165.604218,17.967026,1.000627,-5.906671,-1.786533,84.502815,69.06308,0.6643,3.094458,76.88987,153.153488,56.951786
0.661661,0.071969,-0.746342,0.438887,0.769873,0.463329,0.607934,-0.634126,0.477808,56.511635,-0.749657,0.170574,-0.639468,229.34523,-6.0343,176.716675,1.875542,0.0,-0.078867,-0.982356,-0.16958,20.258072,165.391342,17.874184,1.097902,-4.333026,-0.834764,84.502815,69.130074,0.66513,3.146469,76.905762,152.973007,56.906204
0.658139,0.075414,-0.74911,0.43839,0.770521,0.462722,0.612101,-0.632938,0.474049,56.511635,-0.750256,0.169506,-0.639049,230.318146,-5.531651,175.808365,1.87347,0.0,-0.077939,-0.982511,-0.169107,20.11437,165.515656,17.977957,-5.304781,2.478897,5.526996,84.502815,69.090408,0.663353,3.19848,76.833702,153.177567,56.940468
0.655599,0.074819,-0.751394,0.441191,0.769609,0.461577,0.612814,-0.634117,0.471545,56.511635,-0.752538,0.16548,-0.637419,230.331665,-5.261719,175.359665,1.870062,0.0,-0.075886,-0.983257,-0.165672,19.81815,165.858612,18.302206,-4.532487,7.934265,6.378779,84.502815,68.999405,0.65868,3.250497,76.668541,153.743317,57.119625
0.653535,0.072342,-0.753432,0.450155,0.76309,0.463739,0.608484,-0.64223,0.466141,56.511635,-0.754094,0.158061,-0.637463,228.979187,-6.870459,174.341156,1.868129,0.0,-0.072539,-0.984715,-0.158352,19.490652,165.956131,18.704353,-6.606549,3.026353,7.912607,84.502815,69.022118,0.648475,3.302513,76.40168,154.168961,57.456295
0.651362,0.065134,-0.755967,0.460556,0.757845,0.462124,0.603006,-0.649175,0.463634,56.511635,-0.753452,0.153801,-0.639261,227.339172,-8.478642,173.938278,1.872854,0.0,-0.075644,-0.986077,-0.148086,19.278515,165.984192,18.870926,-2.589652,-0.245514,0.069725,84.502815,68.960869,0.635888,3.354772,76.135353,154.302048,57.682037
0.650552,0.059924,-0.757094,0.46176,0.760245,0.456952,0.602959,-0.646867,0.466908,56.511635,-0.753268,0.152777,-0.639724,227.167023,-7.965296,174.892365,1.873117,0.0,-0.078717,-0.986598,-0.142928,19.122883,165.869995,18.970198,-4.365657,-4.402374,3.833411,84.502815,68.963425,0.633069,3.406796,75.974945,154.23674,57.814972
0.651838,0.05837,-0.756109,0.463101,0.758903,0.457824,0.600537,-0.648582,0.467651,56.511635,-0.753086,0.151985,-0.640127,226.392197,-8.485681,175.192429,1.875507,0.0,-0.078357,-0.986746,-0.142099,18.985502,165.755539,19.049322,-1.570426,-4.25922,1.697611,84.502815,68.866547,0.630368,3.458668,75.807449,154.146347,57.928947
0.651422,0.055765,-0.756663,0.463231,0.760606,0.454858,0.600888,-0.646814,0.469644,56.511635,-0.752971,0.153864,-0.639813,226.457642,-8.207762,175.780685,1.880092,0.0,-0.081626,-0.98661,-0.1412,18.963755,165.700653,19.14982,0.940355,0.219281,1.746572,84.502815,68.746063,0.627759,3.510801,75.784958,153.981094,58.017456
0.648755,0.054452,-0.759047,0.465127,0.761069,0.45214,0.602307,-0.646381,0.468421,56.511635,-0.753097,0.153336,-0.639792,226.834488,-7.911234,175.621964,1.881605,0.0,-0.083717,-0.98689,-0.137981,18.95656,165.877502,19.328892,-0.361564,4.946962,3.046324,84.502815,68.671402,0.625204,3.562765,75.80587,154.16893,58.165421
0.646523,0.054911,-0.760916,0.469808,0.757184,0.453821,0.601073,-0.65089,0.463739,56.511635,-0.753405,0.15302,-0.639504,226.556274,-8.943007,174.438889,1.882352,0.0,-0.084536,-0.987015,-0.13658,18.96908,166.022018,19.384506,0.153044,4.111577,0.714714,84.502815,68.623566,0.623117,3.614853,75.837158,154.267731,58.156189
0.646283,0.052127,-0.761315,0.471672,0.756975,0.452234,0.59987,-0.651362,0.464633,56.511635,-0.753315,0.155841,-0.638929,226.353775,-8.948613,174.589996,1.884259,0.0,-0.088446,-0.9867,-0.136385,19.078289,166.327499,19.345346,2.988087,4.536568,-1.407478,84.502815,68.626892,0.624223,3.667166,75.93631,154.380524,58.083168
0.647549,0.048681,-0.760467,0.470491,0.759484,0.449248,0.599432,-0.648702,0.468899,56.511635,-0.752744,0.160037,-0.638565,226.327377,-8.335421,175.524673,1.882802,0.0,-0.09298,-0.986123,-0.137536,19.19829,166.507736,19.197111,2.115832,0.306239,-5.431883,84.502815,68.817085,0.630333,3.718831,76.019615,154.326843,57.9482
0.647816,0.047128,-0.760338,0.466603,0.764406,0.444931,0.602176,-0.64301,0.473205,56.511635,-0.750902,0.161639,-0.640327,226.987427,-7.077952,176.516068,1.882532,0.0,-0.095855,-0.985993,-0.136489,19.247463,166.387115,18.966751,0.389759,-0.431459,-3.248344,84.502815,69.039467,0.637084,3.770976,75.991776,154.156906,57.859863
0.651006,0.04521,-0.757725,0.462804,0.767587,0.443421,0.601667,-0.639348,0.478781,56.511635,-0.75061,0.161674,-0.640661,226.84993,-6.342,177.727905,1.881724,0.0,-0.09512,-0.985943,-0.137363,19.270226,166.155838,18.70372,1.359947,-8.170352,-4.86944,84.502815,69.154884,0.645368,3.822872,75.981873,153.974716,57.67358
0.655071,0.047683,-0.754061,0.459355,0.767251,0.44757,0.599896,-0.639572,0.4807,56.511635,-0.750996,0.159059,-0.640862,226.395554,-6.455885,178.037048,1.880936,0.0,-0.088947,-0.986076,-0.140507,19.271345,165.899704,18.477036,-0.587535,-3.801196,-6.090324,84.502815,69.150124,0.650993,3.87491,75.97155,153.916901,57.501358
0.656528,0.048914,-0.752714,0.456345,0.768801,0.44799,0.6006,-0.637615,0.482418,56.511635,-0.750797,0.158229,-0.641302,226.566132,-5.961569,178.391998,1.881591,0.0,-0.086781,-0.986098,-0.141702,19.278429,165.81485,18.350607,0.310178,1.88294,0.366895,84.502815,69.088486,0.651505,3.926977,75.96553,153.920471,57.425652
0.657917,0.049984,-0.75143,0.453826,0.769955,0.448565,0.600989,-0.636137,0.483883,56.511635,-0.750746,0.157338,-0.64158,226.620346,-5.596108,178.746841,1.881866,0.0,-0.084633,-0.986127,-0.1428,19.242523,165.723785,18.300121,0.141708,1.702753,0.44044,84.502815,69.048332,0.650006,3.979049,75.922356,153.915359,57.41312
0.659633,0.055484,-0.749537,0.4517,0.767806,0.454358,0.600708,-0.638275,0.481408,56.511635,-0.750697,0.157531,-0.64159,226.496796,-5.996004,178.203995,1.882512,0.0,-0.080324,-0.985714,-0.148041,19.203016,165.851395,18.370373,-0.717147,9.083086,4.810352,84.502815,68.89167,0.646057,4.031114,75.869041,154.051697,57.490807
0.658379,0.057665,-0.750474,0.454889,0.76389,0.457763,0.599677,-0.642765,0.476698,56.511635,-0.750859,0.158145,-0.64125,226.188934,-6.761569,177.30069,1.886853,0.0,-0.080139,-0.985551,-0.14922,19.146162,166.294693,18.704741,0.570956,8.658494,6.80049,84.502815,68.680641,0.634822,4.083058,75.819801,154.411789,57.768528
0.655095,0.052199,-0.753742,0.463231,0.760364,0.455263,0.596882,-0.647397,0.47393,56.511635,-0.75128,0.158601,-0.640644,225.479813,-7.745802,176.824524,1.889915,0.0,-0.085706,-0.985922,-0.143573,19.116732,166.607285,19.013269,0.482156,1.869163,2.695368,84.502815,68.622551,0.624659,4.135096,75.8116,154.589066,57.986488
0.649418,0.055,-0.75844,0.468163,0.757035,0.455765,0.599233,-0.651056,0.465883,56.511635,-0.750899,0.159473,-0.640873,226.215637,-8.55418,174.878983,1.88973,0.0,-0.088592,-0.98596,-0.141543,19.240721,166.836975,19.157612,4.433339,5.031242,1.386875,84.502815,68.671028,0.623176,4.204543,75.957947,154.698151,58.058769
0.648852,0.055924,-0.758857,0.466576,0.758567,0.454843,0.601081,-0.64919,0.466105,56.511635,-0.750008,0.163717,-0.640847,226.895767,-8.153666,174.83847,1.885951,0.0,-0.091897,-0.985278,-0.144159,19.487858,167.004181,19.057579,4.115042,3.037418,-2.379755,84.502815,68.807373,0.630427,4.256501,76.174583,154.63089,57.962585
0.650014,0.052335,-0.758118,0.464674,0.762012,0.451017,0.601299,-0.645445,0.471,56.511635,-0.748787,0.16527,-0.641875,227.216583,-7.358123,176.06044,1.880667,0.0,-0.095043,-0.985179,-0.142791,19.819439,166.931702,18.950794,6.380505,-7.209644,-2.546608,84.502815,68.987312,0.638407,4.308676,76.440819,154.487335,57.957169
0.653256,0.051786,-0.755364,0.461707,0.763449,0.451634,0.60007,-0.643789,0.474818,56.511635,-0.748203,0.166723,-0.64218,227.066803,-7.29074,176.920547,1.878857,0.0,-0.094599,-0.98483,-0.145465,20.0301,166.636185,18.785334,3.423865,-4.759609,-1.90793,84.502815,69.115875,0.644338,4.360522,76.599213,154.139542,57.859921
0.659552,0.056637,-0.749522,0.460289,0.757895,0.462308,0.594243,-0.649913,0.473802,56.511635,-0.747935,0.168154,-0.64212,225.664185,-9.034966,176.434769,1.881739,0.0,-0.088685,-0.984022,-0.15439,20.168966,166.514694,18.510265,1.409608,-2.7035,-7.598098,84.502815,68.968758,0.644549,4.412682,76.657707,153.930923,57.628819
0.664577,0.059922,-0.744814,0.457895,0.755036,0.469311,0.590483,-0.65294,0.474341,56.511635,-0.746692,0.169651,-0.643171,224.633057,-9.909076,176.323212,1.882046,0.0,-0.085032,-0.98334,-0.16066,20.191696,166.479431,18.149632,-0.552355,-0.861897,-6.161886,84.502815,68.915138,0.650467,4.464558,76.569359,153.815765,57.382126
0.664813,0.061025,-0.744513,0.454036,0.758422,0.467596,0.59319,-0.6489,0.476502,56.511635,-0.745967,0.167812,-0.644494,225.250397,-8.821022,176.857925,1.880232,0.0,-0.0833,-0.983644,-0.159704,20.151974,166.394653,18.042572,-1.111928,-5.806655,-0.867197,84.502815,68.986435,0.656589,4.516692,76.507805,153.890808,57.375008
0.664806,0.064362,-0.744238,0.449372,0.761404,0.467257,0.596739,-0.645075,0.477264,56.511635,-0.745865,0.168188,-0.644514,226.082336,-7.542289,177.155975,1.880895,0.0,-0.0816,-0.983381,-0.162184,20.077852,166.671326,18.134964,-3.338098,6.582269,4.194428,84.502815,68.94722,0.655925,4.568639,76.449852,154.210327,57.481953
0.663236,0.065711,-0.74552,0.448155,0.762929,0.465937,0.599395,-0.643134,0.476554,56.511635,-0.746618,0.167458,-0.643832,226.588364,-6.611576,177.170227,1.882768,0.0,-0.080911,-0.983473,-0.16197,19.85602,167.045578,18.38405,-5.524592,4.633894,5.067305,84.502815,68.842369,0.648301,4.620777,76.289841,154.654495,57.674316
0.660933,0.065972,-0.747539,0.452623,0.759503,0.467212,0.598582,-0.647149,0.47212,56.511635,-0.747027,0.1654,-0.64389,226.195343,-7.568565,176.33876,1.885584,0.0,-0.080577,-0.983941,-0.159269,19.640654,167.031723,18.709349,-2.054526,-3.548422,4.780149,84.502815,68.66983,0.635457,4.672858,76.100906,154.704285,57.954464
0.657405,0.069789,-0.750299,0.455667,0.756209,0.469591,0.600155,-0.650598,0.465334,56.511635,-0.745709,0.161958,-0.646287,226.565674,-8.491722,174.844101,1.886621,0.0,-0.078828,-0.984639,-0.155794,19.657631,166.821411,18.832039,1.72614,-3.317569,1.192833,84.502815,68.488777,0.623466,4.724861,76.07663,154.645813,58.161396
0.657782,0.068703,-0.750068,0.460561,0.751284,0.47271,0.595991,-0.656393,0.46254,56.511635,-0.745085,0.161879,-0.647027,225.543732,-9.972268,174.236694,1.885074,0.0,-0.079573,-0.984745,-0.154741,19.738394,166.86853,18.898302,1.312675,0.349884,1.108762,84.502815,68.391617,0.618511,4.776935,76.098824,154.618347,58.254768
0.658898,0.065728,-0.749355,0.462519,0.750218,0.472492,0.593236,-0.657915,0.463917,56.511635,-0.744937,0.161932,-0.647184,224.893356,-10.346051,174.621719,1.885199,0.0,-0.080779,-0.984851,-0.15344,19.808239,166.909805,18.917429,1.800171,1.202595,-1.237537,84.502815,68.355827,0.617545,4.828803,76.139328,154.626266,58.294434
0.658923,0.066294,-0.749283,0.461572,0.750893,0.472346,0.593946,-0.657088,0.464181,56.511635,-0.744539,0.16213,-0.647592,225.101105,-10.175014,174.709137,1.88436,0.0,-0.080769,-0.984812,-0.153696,19.854076,166.87471,18.909203,1.513445,4.083266,0.554003,84.502815,68.343727,0.617048,4.880815,76.169144,154.589874,58.315563
0.659619,0.066086,-0.748689,0.462197,0.749845,0.473398,0.592686,-0.658304,0.464067,56.511635,-0.744696,0.162115,-0.647415,224.809418,-10.593306,174.682632,1.884445,0.0,-0.080329,-0.98477,-0.15419,19.881353,166.77037,18.919004,0.465742,-3.06,0.064782,84.502815,68.346649,0.617494,4.932912,76.193253,154.476639,58.317619
0.659515,0.064943,-0.74888,0.464523,0.74805,0.473962,0.59098,-0.660457,0.463183,56.511635,-0.74504,0.161542,-0.647163,224.419724,-10.992414,174.516754,1.884528,0.0,-0.080517,-0.984916,-0.153156,19.91176,166.908264,19.001097,0.570821,1.696525,1.483911,84.502815,68.331795,0.617438,4.985015,76.231293,154.617401,58.373569
0.658007,0.064141,-0.750275,0.465851,0.748137,0.472519,0.591616,-0.660437,0.462399,56.511635,-0.745213,0.160468,-0.647231,224.61824,-10.857979,174.353134,1.88553,0.0,-0.081192,-0.985227,-0.150784,19.930716,166.988052,19.048635,-0.111132,-0.303799,0.542257,84.502815,68.391373,0.620268,5.036968,76.270416,154.746857,58.406467
0.657851,0.067162,-0.750148,0.463976,0.74843,0.473897,0.593261,-0.659804,0.461194,56.511635,-0.744597,0.161374,-0.647715,225.047638,-10.821318,173.995621,1.888038,0.0,-0.08042,-0.984957,-0.152948,19.968245,166.899414,18.964417,0.37302,-0.817618,-0.76611,84.502815,68.366417,0.621651,5.089072,76.287231,154.62468,58.351234
0.658099,0.068034,-0.749852,0.464652,0.74695,0.475567,0.592457,-0.66139,0.459955,56.511635,-0.744507,0.160921,-0.64793,224.813232,-11.255956,173.69545,1.886749,0.0,-0.079451,-0.984975,-0.153337,19.946516,166.848434,18.96686,-1.047881,-3.914556,-0.277304,84.502815,68.387917,0.622769,5.141036,76.254639,154.587692,58.361618
0.659392,0.068397,-0.748681,0.465248,0.74513,0.477835,0.590547,-0.663403,0.459511,56.511635,-0.744712,0.161453,-0.647562,224.223969,-11.770401,173.68364,1.885814,0.0,-0.078606,-0.984762,-0.155127,19.843777,166.881699,19.08239,-1.868051,2.183056,3.583051,84.502815,68.289314,0.61903,5.193036,76.144142,154.578049,58.461151
0.657069,0.066066,-0.75093,0.466444,0.746922,0.473855,0.592192,-0.661622,0.459963,56.511635,-0.744541,0.160343,-0.648034,224.566696,-11.11941,173.996887,1.88685,0.0,-0.080953,-0.985249,-0.150771,19.760887,167.030914,19.271803,-2.021325,2.267125,0.874508,84.502815,68.150909,0.613661,5.262538,76.074539,154.782349,58.661091
0.655132,0.064429,-0.752763,0.466621,0.749107,0.470217,0.594195,-0.659309,0.4607,56.511635,-0.744599,0.158409,-0.648444,225.10498,-10.480488,174.147873,1.88556,0.0,-0.081871,-0.985772,-0.146804,19.772076,166.970474,19.226206,1.015693,0.587679,-2.026582,84.502815,68.219421,0.614313,5.314476,76.110481,154.841324,58.627304
0.654984,0.062855,-0.753024,0.467812,0.748868,0.469413,0.59342,-0.659732,0.461092,56.511635,-0.743925,0.156729,-0.649624,224.86084,-10.721614,174.098907,1.884662,0.0,-0.08215,-0.986183,-0.143854,19.760214,166.757523,19.008125,-1.430832,-5.042263,-4.706086,84.502815,68.364304,0.618701,5.36677,76.060577,154.706345,58.479996
0.656047,0.061727,-0.752191,0.464641,0.752348,0.466991,0.594735,-0.655868,0.464895,56.511635,-0.744111,0.155366,-0.649739,225.076218,-10.071136,174.987381,1.880547,0.0,-0.080995,-0.986388,-0.143106,19.633984,166.308807,18.906195,-3.014271,-6.284917,-0.316068,84.502815,68.478088,0.623479,5.418546,75.946205,154.387787,58.414818
0.657076,0.062336,-0.751242,0.464675,0.751224,0.468764,0.593572,-0.657097,0.464645,56.511635,-0.743914,0.153292,-0.650456,224.620148,-10.461082,175.015594,1.881795,0.0,-0.078571,-0.986648,-0.142662,19.492182,166.109619,18.947903,-3.224538,-4.134263,3.256707,84.502815,68.398506,0.620736,5.470565,75.781761,154.306122,58.50565
0.655102,0.059995,-0.753155,0.467946,0.750415,0.466801,0.593185,-0.658238,0.463524,56.511635,-0.744984,0.148952,-0.65024,224.598801,-10.636089,174.793839,1.883133,0.0,-0.077701,-0.987493,-0.137185,19.506493,165.997147,19.052708,1.191012,-3.427636,1.028315,84.502815,68.390907,0.61987,5.52249,75.85759,154.417206,58.565079
0.653955,0.058802,-0.754245,0.467083,0.752889,0.463673,0.595127,-0.655516,0.46489,56.511635,-0.745231,0.150121,-0.649688,225.297867,-9.719749,175.106018,1.883814,0.0,-0.079871,-0.987409,-0.13654,19.688162,166.280563,19.056545,3.906688,4.134183,-1.005569,84.502815,68.420212,0.621193,5.57455,76.069618,154.650955,58.534733
0.655274,0.060555,-0.75296,0.460852,0.75774,0.462002,0.598525,-0.649741,0.46862,56.511635,-0.743325,0.160165,-0.649473,226.43956,-8.429722,175.892075,1.88322,0.0,-0.085995,-0.985736,-0.144668,20.059113,166.64325,18.868784,7.644599,11.641722,-4.629702,84.502815,68.447922,0.623581,5.626583,76.359367,154.492935,58.385452
0.657002,0.056,-0.751806,0.459128,0.761248,0.457934,0.597955,-0.646039,0.47443,56.511635,-0.741473,0.16766,-0.649698,226.618118,-7.343144,177.374802,1.884349,0.0,-0.093885,-0.984677,-0.146958,20.484587,167.232391,18.827679,9.063643,8.16161,-0.213552,84.502815,68.489868,0.626952,5.678781,76.680733,154.651169,58.411434
0.657247,0.052266,-0.751861,0.467455,0.754259,0.461063,0.591196,-0.654493,0.471302,56.511635,-0.740176,0.170795,-0.65036,225.162384,-9.332592,176.591202,1.891878,0.0,-0.099023,-0.984345,-0.145807,20.832016,167.682861,18.810204,6.146835,13.898233,-0.681179,84.502815,68.537529,0.633011,5.730673,76.919884,154.781769,58.41209
0.65623,0.045659,-0.753178,0.485884,0.738113,0.468088,0.577303,-0.673131,0.462187,56.511635,-0.739493,0.16863,-0.651701,221.88385,-13.736317,174.316452,1.896968,0.0,-0.102927,-0.985056,-0.138094,21.15336,168.10643,18.823164,6.518161,7.889403,0.103521,84.502815,68.628052,0.636652,5.782845,77.125038,155.051346,58.423084
0.660201,0.042431,-0.74989,0.499888,0.720338,0.480859,0.560577,-0.692324,0.454357,56.511635,-0.738829,0.167293,-0.652797,217.742493,-18.439335,172.224396,1.900425,0.0,-0.101771,-0.985285,-0.137317,21.3634,168.372009,18.659636,1.828168,4.307448,-5.616999,84.502815,68.620476,0.634837,5.834824,77.177658,155.161163,58.294327
0.662914,0.043811,-0.747412,0.50054,0.71646,0.485948,0.556781,-0.696251,0.453022,56.511635,-0.738026,0.167249,-0.653716,216.764175,-19.580355,171.731277,1.900756,0.0,-0.099436,-0.985176,-0.13979,21.414719,168.23999,18.430679,1.00971,-10.961678,-3.360991,84.502815,68.54641,0.634363,5.886792,77.151321,155.004822,58.135822
0.662375,0.045937,-0.747763,0.493744,0.723914,0.481835,0.56345,-0.688359,0.456822,56.511635,-0.737123,0.165953,-0.655065,218.384003,-17.926905,172.53656,1.899587,0.0,-0.098162,-0.98539,-0.139179,21.363455,167.738205,18.173454,-1.263069,-13.734509,-3.665716,84.502815,68.576263,0.638191,5.938819,77.098778,154.67926,57.98848
0.660448,0.050789,-0.749152,0.487211,0.730179,0.479025,0.571344,-0.681366,0.457501,56.511635,-0.736548,0.165121,-0.655921,220.301071,-16.491554,172.639526,1.895964,0.0,-0.09631,-0.985466,-0.139932,21.271387,167.273331,18.052408,-1.15929,-3.895314,-0.97532,84.502815,68.582878,0.639321,5.990943,77.036415,154.361023,57.921173
0.66053,0.059132,-0.748468,0.481604,0.731408,0.482804,0.575985,-0.679371,0.454639,56.511635,-0.737096,0.164622,-0.65543,221.37236,-16.114313,171.85939,1.8961,0.0,-0.090408,-0.985179,-0.145772,21.122984,167.039398,18.024277,-3.463169,-5.436822,-0.938799,84.502815,68.43251,0.63347,6.042916,76.944099,154.238144,57.858604
0.660703,0.063633,-0.747945,0.476367,0.734509,0.483292,0.580126,-0.675609,0.45498,56.511635,-0.737742,0.164793,-0.654661,222.373962,-15.086104,171.935471,1.895011,0.0,-0.087164,-0.984883,-0.149691,21.029272,167.052963,18.05023,-0.922184,1.879015,1.163409,84.502815,68.30011,0.629896,6.095006,76.907379,154.322952,57.849079
0.662051,0.066269,-0.746523,0.473788,0.734784,0.485404,0.580701,-0.675056,0.455067,56.511635,-0.738346,0.163871,-0.65421,222.484604,-14.946449,171.954865,1.895219,0.0,-0.083542,-0.984783,-0.152389,20.968685,166.961151,18.062,-1.252609,-2.248538,-1.708564,84.502815,68.192345,0.626194,6.147089,76.87381,154.323944,57.846603
0.66225,0.069427,-0.74606,0.469086,0.738016,0.485068,0.58428,-0.671202,0.456184,56.511635,-0.738083,0.164355,-0.654386,223.374924,-13.781808,172.275726,1.896262,0.0,-0.081874,-0.984527,-0.154927,20.954292,167.121796,18.075012,0.252349,5.827478,0.504483,84.502815,68.11512,0.624149,6.199029,76.86647,154.522324,57.887531
0.662214,0.069234,-0.74611,0.465688,0.742048,0.482182,0.587033,-0.666762,0.459153,56.511635,-0.737577,0.163987,-0.655049,224.042496,-12.649652,173.035797,1.898225,0.0,-0.081991,-0.984636,-0.154176,20.940666,167.069733,18.028954,0.144369,-4.088058,-2.082808,84.502815,68.121651,0.624728,6.251088,76.843948,154.541077,57.90321
0.661629,0.067308,-0.746804,0.469213,0.739704,0.482367,0.584881,-0.669558,0.457828,56.511635,-0.736888,0.160742,-0.656626,223.456116,-13.572957,172.661697,1.895398,0.0,-0.081787,-0.985383,-0.149438,20.938818,166.711609,17.90918,0.954801,-3.924358,-2.08836,84.502815,68.243332,0.627936,6.302971,76.797073,154.318878,57.86134
0.660285,0.067585,-0.747968,0.472362,0.736907,0.483573,0.583865,-0.672608,0.454643,56.511635,-0.736081,0.158372,-0.658106,223.190826,-14.641938,171.750259,1.891825,0.0,-0.081469,-0.985905,-0.146134,20.968498,166.319717,17.736568,-1.141476,-2.898265,0.863872,84.502815,68.294792,0.627581,6.372425,76.78653,154.014557,57.748363
0.660526,0.067201,-0.747789,0.469544,0.740207,0.481271,0.585861,-0.669012,0.457373,56.511635,-0.73549,0.156018,-0.659328,223.685898,-13.722542,172.348267,1.889147,0.0,-0.080169,-0.98633,-0.143967,20.982542,166.158829,17.555771,0.365337,-5.843486,-4.227954,84.502815,68.220535,0.624817,6.424557,76.78109,154.032333,57.661987
0.661232,0.068984,-0.747003,0.46983,0.738207,0.484056,0.584834,-0.671038,0.455716,56.511635,-0.733957,0.152538,-0.661845,223.418976,-14.248469,171.865967,1.885493,0.0,-0.077083,-0.986866,-0.141964,21.061197,165.956558,17.337009,3.96699,-3.715503,-4.617596,84.502815,68.162498,0.620413,6.47647,76.77169,154.014511,57.595203
0.660814,0.068869,-0.747384,0.476873,0.730429,0.488943,0.579584,-0.679508,0.449836,56.511635,-0.732221,0.152436,-0.663789,222.079849,-16.567801,170.361633,1.883954,0.0,-0.078707,-0.98704,-0.139847,21.155418,165.880112,17.228559,2.678637,-1.272206,-2.726227,84.502815,68.144608,0.617511,6.528527,76.749168,153.818924,57.565285
0.661619,0.067189,-0.746824,0.480209,0.726974,0.490825,0.575899,-0.68337,0.448715,56.511635,-0.731711,0.152374,-0.664365,221.163742,-17.575506,170.05571,1.881601,0.0,-0.079565,-0.987123,-0.138769,21.215078,165.894913,17.173193,0.20935,-6.947228,-1.559137,84.502815,68.175743,0.618895,6.580522,76.756889,153.779755,57.54039
0.662216,0.064827,-0.746504,0.483659,0.723942,0.491917,0.572315,-0.686808,0.448052,56.511635,-0.731363,0.152032,-0.664826,220.276901,-18.451466,169.906662,1.88178,0.0,-0.080697,-0.987279,-0.136997,21.269083,165.917419,17.167019,2.36508,-3.810219,-0.315666,84.502815,68.16478,0.619697,6.632571,76.768822,153.765778,57.557571
0.661388,0.065665,-0.747164,0.487196,0.719783,0.494523,0.570269,-0.691087,0.444064,56.511635,-0.731077,0.152091,-0.665127,219.791046,-19.658487,168.892395,1.882638,0.0,-0.081164,-0.987303,-0.136549,21.318363,165.845184,17.165686,0.874769,-0.739706,0.403437,84.502815,68.170486,0.61924,6.684637,76.796028,153.631638,57.543297
0.659245,0.0651,-0.749105,0.487036,0.722052,0.491362,0.57288,-0.688769,0.444303,56.511635,-0.731345,0.151678,-0.664927,220.539291,-19.057131,168.918228,1.88601,0.0,-0.08262,-0.987479,-0.134384,21.37118,165.829422,17.158789,2.244272,1.733985,-0.283383,84.502815,68.189796,0.620513,6.736738,76.88945,153.651901,57.509186
0.658334,0.066368,-0.749794,0.484382,0.725109,0.48948,0.576169,-0.685428,0.445217,56.511635,-0.731456,0.153148,-0.664468,221.451096,-18.203287,169.131638,1.888429,0.0,-0.083325,-0.987224,-0.135813,21.428444,165.887939,17.167505,1.958786,0.038863,-0.282537,84.502815,68.194977,0.622025,6.788687,76.976692,153.667984,57.493469
0.658502,0.068085,-0.749493,0.484683,0.723497,0.491564,0.575724,-0.686962,0.443424,56.511635,-0.730982,0.153011,-0.665021,221.371979,-18.590031,168.713791,1.889505,0.0,-0.082385,-0.987197,-0.136581,21.488211,165.889404,17.172308,-0.123342,2.434826,-0.414325,84.502815,68.133774,0.620241,6.840645,77.008987,153.665802,57.52512
0.659223,0.067173,-0.748942,0.485769,0.72223,0.492354,0.573981,-0.688384,0.44348,56.511635,-0.730872,0.153179,-0.665103,220.953247,-18.849405,168.77771,1.891147,0.0,-0.082655,-0.987182,-0.136529,21.526546,166.015747,17.213446,0.846198,0.007756,1.313327,84.502815,68.039276,0.616544,6.892818,77.027504,153.762939,57.575073
0.659522,0.064908,-0.748878,0.485617,0.723663,0.490396,0.573765,-0.687095,0.445751,56.511635,-0.731107,0.154177,-0.664614,220.831223,-18.35964,169.450974,1.892359,0.0,-0.084338,-0.987084,-0.136207,21.44965,166.234528,17.33349,-3.690087,2.161129,3.054702,84.502815,68.000664,0.613675,6.944704,76.959488,153.929565,57.678822
0.659515,0.065085,-0.748869,0.480265,0.729906,0.486397,0.578261,-0.680442,0.450126,56.511635,-0.733292,0.151527,-0.662814,221.90358,-16.507845,170.608215,1.891435,0.0,-0.080787,-0.987362,-0.136345,21.257214,166.15657,17.480042,-4.563354,1.177944,4.489676,84.502815,68.046196,0.61493,6.99672,76.904488,154.113068,57.739136
0.661157,0.065495,-0.747383,0.471246,0.738891,0.481629,0.583779,-0.670634,0.457659,56.511635,-0.736537,0.151655,-0.659177,223.209534,-13.949053,172.609406,1.889573,0.0,-0.077144,-0.987016,-0.140882,20.991219,166.097885,17.757843,-4.355022,-3.146291,5.432612,84.502815,68.138634,0.619904,7.048813,76.826775,154.212646,57.851429
0.664212,0.067192,-0.744518,0.464662,0.743066,0.481603,0.585586,-0.665836,0.462332,56.511635,-0.738271,0.152783,-0.656973,223.625061,-12.864109,173.763626,1.89058,0.0,-0.073554,-0.986436,-0.146746,20.871323,165.939499,17.821238,-0.178649,-1.171119,-0.979559,84.502815,68.105827,0.62017,7.101388,76.789169,154.094406,57.833729
0.66344,0.069249,-0.745018,0.460609,0.746879,0.479595,0.58965,-0.661344,0.463612,56.511635,-0.73791,0.153172,-0.657288,224.598404,-11.799852,174.084824,1.891026,0.0,-0.073237,-0.986327,-0.14763,20.815792,165.84108,17.792824,-1.854475,-3.74875,-1.326142,84.502815,68.045547,0.617728,7.153007,76.743446,154.032288,57.833912
0.662683,0.070478,-0.745577,0.458728,0.748735,0.478503,0.591963,-0.659113,0.463843,56.511635,-0.73744,0.149631,-0.658629,225.111694,-11.381474,174.032349,1.889057,0.0,-0.070738,-0.986899,-0.145007,20.75626,165.464066,17.602951,-0.599249,-8.57216,-5.677811,84.502815,68.081085,0.618474,7.20501,76.676918,153.891159,57.72353
0.66081,0.074928,-0.746804,0.457296,0.748801,0.479767,0.595156,-0.658546,0.460551,56.511635,-0.736353,0.146607,-0.660523,225.81366,-11.491854,173.103882,1.886124,0.0,-0.067722,-0.98731,-0.143643,20.685152,165.019577,17.409939,-0.533598,-3.279962,-1.4433,84.502815,68.078957,0.619297,7.256909,76.578171,153.638641,57.620743
0.658698,0.078546,-0.748296,0.454954,0.750549,0.479262,0.599277,-0.65613,0.458651,56.511635,-0.735974,0.146181,-0.66104,226.82402,-10.999022,172.565903,1.883644,0.0,-0.066761,-0.987322,-0.144005,20.646589,164.846985,17.335262,0.194245,1.271109,-0.105135,84.502815,68.070595,0.619777,7.309055,76.555077,153.525604,57.559128
0.658201,0.080225,-0.748556,0.451546,0.753534,0.477801,0.602394,-0.652496,0.459751,56.511635,-0.736411,0.146748,-0.660427,227.605957,-10.133716,172.772507,1.883218,0.0,-0.066085,-0.987126,-0.145652,20.604435,164.779343,17.295645,-1.717496,-2.710809,-0.838657,84.502815,68.072861,0.620589,7.361119,76.555595,153.479721,57.489838
0.658402,0.08083,-0.748314,0.449381,0.755348,0.476977,0.603791,-0.65032,0.460999,56.511635,-0.736616,0.146143,-0.660332,227.959534,-9.738584,172.983612,1.883551,0.0,-0.064954,-0.987148,-0.146014,20.590614,164.559296,17.189051,0.348754,-6.534125,-3.065837,84.502815,68.102371,0.621652,7.412984,76.558838,153.329346,57.388008
